1427157311.7,0.0
1427157311.715,0.0
1427157311.731,0.0
1427157311.746,0.0
1427157311.762,0.0
1427157311.778,0.0
1427157311.793,0.0
1427157311.809,0.0
1427157311.825,0.0
1427157311.84,0.0022315353
1427157311.856,-0.0045169927
1427157311.871,-0.011265522
1427157311.887,-0.011383951
1427157311.903,0.0011864507
1427157311.918,0.025910312
1427157311.934,0.050634187
1427157311.95,0.051362894
1427157311.965,-0.0014929791
1427157311.981,-0.1302426
1427157311.996,-0.35562757
1427157312.012,-0.6591247
1427157312.028,-1.0095103
1427157312.043,-1.3709826
1427157312.059,-1.7197359
1427157312.075,-2.0551105
1427157312.09,-2.39945
1427157312.106,-2.7866635
1427157312.121,-3.2399073
1427157312.137,-3.796012
1427157312.153,-4.418684
1427157312.168,-5.0592937
1427157312.184,-5.6644096
1427157312.2,-6.2021537
1427157312.215,-6.6808796
1427157312.231,-7.149598
1427157312.246,-7.6782336
1427157312.262,-8.310739
1427157312.278,-9.143657
1427157312.293,-10.089731
1427157312.309,-11.041313
1427157312.325,-11.8842125
1427157312.34,-12.564316
1427157312.356,-13.13563
1427157312.371,-13.760044
1427157312.387,-14.65232
1427157312.403,-15.962056
1427157312.418,-17.914442
1427157312.434,-20.317299
1427157312.45,-22.903854
1427157312.465,-25.37947
1427157312.481,-27.578028
1427157312.496,-29.57246
1427157312.512,-31.675173
1427157312.528,-34.3178
1427157312.543,-37.813618
1427157312.559,-42.541233
1427157312.575,-48.1463
1427157312.59,-54.104755
1427157312.606,-59.83309
1427157312.621,-64.972374
1427157312.637,-69.58293
1427157312.653,-74.14353
1427157312.668,-79.344986
1427157312.684,-85.70726
1427157312.7,-93.76193
1427157312.715,-102.99779
1427157312.731,-112.61757
1427157312.746,-121.73034
1427157312.762,-129.76602
1427157312.778,-136.75102
1427157312.793,-143.30344
1427157312.809,-150.74623
1427157312.825,-157.77356
1427157312.84,-166.64323
1427157312.856,-177.94798
1427157312.871,-191.79102
1427157312.887,-206.96808
1427157312.903,-220.56592
1427157312.918,-228.24644
1427157312.934,-225.36154
1427157312.95,-208.53198
1427157312.965,-176.87024
1427157312.981,-132.76222
1427157312.996,-80.04997
1427157313.012,-23.069275
1427157313.028,34.94339
1427157313.043,92.43695
1427157313.059,149.15695
1427157313.075,205.22772
1427157313.09,260.36963
1427157313.106,313.74133
1427157313.121,363.87396
1427157313.137,409.83353
1427157313.153,450.90775
1427157313.168,486.50244
1427157313.184,515.73865
1427157313.2,537.2274
1427157313.215,549.22
1427157313.231,549.9613
1427157313.246,538.367
1427157313.262,514.2055
1427157313.278,478.674
1427157313.293,433.87952
1427157313.309,382.45126
1427157313.325,327.02106
1427157313.34,269.84186
1427157313.356,212.63379
1427157313.371,156.6594
1427157313.387,102.95233
1427157313.403,52.373596
1427157313.418,5.9046936
1427157313.434,-35.580414
1427157313.45,-71.42584
1427157313.465,-101.35184
1427157313.481,-125.50113
1427157313.496,-144.3797
1427157313.512,-158.69403
1427157313.528,-169.15071
1427157313.543,-176.3711
1427157313.559,-180.75139
1427157313.575,-182.57419
1427157313.59,-182.06863
1427157313.606,-179.5066
1427157313.621,-175.23325
1427157313.637,-169.65286
1427157313.653,-163.17691
1427157313.668,-156.14568
1427157313.684,-148.80681
1427157313.7,-141.29686
1427157313.715,-133.68983
1427157313.731,-126.01962
1427157313.746,-118.33268
1427157313.762,-110.68864
1427157313.778,-103.15572
1427157313.793,-95.80455
1427157313.809,-88.684166
1427157313.825,-81.82744
1427157313.84,-75.24594
1427157313.856,-68.9526
1427157313.872,-62.949085
1427157313.887,-57.247494
1427157313.903,-51.857185
1427157313.918,-46.78282
1427157313.934,-42.027756
1427157313.95,-37.585197
1427157313.965,-33.451725
1427157313.981,-29.613811
1427157313.996,-26.071096
1427157314.012,-22.809328
1427157314.028,-19.826063
1427157314.043,-17.11475
1427157314.059,-14.667344
1427157314.075,-12.478532
1427157314.09,-10.53556
1427157314.106,-8.830025
1427157314.122,-7.347161
1427157314.137,-6.0747495
1427157314.153,-4.990812
1427157314.168,-4.070345
1427157314.184,-3.285714
1427157314.2,-2.6136158
1427157314.215,-2.0322766
1427157314.231,-1.5288393
1427157314.247,-1.1055052
1427157314.262,-0.76336634
1427157314.278,-0.5037758
1427157314.293,-0.31576693
1427157314.309,-0.18434244
1427157314.325,-0.08489591
1427157314.34,0.00815928
1427157314.356,0.10429597
1427157314.372,0.21042943
1427157314.387,0.31275353
1427157314.403,0.39407003
1427157314.418,0.43747115
1427157314.434,0.4423676
1427157314.45,0.43143946
1427157314.465,0.43170917
1427157314.481,0.4752708
1427157314.497,0.5774344
1427157314.512,0.7271877
1427157314.528,0.8915814
1427157314.543,1.0190611
1427157314.559,1.0784932
1427157314.575,1.0598173
1427157314.59,1.016233
1427157314.606,1.0169203
1427157314.622,1.1409123
1427157314.637,1.4207275
1427157314.653,1.8343258
1427157314.668,2.2840114
1427157314.684,2.648623
1427157314.7,2.8316178
1427157314.715,2.825651
1427157314.731,2.7245905
1427157314.747,2.698391
1427157314.762,2.911877
1427157314.778,3.453016
1427157314.793,4.26997
1427157314.809,5.178668
1427157314.825,5.9416423
1427157314.84,6.3671227
1427157314.856,6.420306
1427157314.872,6.255327
1427157314.887,6.1531944
1427157314.903,6.406375
1427157314.918,7.1636686
1427157314.934,8.374354
1427157314.95,9.763664
1427157314.965,11.00708
1427157314.981,11.802927
1427157314.997,12.057805
1427157315.012,11.891475
1427157315.028,11.58261
1427157315.043,11.473801
1427157315.059,11.919842
1427157315.075,13.215372
1427157315.09,15.453009
1427157315.106,18.345932
1427157315.122,21.105051
1427157315.137,22.495832
1427157315.153,21.187193
1427157315.168,16.310654
1427157315.184,7.9200363
1427157315.2,-2.832487
1427157315.215,-13.982759
1427157315.231,-23.464796
1427157315.247,-29.800318
1427157315.262,-32.57814
1427157315.278,-32.37095
1427157315.293,-30.32575
1427157315.309,-27.586834
1427157315.325,-24.932358
1427157315.34,-22.654106
1427157315.356,-20.732218
1427157315.372,-19.080181
1427157315.387,-17.636759
1427157315.403,-16.359818
1427157315.418,-15.144125
1427157315.434,-13.775068
1427157315.45,-12.055908
1427157315.465,-9.859287
1427157315.481,-7.4166393
1427157315.497,-5.1692924
1427157315.512,-3.6412659
1427157315.528,-3.0869522
1427157315.543,-3.4166203
1427157315.559,-4.1127205
1427157315.575,-4.56654
1427157315.59,-4.305277
1427157315.606,-3.2436829
1427157315.622,-1.6117249
1427157315.637,0.1580391
1427157315.653,1.6787567
1427157315.668,2.779768
1427157315.684,3.4686966
1427157315.7,3.8892555
1427157315.715,4.203583
1427157315.731,4.5286407
1427157315.747,4.9464645
1427157315.762,5.5023804
1427157315.778,6.169716
1427157315.793,6.8573074
1427157315.809,7.459034
1427157315.825,7.8581047
1427157315.84,8.051773
1427157315.856,8.140736
1427157315.872,8.294979
1427157315.887,8.6361885
1427157315.903,9.1847725
1427157315.918,9.814381
1427157315.934,10.308586
1427157315.95,10.525951
1427157315.965,10.459267
1427157315.981,10.260189
1427157315.997,10.183338
1427157316.012,10.404861
1427157316.028,11.024147
1427157316.043,11.948059
1427157316.059,12.892208
1427157316.075,13.363857
1427157316.09,12.731735
1427157316.106,10.382446
1427157316.122,6.057457
1427157316.137,0.05576706
1427157316.153,-6.696434
1427157316.168,-12.937157
1427157316.184,-17.538204
1427157316.2,-19.987045
1427157316.215,-20.550198
1427157316.231,-20.087646
1427157316.247,-19.53273
1427157316.262,-19.481339
1427157316.278,-19.956985
1427157316.293,-20.596382
1427157316.309,-20.954582
1427157316.325,-20.86573
1427157316.34,-20.427162
1427157316.356,-19.971783
1427157316.372,-19.76099
1427157316.387,-19.876614
1427157316.403,-20.194725
1427157316.418,-20.492577
1427157316.434,-20.611526
1427157316.45,-20.540588
1427157316.465,-20.369198
1427157316.481,-20.239819
1427157316.497,-20.162827
1427157316.512,-20.022182
1427157316.528,-19.539942
1427157316.543,-18.436968
1427157316.559,-16.512606
1427157316.575,-13.818855
1427157316.59,-10.528305
1427157316.606,-7.0163155
1427157316.622,-3.4483051
1427157316.637,0.032066345
1427157316.653,3.393301
1427157316.668,6.638933
1427157316.684,9.732681
1427157316.7,12.597374
1427157316.715,15.077902
1427157316.731,17.048723
1427157316.747,18.462019
1427157316.762,19.36758
1427157316.778,19.88646
1427157316.794,20.146643
1427157316.809,20.226852
1427157316.825,20.136211
1427157316.84,19.833591
1427157316.856,19.243286
1427157316.872,18.35881
1427157316.887,17.231827
1427157316.903,16.069191
1427157316.919,15.047018
1427157316.934,14.370724
1427157316.95,14.153111
1427157316.965,14.412679
1427157316.981,14.960068
1427157316.997,15.407427
1427157317.012,15.2009735
1427157317.028,13.714851
1427157317.044,10.538356
1427157317.059,5.727768
1427157317.075,-0.08027482
1427157317.09,-5.83679
1427157317.106,-10.427262
1427157317.122,-13.085226
1427157317.137,-13.6931
1427157317.153,-12.745995
1427157317.169,-11.06414
1427157317.184,-9.429067
1427157317.2,-8.243199
1427157317.215,-7.5062284
1427157317.231,-7.0209665
1427157317.247,-6.546801
1427157317.262,-6.013813
1427157317.278,-5.4834538
1427157317.294,-5.07333
1427157317.309,-4.8972244
1427157317.325,-4.995541
1427157317.34,-5.2666135
1427157317.356,-5.6121807
1427157317.372,-5.9257593
1427157317.387,-6.135425
1427157317.403,-6.244701
1427157317.419,-6.3195114
1427157317.434,-6.4459634
1427157317.45,-6.69737
1427157317.465,-7.028591
1427157317.481,-7.262292
1427157317.497,-7.201638
1427157317.512,-6.717078
1427157317.528,-5.8082695
1427157317.544,-4.659981
1427157317.559,-3.499998
1427157317.575,-2.5116796
1427157317.59,-1.6501818
1427157317.606,-1.0702906
1427157317.622,-0.5589962
1427157317.637,0.1474762
1427157317.653,1.2800999
1427157317.669,2.935192
1427157317.684,5.1117477
1427157317.7,7.681097
1427157317.715,10.454197
1427157317.731,13.173909
1427157317.747,15.612843
1427157317.762,17.688684
1427157317.778,19.474075
1427157317.794,21.230896
1427157317.809,23.394917
1427157317.825,26.388876
1427157317.84,30.502182
1427157317.856,35.641556
1427157317.872,41.222218
1427157317.887,46.182156
1427157317.903,49.294727
1427157317.919,49.412502
1427157317.934,45.92881
1427157317.95,38.999825
1427157317.965,29.552353
1427157317.981,19.002346
1427157317.997,8.761586
1427157318.012,-0.18112946
1427157318.028,-7.4652452
1427157318.044,-13.241869
1427157318.059,-17.923859
1427157318.075,-21.873028
1427157318.09,-25.211727
1427157318.106,-27.880322
1427157318.122,-29.718468
1427157318.137,-30.665731
1427157318.153,-30.801422
1427157318.169,-30.369589
1427157318.184,-29.668007
1427157318.2,-29.00567
1427157318.215,-28.574635
1427157318.231,-28.40937
1427157318.247,-28.407173
1427157318.262,-28.399862
1427157318.278,-28.25753
1427157318.294,-27.966534
1427157318.309,-27.596462
1427157318.325,-27.264458
1427157318.34,-26.998764
1427157318.356,-26.747168
1427157318.372,-26.35194
1427157318.387,-25.666515
1427157318.403,-24.57963
1427157318.419,-23.03887
1427157318.434,-20.990963
1427157318.45,-18.419128
1427157318.465,-15.308125
1427157318.481,-11.736685
1427157318.497,-7.87158
1427157318.512,-3.959217
1427157318.528,-0.17520332
1427157318.544,3.4367466
1427157318.559,6.9681816
1427157318.575,10.514753
1427157318.59,14.068142
1427157318.606,17.383455
1427157318.622,20.073198
1427157318.637,21.786242
1427157318.653,22.463718
1427157318.669,22.420374
1427157318.684,22.325266
1427157318.7,22.943356
1427157318.715,24.93122
1427157318.731,28.610428
1427157318.747,33.87063
1427157318.762,40.13334
1427157318.778,46.41919
1427157318.794,51.45802
1427157318.809,53.997276
1427157318.825,53.124977
1427157318.84,48.64344
1427157318.856,41.154106
1427157318.872,31.979275
1427157318.887,22.639606
1427157318.903,14.40955
1427157318.919,7.8777447
1427157318.934,2.9762554
1427157318.95,-0.86468124
1427157318.965,-4.311695
1427157318.981,-7.833763
1427157318.997,-11.601898
1427157319.012,-15.571472
1427157319.028,-19.612286
1427157319.044,-23.635433
1427157319.059,-27.579136
1427157319.075,-31.442799
1427157319.09,-35.204166
1427157319.106,-38.710346
1427157319.122,-41.767128
1427157319.137,-44.12808
1427157319.153,-45.57874
1427157319.169,-46.0785
1427157319.184,-45.721844
1427157319.2,-44.741398
1427157319.215,-43.360886
1427157319.231,-41.675587
1427157319.247,-39.59953
1427157319.262,-36.92383
1427157319.278,-33.449387
1427157319.294,-29.149395
1427157319.309,-24.226906
1427157319.325,-19.089268
1427157319.34,-14.182953
1427157319.356,-9.836079
1427157319.372,-6.137539
1427157319.387,-2.9199524
1427157319.403,0.1457138
1427157319.419,3.3577347
1427157319.434,6.906502
1427157319.45,10.752773
1427157319.466,14.6893425
1427157319.481,18.433403
1427157319.497,21.771275
1427157319.512,24.629738
1427157319.528,27.123772
1427157319.544,29.50827
1427157319.559,32.150394
1427157319.575,35.428238
1427157319.591,39.660954
1427157319.606,44.999626
1427157319.622,51.22599
1427157319.637,57.63173
1427157319.653,63.053307
1427157319.669,66.08955
1427157319.684,65.61099
1427157319.7,61.11729
1427157319.716,53.07108
1427157319.731,42.73654
1427157319.747,31.775116
1427157319.762,21.647617
1427157319.778,13.23539
1427157319.794,6.671009
1427157319.809,1.5500412
1427157319.825,-2.7147598
1427157319.841,-6.575077
1427157319.856,-10.189491
1427157319.872,-13.441978
1427157319.887,-16.117302
1427157319.903,-18.06157
1427157319.919,-19.2905
1427157319.934,-20.001049
1427157319.95,-20.497822
1427157319.966,-21.037739
1427157319.981,-21.751156
1427157319.997,-22.54715
1427157320.012,-23.226334
1427157320.028,-23.577671
1427157320.044,-23.54203
1427157320.059,-23.21156
1427157320.075,-22.798038
1427157320.091,-22.41668
1427157320.106,-22.00127
1427157320.122,-21.285221
1427157320.137,-19.943882
1427157320.153,-17.743877
1427157320.169,-14.703571
1427157320.184,-11.058704
1427157320.2,-7.1715736
1427157320.216,-3.355873
1427157320.231,0.20700455
1427157320.247,3.5038452
1427157320.262,6.618244
1427157320.278,9.691277
1427157320.294,12.920872
1427157320.309,16.536575
1427157320.325,20.815285
1427157320.341,25.965752
1427157320.356,31.918953
1427157320.372,38.21071
1427157320.387,43.925636
1427157320.403,47.869225
1427157320.419,48.9494
1427157320.434,46.54201
1427157320.45,40.761677
1427157320.466,32.469303
1427157320.481,22.940731
1427157320.497,13.484386
1427157320.512,5.057667
1427157320.528,-1.9151192
1427157320.544,-7.541363
1427157320.559,-12.187672
1427157320.575,-16.293785
1427157320.591,-20.113548
1427157320.606,-23.676033
1427157320.622,-26.788673
1427157320.637,-29.18433
1427157320.653,-30.67704
1427157320.669,-31.299984
1427157320.684,-31.266396
1427157320.7,-30.917389
1427157320.716,-30.559956
1427157320.731,-30.300041
1427157320.747,-30.04216
1427157320.762,-29.569263
1427157320.778,-28.679714
1427157320.794,-27.321136
1427157320.809,-25.584293
1427157320.825,-23.613056
1427157320.841,-21.508076
1427157320.856,-19.287582
1427157320.872,-16.893276
1427157320.887,-14.27615
1427157320.903,-11.381432
1427157320.919,-8.178104
1427157320.934,-4.6366844
1427157320.95,-0.7451668
1427157320.966,3.4648628
1427157320.981,7.8802414
1427157320.997,12.337828
1427157321.012,16.675959
1427157321.028,20.797003
1427157321.044,24.725271
1427157321.059,28.5789
1427157321.075,32.516354
1427157321.091,36.755283
1427157321.106,41.48822
1427157321.122,46.761185
1427157321.137,52.32927
1427157321.153,57.558105
1427157321.169,61.38005
1427157321.184,62.595295
1427157321.2,60.25959
1427157321.216,54.09436
1427157321.231,44.66057
1427157321.247,33.223045
1427157321.262,21.320784
1427157321.278,10.288017
1427157321.294,0.88591766
1427157321.309,-6.734104
1427157321.325,-12.875826
1427157321.341,-18.000732
1427157321.356,-22.485626
1427157321.372,-26.450089
1427157321.387,-29.84983
1427157321.403,-32.546906
1427157321.419,-34.44226
1427157321.434,-35.587486
1427157321.45,-36.179714
1427157321.466,-36.48504
1427157321.481,-36.74793
1427157321.497,-37.08844
1427157321.512,-37.474747
1427157321.528,-37.78576
1427157321.544,-37.92546
1427157321.559,-37.85794
1427157321.575,-37.65164
1427157321.591,-37.39983
1427157321.606,-37.08796
1427157321.622,-36.585403
1427157321.637,-35.679882
1427157321.653,-34.19942
1427157321.669,-32.112015
1427157321.684,-29.535877
1427157321.7,-26.685999
1427157321.716,-23.74382
1427157321.731,-20.793724
1427157321.747,-17.813477
1427157321.762,-14.754845
1427157321.778,-11.588789
1427157321.794,-8.3831005
1427157321.809,-5.1997166
1427157321.825,-2.0786667
1427157321.841,1.0096645
1427157321.856,4.1321735
1427157321.872,7.374666
1427157321.887,10.733904
1427157321.903,14.158905
1427157321.919,17.55792
1427157321.934,20.850594
1427157321.95,24.015833
1427157321.966,27.090769
1427157321.981,30.169098
1427157321.997,33.444435
1427157322.012,37.165863
1427157322.028,41.605705
1427157322.044,46.83973
1427157322.059,52.648937
1427157322.075,58.291786
1427157322.091,62.60676
1427157322.106,64.28381
1427157322.122,62.314255
1427157322.138,56.428596
1427157322.153,47.232548
1427157322.169,36.017174
1427157322.184,24.3083
1427157322.2,13.375517
1427157322.216,3.926178
1427157322.231,-3.91782
1427157322.247,-10.407291
1427157322.262,-15.902796
1427157322.278,-20.682169
1427157322.294,-24.922384
1427157322.309,-28.737103
1427157322.325,-32.236702
1427157322.341,-35.51686
1427157322.356,-38.64258
1427157322.372,-41.56459
1427157322.388,-44.13485
1427157322.403,-46.166496
1427157322.419,-47.470245
1427157322.434,-47.92806
1427157322.45,-47.468624
1427157322.466,-46.122852
1427157322.481,-43.98713
1427157322.497,-41.228302
1427157322.513,-38.032265
1427157322.528,-34.525444
1427157322.544,-30.79593
1427157322.559,-26.825048
1427157322.575,-22.615646
1427157322.591,-18.200848
1427157322.606,-13.726395
1427157322.622,-9.400024
1427157322.638,-5.461094
1427157322.653,-2.0545006
1427157322.669,0.7534294
1427157322.684,3.0479965
1427157322.7,4.932335
1427157322.716,6.5037384
1427157322.731,7.83902
1427157322.747,9.024971
1427157322.763,10.169655
1427157322.778,11.426376
1427157322.794,12.940834
1427157322.809,14.797188
1427157322.825,16.981003
1427157322.841,19.399178
1427157322.856,21.91655
1427157322.872,24.462318
1427157322.888,27.046982
1427157322.903,29.806087
1427157322.919,32.97778
1427157322.934,36.862453
1427157322.95,41.714287
1427157322.966,47.6141
1427157322.981,54.289627
1427157322.997,60.997814
1427157323.013,66.5131
1427157323.028,69.43154
1427157323.044,68.56383
1427157323.059,63.453888
1427157323.075,54.609947
1427157323.091,43.444294
1427157323.106,31.746052
1427157323.122,21.131863
1427157323.138,12.516846
1427157323.153,5.9944534
1427157323.169,1.0221558
1427157323.184,-3.1520462
1427157323.2,-7.1104927
1427157323.216,-11.061268
1427157323.231,-14.858158
1427157323.247,-18.19431
1427157323.263,-20.83554
1427157323.278,-22.721737
1427157323.294,-24.041843
1427157323.309,-25.083103
1427157323.325,-26.104301
1427157323.341,-27.188778
1427157323.356,-28.174969
1427157323.372,-28.749367
1427157323.388,-28.645397
1427157323.403,-27.75022
1427157323.419,-26.192678
1427157323.434,-24.217426
1427157323.45,-22.071632
1427157323.466,-19.857609
1427157323.481,-17.553751
1427157323.497,-15.05303
1427157323.513,-12.307201
1427157323.528,-9.3316765
1427157323.544,-6.2119236
1427157323.559,-3.0384789
1427157323.575,0.11017895
1427157323.591,3.2049437
1427157323.606,6.2243986
1427157323.622,9.1945
1427157323.638,12.185184
1427157323.653,15.382095
1427157323.669,19.0252
1427157323.684,23.388523
1427157323.7,28.61847
1427157323.716,34.687805
1427157323.731,41.30133
1427157323.747,47.86046
1427157323.763,53.510345
1427157323.778,57.25147
1427157323.794,58.182285
1427157323.809,55.780167
1427157323.825,50.10383
1427157323.841,41.83735
1427157323.856,32.064636
1427157323.872,21.92714
1427157323.888,12.29179
1427157323.903,3.579647
1427157323.919,-4.2217426
1427157323.934,-11.331215
1427157323.95,-17.924503
1427157323.966,-24.018248
1427157323.981,-29.461218
1427157323.997,-34.052696
1427157324.013,-37.66857
1427157324.028,-40.387024
1427157324.044,-42.422806
1427157324.059,-44.058548
1427157324.075,-45.507732
1427157324.091,-46.822323
1427157324.106,-47.900383
1427157324.122,-48.566635
1427157324.138,-48.721237
1427157324.153,-48.365307
1427157324.169,-47.613895
1427157324.184,-46.543438
1427157324.2,-45.138306
1427157324.216,-43.228313
1427157324.231,-40.58765
1427157324.247,-37.12614
1427157324.263,-32.93993
1427157324.278,-28.345036
1427157324.294,-23.647686
1427157324.309,-19.038052
1427157324.325,-14.451069
1427157324.341,-9.651802
1427157324.356,-4.4094353
1427157324.372,1.3071594
1427157324.388,7.264366
1427157324.403,13.024105
1427157324.419,18.142681
1427157324.434,22.344284
1427157324.45,25.649757
1427157324.466,28.383583
1427157324.481,31.091293
1427157324.497,34.41733
1427157324.513,38.905426
1427157324.528,44.79695
1427157324.544,51.73582
1427157324.559,58.76322
1427157324.575,64.37654
1427157324.591,66.986694
1427157324.606,65.47345
1427157324.622,59.624252
1427157324.638,50.29984
1427157324.653,39.11798
1427157324.669,27.845589
1427157324.684,17.780014
1427157324.7,9.39426
1427157324.716,2.3937569
1427157324.731,-3.8976707
1427157324.747,-10.075981
1427157324.763,-16.34124
1427157324.778,-22.433697
1427157324.794,-27.911686
1427157324.81,-32.362663
1427157324.825,-35.656567
1427157324.841,-37.915424
1427157324.856,-39.44787
1427157324.872,-40.538437
1427157324.888,-41.371998
1427157324.903,-42.0342
1427157324.919,-42.56554
1427157324.934,-43.051945
1427157324.95,-43.612835
1427157324.966,-44.326134
1427157324.981,-45.118885
1427157324.997,-45.760098
1427157325.013,-45.928665
1427157325.028,-45.259113
1427157325.044,-43.55003
1427157325.06,-40.822624
1427157325.075,-37.341496
1427157325.091,-33.53153
1427157325.106,-29.832775
1427157325.122,-26.540844
1427157325.138,-23.724148
1427157325.153,-21.218353
1427157325.169,-18.770786
1427157325.185,-16.170399
1427157325.2,-13.384274
1427157325.216,-10.510708
1427157325.231,-7.6853867
1427157325.247,-4.9329796
1427157325.263,-2.113224
1427157325.278,1.0671959
1427157325.294,4.815628
1427157325.31,9.169132
1427157325.325,13.890125
1427157325.341,18.592972
1427157325.356,22.89793
1427157325.372,26.632488
1427157325.388,29.87527
1427157325.403,32.92789
1427157325.419,36.269203
1427157325.435,40.40756
1427157325.45,45.750378
1427157325.466,52.363586
1427157325.481,59.83922
1427157325.497,67.20627
1427157325.513,73.0311
1427157325.528,75.82907
1427157325.544,74.530235
1427157325.56,68.92436
1427157325.575,59.725586
1427157325.591,48.353134
1427157325.606,36.413044
1427157325.622,25.174397
1427157325.638,15.265163
1427157325.653,6.727333
1427157325.669,-0.6948929
1427157325.685,-7.247654
1427157325.7,-12.987526
1427157325.716,-17.783688
1427157325.731,-21.51853
1427157325.747,-24.238651
1427157325.763,-26.205967
1427157325.778,-27.774906
1427157325.794,-29.27295
1427157325.81,-30.841087
1427157325.825,-32.438004
1427157325.841,-33.87424
1427157325.856,-34.958595
1427157325.872,-35.59827
1427157325.888,-35.834827
1427157325.903,-35.810745
1427157325.919,-35.717644
1427157325.935,-35.69003
1427157325.95,-35.722702
1427157325.966,-35.62571
1427157325.981,-35.09048
1427157325.997,-33.762077
1427157326.013,-31.41129
1427157326.028,-28.068531
1427157326.044,-24.030418
1427157326.06,-19.79283
1427157326.075,-15.849768
1427157326.091,-12.53791
1427157326.106,-9.85701
1427157326.122,-7.5488777
1427157326.138,-5.1977673
1427157326.153,-2.4565887
1427157326.169,0.8320122
1427157326.185,4.5735016
1427157326.2,8.489172
1427157326.216,12.24048
1427157326.231,15.569174
1427157326.247,18.45597
1427157326.263,21.097166
1427157326.278,23.89187
1427157326.294,27.302893
1427157326.31,31.747883
1427157326.325,37.415207
1427157326.341,44.1836
1427157326.356,51.533524
1427157326.372,58.522926
1427157326.388,63.93259
1427157326.403,66.557274
1427157326.419,65.549484
1427157326.435,60.741203
1427157326.45,52.6974
1427157326.466,42.55085
1427157326.481,31.596487
1427157326.497,20.916449
1427157326.513,11.12628
1427157326.528,2.3812332
1427157326.544,-5.4446774
1427157326.56,-12.504299
1427157326.575,-18.805334
1427157326.591,-24.213009
1427157326.606,-28.54132
1427157326.622,-31.708834
1427157326.638,-33.794888
1427157326.653,-35.04854
1427157326.669,-35.81468
1427157326.685,-36.409348
1427157326.7,-37.014355
1427157326.716,-37.63963
1427157326.731,-38.194305
1427157326.747,-38.542255
1427157326.763,-38.623016
1427157326.778,-38.484306
1427157326.794,-38.22763
1427157326.81,-37.9305
1427157326.825,-37.570724
1427157326.841,-37.051445
1427157326.856,-36.21101
1427157326.872,-34.906487
1427157326.888,-33.081978
1427157326.903,-30.780539
1427157326.919,-28.119469
1427157326.935,-25.25674
1427157326.95,-22.327751
1427157326.966,-19.37598
1427157326.981,-16.405903
1427157326.997,-13.397589
1427157327.013,-10.361321
1427157327.028,-7.3264236
1427157327.044,-4.318921
1427157327.06,-1.3244781
1427157327.075,1.7535505
1427157327.091,5.019198
1427157327.106,8.551892
1427157327.122,12.315989
1427157327.138,16.165964
1427157327.153,19.921486
1427157327.169,23.479137
1427157327.185,26.868515
1427157327.2,30.268179
1427157327.216,33.989937
1427157327.231,38.343765
1427157327.247,43.586414
1427157327.263,49.75635
1427157327.278,56.55271
1427157327.294,63.23886
1427157327.31,68.63343
1427157327.325,71.42889
1427157327.341,70.55297
1427157327.356,65.61094
1427157327.372,57.06751
1427157327.388,46.16203
1427157327.403,34.449623
1427157327.419,23.3196
1427157327.435,13.597546
1427157327.45,5.416053
1427157327.466,-1.5396185
1427157327.481,-7.6984196
1427157327.497,-13.301823
1427157327.513,-18.342655
1427157327.528,-22.62666
1427157327.544,-25.9909
1427157327.56,-28.434994
1427157327.575,-30.154224
1427157327.591,-31.40445
1427157327.606,-32.430466
1427157327.622,-33.3715
1427157327.638,-34.25841
1427157327.653,-35.078835
1427157327.669,-35.836357
1427157327.685,-36.551277
1427157327.7,-37.24593
1427157327.716,-37.852085
1427157327.732,-38.2333
1427157327.747,-38.169144
1427157327.763,-37.50202
1427157327.778,-36.16095
1427157327.794,-34.22379
1427157327.81,-31.80669
1427157327.825,-29.041351
1427157327.841,-25.997082
1427157327.857,-22.718483
1427157327.872,-19.276533
1427157327.888,-15.792139
1427157327.903,-12.408604
1427157327.919,-9.254179
1427157327.935,-6.353155
1427157327.95,-3.6089191
1427157327.966,-0.80955505
1427157327.982,2.2918148
1427157327.997,5.8785343
1427157328.013,9.944092
1427157328.028,14.305941
1427157328.044,18.640368
1427157328.06,22.63287
1427157328.075,26.084148
1427157328.091,29.05371
1427157328.107,31.805157
1427157328.122,34.734875
1427157328.138,38.208965
1427157328.153,42.463852
1427157328.169,47.520565
1427157328.185,53.1248
1427157328.2,58.70939
1427157328.216,63.38419
1427157328.232,66.053986
1427157328.247,65.69563
1427157328.263,61.700974
1427157328.278,54.227783
1427157328.294,44.187008
1427157328.31,33.005753
1427157328.325,22.133919
1427157328.341,12.609478
1427157328.357,4.796852
1427157328.372,-1.483326
1427157328.388,-6.672142
1427157328.403,-11.135517
1427157328.419,-15.0120735
1427157328.435,-18.24039
1427157328.45,-20.730576
1427157328.466,-22.524364
1427157328.482,-23.81194
1427157328.497,-24.855927
1427157328.513,-25.885365
1427157328.528,-26.93478
1427157328.544,-27.908024
1427157328.56,-28.627342
1427157328.575,-29.030586
1427157328.591,-29.220459
1427157328.607,-29.464767
1427157328.622,-30.031979
1427157328.638,-31.047241
1427157328.653,-32.365086
1427157328.669,-33.584225
1427157328.685,-34.201405
1427157328.7,-33.796085
1427157328.716,-32.183
1427157328.732,-29.48423
1427157328.747,-26.074028
1427157328.763,-22.453503
1427157328.778,-19.058582
1427157328.794,-16.096268
1427157328.81,-13.488926
1427157328.825,-10.888321
1427157328.841,-7.8544235
1427157328.857,-4.060646
1427157328.872,0.532547
1427157328.888,5.638054
1427157328.903,10.766041
1427157328.919,15.446014
1427157328.935,19.428108
1427157328.95,22.783077
1427157328.966,25.850044
1427157328.982,29.095371
1427157328.997,32.966595
1427157329.013,37.731155
1427157329.028,43.407948
1427157329.044,49.63004
1427157329.06,55.641068
1427157329.075,60.35215
1427157329.091,62.612175
1427157329.107,61.532017
1427157329.122,56.84909
1427157329.138,49.058704
1427157329.153,39.26866
1427157329.169,28.816273
1427157329.185,18.816189
1427157329.2,9.870453
1427157329.216,2.0636177
1427157329.232,-4.8251266
1427157329.247,-11.071045
1427157329.263,-16.764614
1427157329.278,-21.778385
1427157329.294,-25.881931
1427157329.31,-28.894684
1427157329.325,-30.81697
1427157329.341,-31.850395
1427157329.357,-32.327324
1427157329.372,-32.57867
1427157329.388,-32.829
1427157329.403,-33.084686
1427157329.419,-33.247616
1427157329.435,-33.191257
1427157329.45,-32.901207
1427157329.466,-32.489716
1427157329.482,-32.12041
1427157329.497,-31.913685
1427157329.513,-31.782616
1427157329.528,-31.469318
1427157329.544,-30.654106
1427157329.56,-29.115269
1427157329.575,-26.881657
1427157329.591,-24.15688
1427157329.607,-21.24047
1427157329.622,-18.375599
1427157329.638,-15.679649
1427157329.653,-13.1241
1427157329.669,-10.643654
1427157329.685,-8.1432495
1427157329.7,-5.5670853
1427157329.716,-2.8415718
1427157329.732,0.117759705
1427157329.747,3.348442
1427157329.763,6.834526
1427157329.778,10.426468
1427157329.794,13.928665
1427157329.81,17.167168
1427157329.825,20.119442
1427157329.841,22.953335
1427157329.857,25.950485
1427157329.872,29.466839
1427157329.888,33.78193
1427157329.903,39.04827
1427157329.919,45.214577
1427157329.935,51.933544
1427157329.95,58.454376
1427157329.966,63.673847
1427157329.982,66.351166
1427157329.997,65.55495
1427157330.013,60.976692
1427157330.028,53.206783
1427157330.044,43.50843
1427157330.06,33.345894
1427157330.075,23.910671
1427157330.091,15.728672
1427157330.107,8.732563
1427157330.122,2.514061
1427157330.138,-3.3106575
1427157330.153,-8.866268
1427157330.169,-14.04261
1427157330.185,-18.626244
1427157330.2,-22.46149
1427157330.216,-25.514248
1427157330.232,-27.89009
1427157330.247,-29.714771
1427157330.263,-31.118431
1427157330.278,-32.179943
1427157330.294,-32.97192
1427157330.31,-33.518204
1427157330.325,-33.827873
1427157330.341,-33.880783
1427157330.357,-33.67776
1427157330.372,-33.262165
1427157330.388,-32.694637
1427157330.404,-32.04321
1427157330.419,-31.318047
1427157330.435,-30.427082
1427157330.45,-29.212898
1427157330.466,-27.527767
1427157330.482,-25.339977
1427157330.497,-22.714771
1427157330.513,-19.863468
1427157330.529,-17.008438
1427157330.544,-14.293888
1427157330.56,-11.777111
1427157330.575,-9.400455
1427157330.591,-7.030987
1427157330.607,-4.5119896
1427157330.622,-1.7043533
1427157330.638,1.4679031
1427157330.654,5.0207253
1427157330.669,8.877098
1427157330.685,12.905682
1427157330.7,16.948574
1427157330.716,20.891747
1427157330.732,24.68591
1427157330.747,28.350334
1427157330.763,31.97908
1427157330.779,35.770744
1427157330.794,39.947372
1427157330.81,44.74763
1427157330.825,50.17931
1427157330.841,55.893055
1427157330.857,61.054016
1427157330.872,64.4998
1427157330.888,65.091354
1427157330.904,62.148453
1427157330.919,55.71673
1427157330.935,46.633217
1427157330.95,36.196316
1427157330.966,25.715528
1427157330.982,16.12122
1427157330.997,7.8233414
1427157331.013,0.79473114
1427157331.029,-5.2257233
1427157331.044,-10.523916
1427157331.06,-15.25103
1427157331.075,-19.501347
1427157331.091,-23.238487
1427157331.107,-26.435299
1427157331.122,-29.019487
1427157331.138,-30.987204
1427157331.154,-32.381485
1427157331.169,-33.33618
1427157331.185,-34.01421
1427157331.2,-34.558685
1427157331.216,-35.04519
1427157331.232,-35.463875
1427157331.247,-35.760788
1427157331.263,-35.883545
1427157331.279,-35.757996
1427157331.294,-35.306587
1427157331.31,-34.419693
1427157331.325,-32.997368
1427157331.341,-30.977873
1427157331.357,-28.426315
1427157331.372,-25.513218
1427157331.388,-22.468777
1427157331.404,-19.42242
1427157331.419,-16.378996
1427157331.435,-13.188683
1427157331.45,-9.66053
1427157331.466,-5.7012253
1427157331.482,-1.3763452
1427157331.497,3.0514157
1427157331.513,7.258253
1427157331.529,11.014594
1427157331.544,14.223374
1427157331.56,17.069025
1427157331.575,19.894297
1427157331.591,23.174751
1427157331.607,27.342169
1427157331.622,32.642895
1427157331.638,38.91472
1427157331.654,45.47952
1427157331.669,51.192276
1427157331.685,54.708714
1427157331.7,54.90811
1427157331.716,51.345806
1427157331.732,44.431747
1427157331.747,35.306835
1427157331.763,25.431454
1427157331.779,15.998756
1427157331.794,7.628231
1427157331.81,0.3507371
1427157331.825,-6.1902065
1427157331.841,-12.272761
1427157331.857,-17.895664
1427157331.872,-22.76452
1427157331.888,-26.543594
1427157331.904,-29.07531
1427157331.919,-30.558762
1427157331.935,-31.400215
1427157331.95,-32.05063
1427157331.966,-32.767902
1427157331.982,-33.565037
1427157331.997,-34.234207
1427157332.013,-34.573406
1427157332.029,-34.472443
1427157332.044,-34.006546
1427157332.06,-33.352013
1427157332.075,-32.722366
1427157332.091,-32.172485
1427157332.107,-31.601625
1427157332.122,-30.744822
1427157332.138,-29.292072
1427157332.154,-27.00618
1427157332.169,-23.88723
1427157332.185,-20.148697
1427157332.2,-16.227585
1427157332.216,-12.568547
1427157332.232,-9.488718
1427157332.247,-7.01849
1427157332.263,-4.907186
1427157332.279,-2.7080944
1427157332.294,-0.023337126
1427157332.31,3.3774152
1427157332.325,7.4301066
1427157332.341,11.85331
1427157332.357,16.260265
1427157332.372,20.369474
1427157332.388,24.06607
1427157332.404,27.505877
1427157332.419,31.006035
1427157332.435,34.967678
1427157332.45,39.762825
1427157332.466,45.605656
1427157332.482,52.43237
1427157332.497,59.810833
1427157332.513,66.89083
1427157332.529,72.459564
1427157332.544,75.226
1427157332.56,74.20354
1427157332.575,69.06793
1427157332.591,60.340073
1427157332.607,49.238655
1427157332.622,37.304314
1427157332.638,25.850967
1427157332.654,15.646821
1427157332.669,6.812813
1427157332.685,-0.9643326
1427157332.7,-8.10839
1427157332.716,-14.851797
1427157332.732,-21.111269
1427157332.747,-26.589642
1427157332.763,-30.978043
1427157332.779,-34.12049
1427157332.794,-36.1641
1427157332.81,-37.44285
1427157332.825,-38.359703
1427157332.841,-39.184593
1427157332.857,-40.015305
1427157332.872,-40.719406
1427157332.888,-41.14412
1427157332.904,-41.171703
1427157332.919,-40.84413
1427157332.935,-40.302658
1427157332.95,-39.71058
1427157332.966,-39.117058
1427157332.982,-38.421917
1427157332.997,-37.380966
1427157333.013,-35.759552
1427157333.029,-33.435852
1427157333.044,-30.490934
1427157333.06,-27.164398
1427157333.076,-23.778784
1427157333.091,-20.557554
1427157333.107,-17.641342
1427157333.122,-14.931843
1427157333.138,-12.226797
1427157333.154,-9.228878
1427157333.169,-5.697792
1427157333.185,-1.5298576
1427157333.2,3.2000484
1427157333.216,8.237747
1427157333.232,13.233967
1427157333.247,17.88543
1427157333.263,22.007915
1427157333.279,25.641733
1427157333.294,28.991936
1427157333.31,32.413406
1427157333.326,36.287674
1427157333.341,40.94716
1427157333.357,46.588722
1427157333.372,53.19303
1427157333.388,60.35444
1427157333.404,67.25638
1427157333.419,72.66982
1427157333.435,75.28725
1427157333.451,74.10529
1427157333.466,68.8439
1427157333.482,60.11954
1427157333.497,49.254078
1427157333.513,37.78401
1427157333.529,26.962643
1427157333.544,17.428188
1427157333.56,9.2121315
1427157333.576,2.029419
1427157333.591,-4.418232
1427157333.607,-10.2458725
1427157333.622,-15.388355
1427157333.638,-19.765045
1427157333.654,-23.390343
1427157333.669,-26.414902
1427157333.685,-29.036472
1427157333.701,-31.448162
1427157333.716,-33.709667
1427157333.732,-35.794205
1427157333.747,-37.60065
1427157333.763,-39.039356
1427157333.779,-40.077915
1427157333.794,-40.805473
1427157333.81,-41.360485
1427157333.826,-41.8723
1427157333.841,-42.310196
1427157333.857,-42.418808
1427157333.872,-41.792
1427157333.888,-40.086716
1427157333.904,-37.18464
1427157333.919,-33.345585
1427157333.935,-29.106777
1427157333.951,-25.041931
1427157333.966,-21.496593
1427157333.982,-18.456543
1427157333.997,-15.607914
1427157334.013,-12.550236
1427157334.029,-8.985626
1427157334.044,-4.8963394
1427157334.06,-0.4725952
1427157334.076,3.973816
1427157334.091,8.201477
1427157334.107,12.134796
1427157334.122,15.893311
1427157334.138,19.746384
1427157334.154,24.026398
1427157334.169,29.049316
1427157334.185,35.082138
1427157334.201,42.170357
1427157334.216,49.967247
1427157334.232,57.641052
1427157334.247,63.899048
1427157334.263,67.30686
1427157334.279,66.73396
1427157334.294,61.82939
1427157334.31,53.214165
1427157334.326,42.280914
1427157334.341,30.679329
1427157334.357,19.72966
1427157334.372,10.079735
1427157334.388,1.6452179
1427157334.404,-6.0129395
1427157334.419,-13.2761
1427157334.435,-20.171257
1427157334.451,-26.375748
1427157334.466,-31.401604
1427157334.482,-34.889175
1427157334.497,-36.78521
1427157334.513,-37.361923
1427157334.529,-37.123024
1427157334.544,-36.620544
1427157334.56,-36.286842
1427157334.576,-36.342003
1427157334.591,-36.778503
1427157334.607,-37.434723
1427157334.622,-38.089905
1427157334.638,-38.60614
1427157334.654,-38.92202
1427157334.669,-39.09816
1427157334.685,-39.163734
1427157334.701,-39.051575
1427157334.716,-38.547318
1427157334.732,-37.386017
1427157334.747,-35.321907
1427157334.763,-32.29772
1427157334.779,-28.501518
1427157334.794,-24.305206
1427157334.81,-20.16745
1427157334.826,-16.449677
1427157334.841,-13.272697
1427157334.857,-10.494461
1427157334.872,-7.7547913
1427157334.888,-4.61232
1427157334.904,-0.75873566
1427157334.919,3.8875122
1427157334.935,9.0935135
1427157334.951,14.427452
1427157334.966,19.450172
1427157334.982,23.863686
1427157334.997,27.710487
1427157335.013,31.27771
1427157335.029,35.03337
1427157335.044,39.42842
1427157335.06,44.81617
1427157335.076,51.348007
1427157335.091,58.864304
1427157335.107,66.76659
1427157335.122,73.95649
1427157335.138,78.96591
1427157335.154,80.39349
1427157335.169,77.34991
1427157335.185,69.91452
1427157335.201,59.11892
1427157335.216,46.628647
1427157335.232,34.09828
1427157335.247,22.709755
1427157335.263,12.9019165
1427157335.279,4.541237
1427157335.294,-2.7962341
1427157335.31,-9.472549
1427157335.326,-15.673096
1427157335.341,-21.379303
1427157335.357,-26.489502
1427157335.372,-30.91349
1427157335.388,-34.631897
1427157335.404,-37.742867
1427157335.419,-40.38897
1427157335.435,-42.73295
1427157335.451,-44.86348
1427157335.466,-46.714798
1427157335.482,-48.17453
1427157335.497,-49.085182
1427157335.513,-49.42427
1427157335.529,-49.27839
1427157335.544,-48.80282
1427157335.56,-48.0599
1427157335.576,-46.99021
1427157335.591,-45.359688
1427157335.607,-42.94429
1427157335.622,-39.628975
1427157335.638,-35.492836
1427157335.654,-30.771042
1427157335.669,-25.80729
1427157335.685,-20.972176
1427157335.701,-16.581787
1427157335.716,-12.856529
1427157335.732,-9.874977
1427157335.748,-7.5093307
1427157335.763,-5.459137
1427157335.779,-3.292656
1427157335.794,-0.61343384
1427157335.81,2.8417435
1427157335.826,7.0681305
1427157335.841,11.830444
1427157335.857,16.701836
1427157335.872,21.288834
1427157335.888,25.32872
1427157335.904,28.83918
1427157335.919,32.07595
1427157335.935,35.463005
1427157335.951,39.452995
1427157335.966,44.45372
1427157335.982,50.65541
1427157335.998,57.876335
1427157336.013,65.4419
1427157336.029,72.158
1427157336.044,76.48477
1427157336.06,77.021576
1427157336.076,72.9833
1427157336.091,64.58013
1427157336.107,52.98005
1427157336.123,39.928314
1427157336.138,27.099167
1427157336.154,15.567238
1427157336.169,5.649643
1427157336.185,-2.921898
1427157336.201,-10.554665
1427157336.216,-17.43811
1427157336.232,-23.494827
1427157336.248,-28.469719
1427157336.263,-32.220436
1427157336.279,-34.7993
1427157336.294,-36.461548
1427157336.31,-37.512993
1427157336.326,-38.206955
1427157336.341,-38.671852
1427157336.357,-38.994118
1427157336.373,-39.20636
1427157336.388,-39.400223
1427157336.404,-39.652184
1427157336.419,-40.0474
1427157336.435,-40.5793
1427157336.451,-41.167366
1427157336.466,-41.598763
1427157336.482,-41.546906
1427157336.498,-40.63807
1427157336.513,-38.578316
1427157336.529,-35.27115
1427157336.544,-30.913162
1427157336.56,-25.957413
1427157336.576,-20.963669
1427157336.591,-16.349068
1427157336.607,-12.27124
1427157336.623,-8.589516
1427157336.638,-4.983261
1427157336.654,-1.1397934
1427157336.669,3.052475
1427157336.685,7.479309
1427157336.701,11.846336
1427157336.716,15.838486
1427157336.732,19.269981
1427157336.748,22.207176
1427157336.763,24.978073
1427157336.779,28.13079
1427157336.794,32.27677
1427157336.81,37.876266
1427157336.826,45.026627
1427157336.841,53.25553
1427157336.857,61.432274
1427157336.873,68.016174
1427157336.888,71.38874
1427157336.904,70.41833
1427157336.919,64.822624
1427157336.935,55.37583
1427157336.951,43.598
1427157336.966,31.272041
1427157336.982,19.807076
1427157336.998,9.87899
1427157337.013,1.4171295
1427157337.029,-6.058708
1427157337.044,-13.004463
1427157337.06,-19.576935
1427157337.076,-25.567177
1427157337.091,-30.627632
1427157337.107,-34.485977
1427157337.123,-37.14012
1427157337.138,-38.817574
1427157337.154,-39.85196
1427157337.169,-40.57415
1427157337.185,-41.208298
1427157337.201,-41.864906
1427157337.216,-42.589706
1427157337.232,-43.3693
1427157337.248,-44.15959
1427157337.263,-44.928185
1427157337.279,-45.618584
1427157337.294,-46.155296
1427157337.31,-46.424507
1427157337.326,-46.200836
1427157337.341,-45.19847
1427157337.357,-43.19558
1427157337.373,-40.141586
1427157337.388,-36.219543
1427157337.404,-31.80558
1427157337.419,-27.3266
1427157337.435,-23.104172
1427157337.451,-19.258102
1427157337.466,-15.696686
1427157337.482,-12.200256
1427157337.498,-8.519104
1427157337.513,-4.432457
1427157337.529,0.20746613
1427157337.544,5.415695
1427157337.56,11.029961
1427157337.576,16.761269
1427157337.591,22.189987
1427157337.607,26.953094
1427157337.623,30.859291
1427157337.638,34.02198
1427157337.654,36.82814
1427157337.669,39.845192
1427157337.685,43.636734
1427157337.701,48.64325
1427157337.716,55.040886
1427157337.732,62.567955
1427157337.748,70.465385
1427157337.763,77.47449
1427157337.779,82.07139
1427157337.794,82.87962
1427157337.81,79.15579
1427157337.826,71.07489
1427157337.841,59.744423
1427157337.857,46.827583
1427157337.873,33.96423
1427157337.888,22.28582
1427157337.904,12.186371
1427157337.919,3.452076
1427157337.935,-4.3887444
1427157337.951,-11.738258
1427157337.966,-18.6964
1427157337.982,-25.106201
1427157337.998,-30.649998
1427157338.013,-35.089542
1427157338.029,-38.353172
1427157338.044,-40.592384
1427157338.06,-42.091408
1427157338.076,-43.14747
1427157338.091,-43.934658
1427157338.107,-44.47629
1427157338.123,-44.704277
1427157338.138,-44.545544
1427157338.154,-44.06133
1427157338.169,-43.380314
1427157338.185,-42.7008
1427157338.201,-42.07652
1427157338.216,-41.38345
1427157338.232,-40.393806
1427157338.248,-38.829266
1427157338.263,-36.560814
1427157338.279,-33.610962
1427157338.294,-30.181782
1427157338.31,-26.492111
1427157338.326,-22.742176
1427157338.341,-19.03323
1427157338.357,-15.448242
1427157338.373,-12.051842
1427157338.388,-8.910652
1427157338.404,-6.0118294
1427157338.419,-3.2137604
1427157338.435,-0.2741394
1427157338.451,3.0545769
1427157338.466,6.889164
1427157338.482,11.103226
1427157338.498,15.381916
1427157338.513,19.375088
1427157338.529,22.909466
1427157338.544,26.085281
1427157338.56,29.277443
1427157338.576,32.917545
1427157338.591,37.406673
1427157338.607,42.951935
1427157338.623,49.586597
1427157338.638,57.11373
1427157338.654,65.00434
1427157338.67,72.288574
1427157338.685,77.59407
1427157338.701,79.447044
1427157338.716,76.8154
1427157338.732,69.57054
1427157338.748,58.67897
1427157338.763,45.87345
1427157338.779,33.0562
1427157338.795,21.56445
1427157338.81,11.890701
1427157338.826,3.726982
1427157338.841,-3.5122757
1427157338.857,-10.292965
1427157338.873,-16.676273
1427157338.888,-22.41483
1427157338.904,-27.179264
1427157338.92,-30.836987
1427157338.935,-33.50538
1427157338.951,-35.490067
1427157338.966,-37.08712
1427157338.982,-38.481106
1427157338.998,-39.681366
1427157339.013,-40.57949
1427157339.029,-41.082726
1427157339.045,-41.1917
1427157339.06,-41.04608
1427157339.076,-40.874508
1427157339.091,-40.82759
1427157339.107,-40.876694
1427157339.123,-40.73787
1427157339.138,-39.99395
1427157339.154,-38.219486
1427157339.17,-35.239735
1427157339.185,-31.170742
1427157339.201,-26.449451
1427157339.216,-21.64817
1427157339.232,-17.271465
1427157339.248,-13.563454
1427157339.263,-10.43758
1427157339.279,-7.507574
1427157339.295,-4.294628
1427157339.31,-0.43208313
1427157339.326,4.128624
1427157339.341,9.121967
1427157339.357,14.068462
1427157339.373,18.521042
1427157339.388,22.294296
1427157339.404,25.549421
1427157339.42,28.710777
1427157339.435,32.28736
1427157339.451,36.685555
1427157339.466,42.09086
1427157339.482,48.386406
1427157339.498,55.15921
1427157339.513,61.590675
1427157339.529,66.552734
1427157339.545,68.779884
1427157339.56,67.288574
1427157339.576,61.770638
1427157339.591,52.814922
1427157339.607,41.773346
1427157339.623,30.27313
1427157339.638,19.64343
1427157339.654,10.523428
1427157339.67,2.7931309
1427157339.685,-4.0407944
1427157339.701,-10.462172
1427157339.716,-16.608267
1427157339.732,-22.249765
1427157339.748,-26.975998
1427157339.763,-30.453266
1427157339.779,-32.650288
1427157339.795,-33.831367
1427157339.81,-34.485764
1427157339.826,-35.13647
1427157339.841,-36.112904
1427157339.857,-37.441376
1427157339.873,-38.905212
1427157339.888,-40.14402
1427157339.904,-40.891876
1427157339.92,-41.081993
1427157339.935,-40.848854
1427157339.951,-40.385406
1427157339.966,-39.803375
1427157339.982,-39.039883
1427157339.998,-37.88397
1427157340.013,-36.07676
1427157340.029,-33.426483
1427157340.045,-29.925417
1427157340.06,-25.721659
1427157340.076,-21.137058
1427157340.091,-16.576097
1427157340.107,-12.420877
1427157340.123,-8.937347
1427157340.138,-6.1470137
1427157340.154,-3.7904024
1427157340.17,-1.4291496
1427157340.185,1.3729248
1427157340.201,4.8330564
1427157340.216,8.867455
1427157340.232,13.150663
1427157340.248,17.305859
1427157340.263,21.104832
1427157340.279,24.578941
1427157340.295,27.973366
1427157340.31,31.654938
1427157340.326,35.961334
1427157340.341,41.157444
1427157340.357,47.37655
1427157340.373,54.55127
1427157340.388,62.300648
1427157340.404,69.76777
1427157340.42,75.67956
1427157340.435,78.59696
1427157340.451,77.351
1427157340.466,71.554596
1427157340.482,61.813133
1427157340.498,49.557808
1427157340.513,36.54857
1427157340.529,24.257004
1427157340.545,13.464501
1427157340.56,4.2185926
1427157340.576,-3.888287
1427157340.591,-11.279133
1427157340.607,-18.0919
1427157340.623,-24.144053
1427157340.638,-29.136454
1427157340.654,-32.871925
1427157340.67,-35.4646
1427157340.685,-37.317635
1427157340.701,-38.9434
1427157340.716,-40.74569
1427157340.732,-42.81799
1427157340.748,-44.948116
1427157340.763,-46.732933
1427157340.779,-47.78368
1427157340.795,-47.968945
1427157340.81,-47.38238
1427157340.826,-46.33481
1427157340.841,-45.11284
1427157340.857,-43.850025
1427157340.873,-42.476715
1427157340.888,-40.7532
1427157340.904,-38.426487
1427157340.92,-35.3709
1427157340.935,-31.614012
1427157340.951,-27.325674
1427157340.966,-22.765146
1427157340.982,-18.199575
1427157340.998,-13.837484
1427157341.013,-9.809588
1427157341.029,-6.133613
1427157341.045,-2.7006302
1427157341.06,0.6943369
1427157341.076,4.2870817
1427157341.091,8.253157
1427157341.107,12.582078
1427157341.123,17.09819
1427157341.138,21.508408
1427157341.154,25.52995
1427157341.17,29.06725
1427157341.185,32.241096
1427157341.201,35.35376
1427157341.216,38.76055
1427157341.232,42.795616
1427157341.248,47.672966
1427157341.263,53.43922
1427157341.279,59.880653
1427157341.295,66.32594
1427157341.31,71.64386
1427157341.326,74.39654
1427157341.342,73.261826
1427157341.357,67.60482
1427157341.373,57.82792
1427157341.388,45.307938
1427157341.404,31.986464
1427157341.42,19.616598
1427157341.435,9.246126
1427157341.451,1.0788422
1427157341.467,-5.314371
1427157341.482,-10.548403
1427157341.498,-15.083855
1427157341.513,-19.088474
1427157341.529,-22.570885
1427157341.545,-25.508337
1427157341.56,-27.947077
1427157341.576,-30.01071
1427157341.592,-31.798956
1427157341.607,-33.363663
1427157341.623,-34.69511
1427157341.638,-35.76229
1427157341.654,-36.51921
1427157341.67,-36.99627
1427157341.685,-37.264755
1427157341.701,-37.449112
1427157341.717,-37.6696
1427157341.732,-37.943886
1427157341.748,-38.128998
1427157341.763,-37.969364
1427157341.779,-37.110695
1427157341.795,-35.32904
1427157341.81,-32.590164
1427157341.826,-29.074528
1427157341.842,-25.153826
1427157341.857,-21.208748
1427157341.873,-17.520842
1427157341.888,-14.164467
1427157341.904,-10.982531
1427157341.92,-7.6657944
1427157341.935,-3.8865757
1427157341.951,0.5009918
1427157341.967,5.4053288
1427157341.982,10.508884
1427157341.998,15.448847
1427157342.013,19.979362
1427157342.029,24.111496
1427157342.045,28.073145
1427157342.06,32.233948
1427157342.076,36.941353
1427157342.092,42.444386
1427157342.107,48.81784
1427157342.123,55.8461
1427157342.138,62.88671
1427157342.154,68.864075
1427157342.17,72.381584
1427157342.185,72.17614
1427157342.201,67.623474
1427157342.217,59.080597
1427157342.232,47.842995
1427157342.248,35.733852
1427157342.263,24.32212
1427157342.279,14.499592
1427157342.295,6.282425
1427157342.31,-0.8511658
1427157342.326,-7.512726
1427157342.342,-13.96744
1427157342.357,-20.051006
1427157342.373,-25.360336
1427157342.388,-29.529398
1427157342.404,-32.458656
1427157342.42,-34.37075
1427157342.435,-35.65417
1427157342.451,-36.715996
1427157342.467,-37.80531
1427157342.482,-38.995438
1427157342.498,-40.16422
1427157342.513,-41.140472
1427157342.529,-41.745396
1427157342.545,-41.893463
1427157342.56,-41.58417
1427157342.576,-40.88295
1427157342.592,-39.862514
1427157342.607,-38.575935
1427157342.623,-37.03125
1427157342.638,-35.199986
1427157342.654,-33.09119
1427157342.67,-30.692837
1427157342.685,-28.044176
1427157342.701,-25.228788
1427157342.717,-22.329475
1427157342.732,-19.471693
1427157342.748,-16.682892
1427157342.763,-13.973221
1427157342.779,-11.235807
1427157342.795,-8.352343
1427157342.81,-5.2121544
1427157342.826,-1.7203579
1427157342.842,2.157692
1427157342.857,6.4287987
1427157342.873,11.054224
1427157342.888,15.922247
1427157342.904,20.809824
1427157342.92,25.45238
1427157342.935,29.601967
1427157342.951,33.195442
1427157342.967,36.42472
1427157342.982,39.739346
1427157342.998,43.719757
1427157343.013,48.83603
1427157343.029,55.200413
1427157343.045,62.39994
1427157343.06,69.390076
1427157343.076,74.75003
1427157343.092,77.00751
1427157343.107,75.12169
1427157343.123,68.84128
1427157343.138,58.877857
1427157343.154,46.666092
1427157343.17,33.93731
1427157343.185,22.1632
1427157343.201,12.15052
1427157343.217,3.971302
1427157343.232,-2.8560524
1427157343.248,-8.91589
1427157343.263,-14.643936
1427157343.279,-20.118519
1427157343.295,-25.110188
1427157343.31,-29.28767
1427157343.326,-32.38759
1427157343.342,-34.349373
1427157343.357,-35.374542
1427157343.373,-35.822372
1427157343.388,-36.097588
1427157343.404,-36.487778
1427157343.42,-37.10437
1427157343.435,-37.87419
1427157343.451,-38.655857
1427157343.467,-39.294495
1427157343.482,-39.69388
1427157343.498,-39.792168
1427157343.513,-39.54316
1427157343.529,-38.85682
1427157343.545,-37.65514
1427157343.56,-35.88594
1427157343.576,-33.612415
1427157343.592,-30.999634
1427157343.607,-28.241648
1427157343.623,-25.492702
1427157343.638,-22.81242
1427157343.654,-20.15806
1427157343.67,-17.459427
1427157343.685,-14.684383
1427157343.701,-11.797272
1427157343.717,-8.7221985
1427157343.732,-5.372986
1427157343.748,-1.6119041
1427157343.763,2.6195946
1427157343.779,7.25222
1427157343.795,12.045605
1427157343.81,16.708485
1427157343.826,20.98148
1427157343.842,24.790443
1427157343.857,28.243599
1427157343.873,31.584564
1427157343.888,35.126175
1427157343.904,39.163216
1427157343.92,43.942574
1427157343.935,49.655285
1427157343.951,56.304337
1427157343.967,63.535786
1427157343.982,70.463974
1427157343.998,75.73862
1427157344.014,77.82123
1427157344.029,75.560135
1427157344.045,68.63908
1427157344.06,57.843887
1427157344.076,44.839134
1427157344.092,31.573895
1427157344.107,19.587051
1427157344.123,9.603172
1427157344.139,1.456089
1427157344.154,-5.5000305
1427157344.17,-11.869637
1427157344.185,-17.847435
1427157344.201,-23.224705
1427157344.217,-27.592064
1427157344.232,-30.721043
1427157344.248,-32.73693
1427157344.264,-34.066147
1427157344.279,-35.175663
1427157344.295,-36.366802
1427157344.31,-37.626183
1427157344.326,-38.674725
1427157344.342,-39.234806
1427157344.357,-39.20791
1427157344.373,-38.80281
1427157344.389,-38.42518
1427157344.404,-38.426773
1427157344.42,-38.894363
1427157344.435,-39.532734
1427157344.451,-39.7715
1427157344.467,-39.04317
1427157344.482,-37.02796
1427157344.498,-33.785576
1427157344.514,-29.76029
1427157344.529,-25.512156
1427157344.545,-21.505352
1427157344.56,-17.88754
1427157344.576,-14.527765
1427157344.592,-11.040197
1427157344.607,-7.0733356
1427157344.623,-2.426878
1427157344.639,2.8368397
1427157344.654,8.454662
1427157344.67,14.013792
1427157344.685,19.155523
1427157344.701,23.679104
1427157344.717,27.647554
1427157344.732,31.353073
1427157344.748,35.25995
1427157344.764,39.850735
1427157344.779,45.50011
1427157344.795,52.236366
1427157344.81,59.58969
1427157344.826,66.55173
1427157344.842,71.666435
1427157344.857,73.45821
1427157344.873,70.88963
1427157344.889,63.819107
1427157344.904,53.093407
1427157344.92,40.275223
1427157344.935,27.11481
1427157344.951,14.965476
1427157344.967,4.461441
1427157344.982,-4.4301815
1427157344.998,-12.054365
1427157345.014,-18.718555
1427157345.029,-24.439276
1427157345.045,-29.057499
1427157345.06,-32.391323
1427157345.076,-34.503685
1427157345.092,-35.70293
1427157345.107,-36.456932
1427157345.123,-37.185787
1427157345.139,-38.113182
1427157345.154,-39.19231
1427157345.17,-40.218506
1427157345.185,-40.94126
1427157345.201,-41.250477
1427157345.217,-41.16586
1427157345.232,-40.8537
1427157345.248,-40.475014
1427157345.264,-40.08259
1427157345.279,-39.57561
1427157345.295,-38.736736
1427157345.31,-37.346725
1427157345.326,-35.292576
1427157345.342,-32.604412
1427157345.357,-29.43732
1427157345.373,-25.977953
1427157345.389,-22.375648
1427157345.404,-18.740612
1427157345.42,-15.1665125
1427157345.435,-11.723329
1427157345.451,-8.428708
1427157345.467,-5.207176
1427157345.482,-1.8696976
1427157345.498,1.84161
1427157345.514,6.042429
1427157345.529,10.658266
1427157345.545,15.3959465
1427157345.56,19.894176
1427157345.576,23.866858
1427157345.592,27.30481
1427157345.607,30.442265
1427157345.623,33.640526
1427157345.639,37.248394
1427157345.654,41.554607
1427157345.67,46.72689
1427157345.685,52.833614
1427157345.701,59.66745
1427157345.717,66.61359
1427157345.732,72.51975
1427157345.748,75.88685
1427157345.764,75.36032
1427157345.779,70.25969
1427157345.795,60.944626
1427157345.81,48.774612
1427157345.826,35.568504
1427157345.842,22.976383
1427157345.857,11.960596
1427157345.873,2.690897
1427157345.889,-5.192812
1427157345.904,-12.139225
1427157345.92,-18.392965
1427157345.935,-23.92956
1427157345.951,-28.556562
1427157345.967,-32.11674
1427157345.982,-34.653786
1427157345.998,-36.354614
1427157346.014,-37.5051
1427157346.029,-38.350872
1427157346.045,-39.076878
1427157346.06,-39.76162
1427157346.076,-40.373413
1427157346.092,-40.834682
1427157346.107,-41.064877
1427157346.123,-41.011135
1427157346.139,-40.68579
1427157346.154,-40.12806
1427157346.17,-39.39916
1427157346.185,-38.46613
1427157346.201,-37.27572
1427157346.217,-35.734604
1427157346.232,-33.78076
1427157346.248,-31.38104
1427157346.264,-28.58788
1427157346.279,-25.461634
1427157346.295,-22.118881
1427157346.31,-18.653906
1427157346.326,-15.182098
1427157346.342,-11.780119
1427157346.357,-8.486568
1427157346.373,-5.244276
1427157346.389,-1.9155159
1427157346.404,1.7004166
1427157346.42,5.778017
1427157346.435,10.329729
1427157346.451,15.131365
1427157346.467,19.806795
1427157346.482,23.956907
1427157346.498,27.369913
1427157346.514,30.157755
1427157346.529,32.754387
1427157346.545,35.734226
1427157346.56,39.652836
1427157346.576,44.885612
1427157346.592,51.51243
1427157346.607,59.179512
1427157346.623,67.077446
1427157346.639,73.90556
1427157346.654,78.085175
1427157346.67,78.19225
1427157346.686,73.494385
1427157346.701,64.32311
1427157346.717,52.03457
1427157346.732,38.56775
1427157346.748,25.755823
1427157346.764,14.757532
1427157346.779,5.864353
1427157346.795,-1.3036957
1427157346.81,-7.34606
1427157346.826,-12.7069645
1427157346.842,-17.489672
1427157346.857,-21.593153
1427157346.873,-24.875963
1427157346.889,-27.36594
1427157346.904,-29.250662
1427157346.92,-30.857899
1427157346.936,-32.446663
1427157346.951,-34.15135
1427157346.967,-35.904617
1427157346.982,-37.489876
1427157346.998,-38.683395
1427157347.014,-39.369713
1427157347.029,-39.618572
1427157347.045,-39.611763
1427157347.061,-39.484413
1427157347.076,-39.177128
1427157347.092,-38.407463
1427157347.107,-36.83914
1427157347.123,-34.29696
1427157347.139,-30.937986
1427157347.154,-27.241756
1427157347.17,-23.783754
1427157347.186,-20.925547
1427157347.201,-18.639336
1427157347.217,-16.486217
1427157347.232,-13.86886
1427157347.248,-10.352383
1427157347.264,-5.843665
1427157347.279,-0.65298843
1427157347.295,4.6930013
1427157347.311,9.718221
1427157347.326,14.182607
1427157347.342,18.173552
1427157347.357,22.022644
1427157347.373,26.183884
1427157347.389,31.083195
1427157347.404,37.067318
1427157347.42,44.243958
1427157347.436,52.38974
1427157347.451,60.816235
1427157347.467,68.30276
1427157347.482,73.269455
1427157347.498,74.237885
1427157347.514,70.37238
1427157347.529,61.861164
1427157347.545,49.966667
1427157347.561,36.577644
1427157347.576,23.559517
1427157347.592,12.169512
1427157347.607,2.8024726
1427157347.623,-4.846784
1427157347.639,-11.359852
1427157347.654,-17.200514
1427157347.67,-22.528728
1427157347.686,-27.21505
1427157347.701,-31.0746
1427157347.717,-34.042294
1427157347.732,-36.261845
1427157347.748,-38.027607
1427157347.764,-39.663677
1427157347.779,-41.327553
1427157347.795,-42.956932
1427157347.811,-44.318913
1427157347.826,-45.098076
1427157347.842,-45.099922
1427157347.857,-44.368034
1427157347.873,-43.166336
1427157347.889,-41.847286
1427157347.904,-40.637775
1427157347.92,-39.538445
1427157347.936,-38.300358
1427157347.951,-36.572144
1427157347.967,-34.067097
1427157347.982,-30.728231
1427157347.998,-26.715912
1427157348.014,-22.370384
1427157348.029,-18.071018
1427157348.045,-14.104728
1427157348.061,-10.556704
1427157348.076,-7.2875404
1427157348.092,-3.9722133
1427157348.107,-0.26146603
1427157348.123,4.060668
1427157348.139,8.955711
1427157348.154,14.133266
1427157348.17,19.184124
1427157348.186,23.72089
1427157348.201,27.613178
1427157348.217,31.017899
1427157348.232,34.32708
1427157348.248,38.06929
1427157348.264,42.721043
1427157348.279,48.59404
1427157348.295,55.67357
1427157348.311,63.474277
1427157348.326,71.01029
1427157348.342,76.8907
1427157348.357,79.622444
1427157348.373,78.0967
1427157348.389,71.98517
1427157348.404,61.93454
1427157348.42,49.359356
1427157348.436,35.991966
1427157348.451,23.32403
1427157348.467,12.171681
1427157348.482,2.6700735
1427157348.498,-5.501526
1427157348.514,-12.754707
1427157348.529,-19.287437
1427157348.545,-25.048384
1427157348.561,-29.845455
1427157348.576,-33.561687
1427157348.592,-36.261425
1427157348.607,-38.18572
1427157348.623,-39.64049
1427157348.639,-40.848537
1427157348.654,-41.871487
1427157348.67,-42.67136
1427157348.686,-43.188747
1427157348.701,-43.41748
1427157348.717,-43.439796
1427157348.732,-43.3436
1427157348.748,-43.160614
1427157348.764,-42.829384
1427157348.779,-42.181213
1427157348.795,-41.038914
1427157348.811,-39.273582
1427157348.826,-36.861988
1427157348.842,-33.883766
1427157348.857,-30.47924
1427157348.873,-26.806751
1427157348.889,-23.050388
1427157348.904,-19.361088
1427157348.92,-15.910893
1427157348.936,-12.855001
1427157348.951,-10.259852
1427157348.967,-8.0425205
1427157348.982,-5.9862633
1427157348.998,-3.7605782
1427157349.014,-1.0729876
1427157349.029,2.2515688
1427157349.045,6.173272
1427157349.061,10.474578
1427157349.076,14.827939
1427157349.092,18.972609
1427157349.107,22.79143
1427157349.123,26.369452
1427157349.139,29.943815
1427157349.154,33.86991
1427157349.17,38.516884
1427157349.186,44.166042
1427157349.201,50.905342
1427157349.217,58.43924
1427157349.232,65.90256
1427157349.248,71.93694
1427157349.264,74.91727
1427157349.279,73.53182
1427157349.295,67.25382
1427157349.311,56.69813
1427157349.326,43.416023
1427157349.342,29.407503
1427157349.357,16.402912
1427157349.373,5.4051733
1427157349.389,-3.4357824
1427157349.404,-10.52541
1427157349.42,-16.412483
1427157349.436,-21.414276
1427157349.451,-25.607185
1427157349.467,-28.876047
1427157349.482,-31.161764
1427157349.498,-32.56831
1427157349.514,-33.363655
1427157349.529,-33.8479
1427157349.545,-34.279373
1427157349.561,-34.739414
1427157349.576,-35.19167
1427157349.592,-35.496437
1427157349.608,-35.567932
1427157349.623,-35.37902
1427157349.639,-35.04504
1427157349.654,-34.66903
1427157349.67,-34.31321
1427157349.686,-33.850815
1427157349.701,-33.004845
1427157349.717,-31.38572
1427157349.733,-28.741898
1427157349.748,-25.033913
1427157349.764,-20.546524
1427157349.779,-15.766875
1427157349.795,-11.192809
1427157349.811,-7.1040173
1427157349.826,-3.4679565
1427157349.842,0.053905487
1427157349.858,3.9025602
1427157349.873,8.37302
1427157349.889,13.445121
1427157349.904,18.744371
1427157349.92,23.680172
1427157349.936,27.74825
1427157349.951,30.741161
1427157349.967,32.88642
1427157349.983,34.763
1427157349.998,37.116074
1427157350.014,40.62222
1427157350.029,45.700787
1427157350.045,52.29793
1427157350.061,59.837753
1427157350.076,67.165
1427157350.092,72.75726
1427157350.108,75.0471
1427157350.123,72.90287
1427157350.139,66.07426
1427157350.154,55.36051
1427157350.17,42.330128
1427157350.186,28.826677
1427157350.201,16.296494
1427157350.217,5.437126
1427157350.233,-3.8041859
1427157350.248,-11.889666
1427157350.264,-19.239254
1427157350.279,-25.984436
1427157350.295,-31.935091
1427157350.311,-36.807503
1427157350.326,-40.458958
1427157350.342,-42.986168
1427157350.358,-44.707493
1427157350.373,-46.001328
1427157350.389,-47.18679
1427157350.404,-48.386116
1427157350.42,-49.55526
1427157350.436,-50.506817
1427157350.451,-51.02529
1427157350.467,-50.95996
1427157350.483,-50.324944
1427157350.498,-49.294643
1427157350.514,-48.09813
1427157350.529,-46.86918
1427157350.545,-45.534008
1427157350.561,-43.790146
1427157350.576,-41.252594
1427157350.592,-37.661114
1427157350.608,-33.01975
1427157350.623,-27.702433
1427157350.639,-22.2562
1427157350.654,-17.1968
1427157350.67,-12.809664
1427157350.686,-9.027809
1427157350.701,-5.473463
1427157350.717,-1.6723976
1427157350.733,2.7632484
1427157350.748,7.9169617
1427157350.764,13.559111
1427157350.779,19.193373
1427157350.795,24.307085
1427157350.811,28.557343
1427157350.826,31.901886
1427157350.842,34.63771
1427157350.858,37.255024
1427157350.873,40.328754
1427157350.889,44.33349
1427157350.904,49.548218
1427157350.92,55.89718
1427157350.936,62.802616
1427157350.951,69.158394
1427157350.967,73.50157
1427157350.983,74.35962
1427157350.998,70.82291
1427157351.014,62.905922
1427157351.029,51.63118
1427157351.045,38.69547
1427157351.061,25.866812
1427157351.076,14.44492
1427157351.092,4.9180565
1427157351.108,-2.9091702
1427157351.123,-9.592672
1427157351.139,-15.680948
1427157351.154,-21.431564
1427157351.17,-26.82422
1427157351.186,-31.640446
1427157351.201,-35.648525
1427157351.217,-38.690033
1427157351.233,-40.80712
1427157351.248,-42.17566
1427157351.264,-43.061665
1427157351.279,-43.700058
1427157351.295,-44.214317
1427157351.311,-44.618732
1427157351.326,-44.861076
1427157351.342,-44.896748
1427157351.358,-44.67876
1427157351.373,-44.205963
1427157351.389,-43.40242
1427157351.404,-42.154118
1427157351.42,-40.314873
1427157351.436,-37.828552
1427157351.451,-34.804104
1427157351.467,-31.453989
1427157351.483,-28.026632
1427157351.498,-24.659126
1427157351.514,-21.316473
1427157351.529,-17.856924
1427157351.545,-14.153941
1427157351.561,-10.213323
1427157351.576,-6.204015
1427157351.592,-2.350029
1427157351.608,1.1814842
1427157351.623,4.342409
1427157351.639,7.214756
1427157351.654,9.972986
1427157351.67,12.779722
1427157351.686,15.739334
1427157351.701,18.85036
1427157351.717,22.06789
1427157351.733,25.306877
1427157351.748,28.511694
1427157351.764,31.694927
1427157351.779,34.94398
1427157351.795,38.441036
1427157351.811,42.47095
1427157351.826,47.36656
1427157351.842,53.28729
1427157351.858,60.057762
1427157351.873,66.95026
1427157351.889,72.67362
1427157351.904,75.68403
1427157351.92,74.64908
1427157351.936,68.96681
1427157351.951,59.08138
1427157351.967,46.381783
1427157351.983,32.734608
1427157351.998,19.83935
1427157352.014,8.741101
1427157352.029,-0.29194868
1427157352.045,-7.5547895
1427157352.061,-13.525334
1427157352.076,-18.576687
1427157352.092,-22.842434
1427157352.108,-26.294863
1427157352.123,-28.897509
1427157352.139,-30.724812
1427157352.154,-31.984636
1427157352.17,-32.977043
1427157352.186,-34.008232
1427157352.201,-35.280766
1427157352.217,-36.83334
1427157352.233,-38.530968
1427157352.248,-40.156868
1427157352.264,-41.489914
1427157352.28,-42.39873
1427157352.295,-42.881374
1427157352.311,-43.00247
1427157352.326,-42.771793
1427157352.342,-42.089005
1427157352.358,-40.81917
1427157352.373,-38.817657
1427157352.389,-36.073025
1427157352.405,-32.712147
1427157352.42,-28.948128
1427157352.436,-25.00885
1427157352.451,-21.117474
1427157352.467,-17.409925
1427157352.483,-13.987033
1427157352.498,-10.862717
1427157352.514,-7.9510155
1427157352.53,-5.0570507
1427157352.545,-1.9509315
1427157352.561,1.5370302
1427157352.576,5.4169674
1427157352.592,9.516261
1427157352.608,13.580546
1427157352.623,17.364578
1427157352.639,20.737713
1427157352.655,23.748888
1427157352.67,26.584064
1427157352.686,29.515333
1427157352.701,32.840027
1427157352.717,36.861526
1427157352.733,41.81685
1427157352.748,47.77919
1427157352.764,54.497917
1427157352.78,61.23185
1427157352.795,66.77052
1427157352.811,69.686356
1427157352.826,68.743866
1427157352.842,63.422318
1427157352.858,54.14351
1427157352.873,42.227364
1427157352.889,29.443485
1427157352.905,17.397108
1427157352.92,7.034071
1427157352.936,-1.4559002
1427157352.951,-8.4820595
1427157352.967,-14.556429
1427157352.983,-19.94943
1427157352.998,-24.562565
1427157353.014,-28.090652
1427157353.03,-30.303984
1427157353.045,-31.266098
1427157353.061,-31.334543
1427157353.076,-31.059649
1427157353.092,-30.914474
1427157353.108,-31.114521
1427157353.123,-31.604967
1427157353.139,-32.138206
1427157353.155,-32.42518
1427157353.17,-32.322803
1427157353.186,-31.880453
1427157353.201,-31.30532
1427157353.217,-30.79659
1427157353.233,-30.436014
1427157353.248,-30.066603
1427157353.264,-29.357832
1427157353.28,-27.922634
1427157353.295,-25.557632
1427157353.311,-22.314327
1427157353.326,-18.566614
1427157353.342,-14.809595
1427157353.358,-11.479866
1427157353.373,-8.716854
1427157353.389,-6.322962
1427157353.405,-3.8549328
1427157353.42,-0.81482315
1427157353.436,3.0977516
1427157353.451,7.849489
1427157353.467,13.063253
1427157353.483,18.152699
1427157353.498,22.616217
1427157353.514,26.166348
1427157353.53,28.907166
1427157353.545,31.256336
1427157353.561,33.83924
1427157353.576,37.263332
1427157353.592,41.97771
1427157353.608,48.083622
1427157353.623,55.17768
1427157353.639,62.289127
1427157353.655,67.96716
1427157353.67,70.62892
1427157353.686,69.06802
1427157353.701,62.9021
1427157353.717,52.85352
1427157353.733,40.50514
1427157353.748,27.765537
1427157353.764,16.165588
1427157353.78,6.5029774
1427157353.795,-1.2778301
1427157353.811,-7.6864567
1427157353.826,-13.322075
1427157353.842,-18.493122
1427157353.858,-23.19293
1427157353.873,-27.225182
1427157353.889,-30.395897
1427157353.905,-32.651844
1427157353.92,-34.136505
1427157353.936,-35.1258
1427157353.951,-35.92304
1427157353.967,-36.763798
1427157353.983,-37.77952
1427157353.998,-38.89859
1427157354.014,-39.964996
1427157354.03,-40.764275
1427157354.045,-41.19729
1427157354.061,-41.24038
1427157354.076,-41.009056
1427157354.092,-40.567772
1427157354.108,-39.895527
1427157354.123,-38.818855
1427157354.139,-37.13376
1427157354.155,-34.69451
1427157354.17,-31.508972
1427157354.186,-27.76167
1427157354.201,-23.730515
1427157354.217,-19.712505
1427157354.233,-15.910814
1427157354.248,-12.404558
1427157354.264,-9.143784
1427157354.28,-5.9595337
1427157354.295,-2.632061
1427157354.311,1.0516663
1427157354.326,5.191921
1427157354.342,9.739548
1427157354.358,14.467606
1427157354.373,19.0551
1427157354.389,23.163544
1427157354.405,26.628525
1427157354.42,29.567162
1427157354.436,32.293064
1427157354.451,35.278866
1427157354.467,39.019802
1427157354.483,43.858047
1427157354.498,49.899143
1427157354.514,56.899616
1427157354.53,64.178925
1427157354.545,70.58464
1427157354.561,74.67322
1427157354.576,75.035904
1427157354.592,70.80003
1427157354.608,61.966087
1427157354.623,49.594486
1427157354.639,35.444332
1427157354.655,21.440273
1427157354.67,9.059078
1427157354.686,-1.046463
1427157354.701,-8.977901
1427157354.717,-15.3033905
1427157354.733,-20.598473
1427157354.748,-25.165539
1427157354.764,-28.981464
1427157354.78,-31.850723
1427157354.795,-33.61559
1427157354.811,-34.312183
1427157354.826,-34.208282
1427157354.842,-33.70242
1427157354.858,-33.219418
1427157354.873,-33.027725
1427157354.889,-33.22234
1427157354.905,-33.756474
1427157354.92,-34.48598
1427157354.936,-35.28452
1427157354.952,-36.091805
1427157354.967,-36.885
1427157354.983,-37.600212
1427157354.998,-38.0769
1427157355.014,-38.031853
1427157355.03,-37.135876
1427157355.045,-35.19707
1427157355.061,-32.209984
1427157355.077,-28.439537
1427157355.092,-24.274197
1427157355.108,-20.132332
1427157355.123,-16.293602
1427157355.139,-12.890411
1427157355.155,-9.857624
1427157355.17,-7.022072
1427157355.186,-4.11549
1427157355.202,-0.86832047
1427157355.217,2.9542465
1427157355.233,7.411747
1427157355.248,12.359653
1427157355.264,17.403172
1427157355.28,22.082012
1427157355.295,26.026733
1427157355.311,29.15672
1427157355.327,31.721619
1427157355.342,34.26354
1427157355.358,37.3793
1427157355.373,41.543774
1427157355.389,46.963615
1427157355.405,53.428867
1427157355.42,60.30067
1427157355.436,66.510056
1427157355.452,70.732574
1427157355.467,71.702225
1427157355.483,68.58615
1427157355.498,61.359455
1427157355.514,50.87034
1427157355.53,38.639687
1427157355.545,26.316689
1427157355.561,15.195702
1427157355.577,5.8757095
1427157355.592,-1.681736
1427157355.608,-7.8963814
1427157355.623,-13.192398
1427157355.639,-17.768139
1427157355.655,-21.58244
1427157355.67,-24.505672
1427157355.686,-26.52539
1427157355.702,-27.856121
1427157355.717,-28.877487
1427157355.733,-30.014977
1427157355.748,-31.504158
1427157355.764,-33.301174
1427157355.78,-35.11308
1427157355.795,-36.566612
1427157355.811,-37.41887
1427157355.827,-37.671326
1427157355.842,-37.534374
1427157355.858,-37.222843
1427157355.873,-36.771187
1427157355.889,-35.917812
1427157355.905,-34.263397
1427157355.92,-31.46796
1427157355.936,-27.533089
1427157355.952,-22.857838
1427157355.967,-18.068375
1427157355.983,-13.774769
1427157355.998,-10.248634
1427157356.014,-7.3630104
1427157356.03,-4.6447067
1427157356.045,-1.58358
1427157356.061,2.1410065
1427157356.077,6.49094
1427157356.092,11.097866
1427157356.108,15.456404
1427157356.123,19.132504
1427157356.139,21.988726
1427157356.155,24.258507
1427157356.17,26.473978
1427157356.186,29.28519
1427157356.202,33.24157
1427157356.217,38.618675
1427157356.233,45.255238
1427157356.248,52.493702
1427157356.264,59.213287
1427157356.28,64.021484
1427157356.295,65.58136
1427157356.311,62.986275
1427157356.327,56.17782
1427157356.342,45.98981
1427157356.358,33.991066
1427157356.373,21.927132
1427157356.389,11.167854
1427157356.405,2.316269
1427157356.42,-4.8073254
1427157356.436,-10.823156
1427157356.452,-16.370977
1427157356.467,-21.730568
1427157356.483,-26.7707
1427157356.498,-31.079447
1427157356.514,-34.27824
1427157356.53,-36.192833
1427157356.545,-37.01232
1427157356.561,-37.16487
1427157356.577,-37.157333
1427157356.592,-37.384262
1427157356.608,-37.999405
1427157356.623,-38.888924
1427157356.639,-39.796936
1427157356.655,-40.45155
1427157356.67,-40.72916
1427157356.686,-40.678146
1427157356.702,-40.45893
1427157356.717,-40.164783
1427157356.733,-39.683926
1427157356.748,-38.679256
1427157356.764,-36.76264
1427157356.78,-33.673065
1427157356.795,-29.484491
1427157356.811,-24.592968
1427157356.827,-19.619415
1427157356.842,-15.09451
1427157356.858,-11.300674
1427157356.873,-8.1386795
1427157356.889,-5.1919727
1427157356.905,-1.9469299
1427157356.92,1.9821434
1427157356.936,6.6864815
1427157356.952,11.929783
1427157356.967,17.267721
1427157356.983,22.218582
1427157356.998,26.480457
1427157357.014,30.005352
1427157357.03,32.982494
1427157357.045,35.762882
1427157357.061,38.804188
1427157357.077,42.57108
1427157357.092,47.469475
1427157357.108,53.687943
1427157357.123,60.978905
1427157357.139,68.44504
1427157357.155,74.615364
1427157357.17,77.758675
1427157357.186,76.498055
1427157357.202,70.327286
1427157357.217,59.91879
1427157357.233,46.878624
1427157357.248,33.14689
1427157357.264,20.313602
1427157357.28,9.233766
1427157357.295,-0.03528309
1427157357.311,-7.86872
1427157357.327,-14.680291
1427157357.342,-20.618362
1427157357.358,-25.628973
1427157357.373,-29.591187
1427157357.389,-32.501297
1427157357.405,-34.564476
1427157357.42,-36.139698
1427157357.436,-37.548607
1427157357.452,-39.017067
1427157357.467,-40.573807
1427157357.483,-42.119564
1427157357.498,-43.48957
1427157357.514,-44.552467
1427157357.53,-45.247887
1427157357.545,-45.63842
1427157357.561,-45.802074
1427157357.577,-45.772243
1427157357.592,-45.50891
1427157357.608,-44.85191
1427157357.624,-43.597145
1427157357.639,-41.598534
1427157357.655,-38.82579
1427157357.67,-35.39972
1427157357.686,-31.531898
1427157357.702,-27.466766
1427157357.717,-23.380327
1427157357.733,-19.421513
1427157357.748,-15.660716
1427157357.764,-12.156728
1427157357.78,-8.91048
1427157357.795,-5.8549347
1427157357.811,-2.8186302
1427157357.827,0.40560913
1427157357.842,4.0245705
1427157357.858,8.149027
1427157357.874,12.6849
1427157357.889,17.399729
1427157357.905,21.988981
1427157357.92,26.185364
1427157357.936,29.882967
1427157357.952,33.20063
1427157357.967,36.433014
1427157357.983,39.97854
1427157357.999,44.259735
1427157358.014,49.599075
1427157358.03,56.1191
1427157358.045,63.476353
1427157358.061,70.78673
1427157358.077,76.6235
1427157358.092,79.363365
1427157358.108,77.71261
1427157358.124,71.256546
1427157358.139,60.64743
1427157358.155,47.47216
1427157358.17,33.664215
1427157358.186,20.855417
1427157358.202,9.927542
1427157358.217,0.9948673
1427157358.233,-6.3442936
1427157358.249,-12.554771
1427157358.264,-17.902187
1427157358.28,-22.365715
1427157358.295,-25.842772
1427157358.311,-28.255524
1427157358.327,-29.771553
1427157358.342,-30.712105
1427157358.358,-31.478275
1427157358.374,-32.356792
1427157358.389,-33.42381
1427157358.405,-34.530136
1427157358.42,-35.409218
1427157358.436,-35.838654
1427157358.452,-35.812065
1427157358.467,-35.51646
1427157358.483,-35.22503
1427157358.499,-35.087715
1427157358.514,-34.975235
1427157358.53,-34.491215
1427157358.545,-33.15791
1427157358.561,-30.685675
1427157358.577,-27.134869
1427157358.592,-22.89807
1427157358.608,-18.56959
1427157358.624,-14.639658
1427157358.639,-11.311603
1427157358.655,-8.450382
1427157358.67,-5.6499014
1427157358.686,-2.47085
1427157358.702,1.3659954
1427157358.717,5.789952
1427157358.733,10.418313
1427157358.749,14.730119
1427157358.764,18.270096
1427157358.78,20.932487
1427157358.795,23.011406
1427157358.811,25.148323
1427157358.827,28.053295
1427157358.842,32.330486
1427157358.858,38.19761
1427157358.874,45.417328
1427157358.889,53.237602
1427157358.905,60.451508
1427157358.92,65.59273
1427157358.936,67.27125
1427157358.952,64.54073
1427157358.967,57.3023
1427157358.983,46.425617
1427157358.999,33.50652
1427157359.014,20.392782
1427157359.03,8.559466
1427157359.045,-1.2407303
1427157359.061,-9.052195
1427157359.077,-15.453722
1427157359.092,-21.036427
1427157359.108,-26.161888
1427157359.124,-30.776207
1427157359.139,-34.612198
1427157359.155,-37.41429
1427157359.17,-39.164494
1427157359.186,-40.13675
1427157359.202,-40.74668
1427157359.217,-41.35971
1427157359.233,-42.13377
1427157359.249,-42.922215
1427157359.264,-43.434696
1427157359.28,-43.387264
1427157359.295,-42.65487
1427157359.311,-41.351448
1427157359.327,-39.736805
1427157359.342,-38.08513
1427157359.358,-36.528564
1427157359.374,-34.994987
1427157359.389,-33.282494
1427157359.405,-31.149506
1427157359.42,-28.485416
1427157359.436,-25.28162
1427157359.452,-21.692375
1427157359.467,-17.889584
1427157359.483,-14.071303
1427157359.499,-10.399567
1427157359.514,-6.9838943
1427157359.53,-3.8256679
1427157359.545,-0.8202696
1427157359.561,2.264814
1427157359.577,5.7212205
1427157359.592,9.745613
1427157359.608,14.342863
1427157359.624,19.254015
1427157359.639,24.077099
1427157359.655,28.440332
1427157359.67,32.19795
1427157359.686,35.507675
1427157359.702,38.752743
1427157359.717,42.417374
1427157359.733,46.896873
1427157359.749,52.460556
1427157359.764,59.117958
1427157359.78,66.51509
1427157359.795,73.7852
1427157359.811,79.55214
1427157359.827,82.184975
1427157359.842,80.31792
1427157359.858,73.41287
1427157359.874,62.059444
1427157359.889,47.84989
1427157359.905,32.827106
1427157359.92,18.73925
1427157359.936,6.605893
1427157359.952,-3.480606
1427157359.967,-11.934091
1427157359.983,-19.280334
1427157359.999,-25.774487
1427157360.014,-31.365993
1427157360.03,-35.859306
1427157360.045,-39.152473
1427157360.061,-41.36203
1427157360.077,-42.794624
1427157360.092,-43.774452
1427157360.108,-44.514282
1427157360.124,-45.09945
1427157360.139,-45.490208
1427157360.155,-45.61577
1427157360.17,-45.483093
1427157360.186,-45.12459
1427157360.202,-44.613884
1427157360.217,-43.97116
1427157360.233,-43.18424
1427157360.249,-42.176754
1427157360.264,-40.875404
1427157360.28,-39.182537
1427157360.296,-37.015858
1427157360.311,-34.293495
1427157360.327,-31.0141
1427157360.342,-27.25402
1427157360.358,-23.182552
1427157360.374,-19.053238
1427157360.389,-15.09567
1427157360.405,-11.464651
1427157360.42,-8.243511
1427157360.436,-5.3664293
1427157360.452,-2.7370377
1427157360.467,-0.1662426
1427157360.483,2.5311813
1427157360.499,5.5635757
1427157360.514,9.047077
1427157360.53,12.985469
1427157360.546,17.202791
1427157360.561,21.450512
1427157360.577,25.448399
1427157360.592,29.074755
1427157360.608,32.43803
1427157360.624,35.875927
1427157360.639,39.893616
1427157360.655,44.963657
1427157360.671,51.36313
1427157360.686,58.91189
1427157360.702,66.816864
1427157360.717,73.741135
1427157360.733,78.018166
1427157360.749,78.20845
1427157360.764,73.569725
1427157360.78,64.38965
1427157360.796,51.945236
1427157360.811,38.093246
1427157360.827,24.632498
1427157360.842,12.821928
1427157360.858,3.1541367
1427157360.874,-4.565262
1427157360.889,-10.846141
1427157360.905,-16.164444
1427157360.921,-20.748238
1427157360.936,-24.56536
1427157360.952,-27.505182
1427157360.967,-29.563942
1427157360.983,-30.950388
1427157360.999,-32.02276
1427157361.014,-33.17911
1427157361.03,-34.61857
1427157361.046,-36.29741
1427157361.061,-37.96135
1427157361.077,-39.326378
1427157361.092,-40.225147
1427157361.108,-40.694237
1427157361.124,-40.885433
1427157361.139,-40.946945
1427157361.155,-40.85486
1427157361.171,-40.392967
1427157361.186,-39.230633
1427157361.202,-37.094147
1427157361.217,-33.864143
1427157361.233,-29.731613
1427157361.249,-25.085564
1427157361.264,-20.44368
1427157361.28,-16.206276
1427157361.296,-12.533312
1427157361.311,-9.198839
1427157361.327,-5.746586
1427157361.342,-1.6719437
1427157361.358,3.2647343
1427157361.374,8.904427
1427157361.389,14.734335
1427157361.405,20.1141
1427157361.421,24.593332
1427157361.436,28.130974
1427157361.452,31.099237
1427157361.467,34.117584
1427157361.483,37.850437
1427157361.499,42.80747
1427157361.514,49.119347
1427157361.53,56.44822
1427157361.546,63.909126
1427157361.561,70.16188
1427157361.577,73.63675
1427157361.592,73.037254
1427157361.608,67.72987
1427157361.624,58.1121
1427157361.639,45.45474
1427157361.655,31.55789
1427157361.671,18.159817
1427157361.686,6.4125023
1427157361.702,-3.3228302
1427157361.717,-11.309402
1427157361.733,-18.06927
1427157361.749,-24.013918
1427157361.764,-29.26143
1427157361.78,-33.657772
1427157361.796,-37.02797
1427157361.811,-39.303596
1427157361.827,-40.67994
1427157361.842,-41.48562
1427157361.858,-42.09424
1427157361.874,-42.76945
1427157361.889,-43.60414
1427157361.905,-44.55361
1427157361.921,-45.50166
1427157361.936,-46.320896
1427157361.952,-46.89651
1427157361.967,-47.090412
1427157361.983,-46.784737
1427157361.999,-45.864296
1427157362.014,-44.304665
1427157362.03,-42.141678
1427157362.046,-39.484734
1427157362.061,-36.429337
1427157362.077,-33.04603
1427157362.092,-29.346897
1427157362.108,-25.354078
1427157362.124,-21.143284
1427157362.139,-16.87042
1427157362.155,-12.752125
1427157362.171,-8.971939
1427157362.186,-5.6152954
1427157362.202,-2.5957031
1427157362.217,0.35103035
1427157362.233,3.5489845
1427157362.249,7.2599316
1427157362.264,11.536383
1427157362.28,16.181107
1427157362.296,20.823248
1427157362.311,25.071878
1427157362.327,28.707367
1427157362.342,31.821878
1427157362.358,34.742596
1427157362.374,37.963905
1427157362.389,41.944237
1427157362.405,47.019325
1427157362.421,53.284393
1427157362.436,60.571274
1427157362.452,68.281
1427157362.467,75.342155
1427157362.483,80.30508
1427157362.499,81.63924
1427157362.514,78.25435
1427157362.53,69.996254
1427157362.546,57.793507
1427157362.561,43.433933
1427157362.577,28.934736
1427157362.592,15.900108
1427157362.608,5.076597
1427157362.624,-3.6231556
1427157362.639,-10.813568
1427157362.655,-17.094538
1427157362.671,-22.773182
1427157362.686,-27.776436
1427157362.702,-31.895565
1427157362.717,-34.972237
1427157362.733,-37.1278
1427157362.749,-38.676994
1427157362.764,-40.02747
1427157362.78,-41.46057
1427157362.796,-43.047825
1427157362.811,-44.67034
1427157362.827,-46.092194
1427157362.842,-47.12137
1427157362.858,-47.64737
1427157362.874,-47.691227
1427157362.889,-47.32039
1427157362.905,-46.551834
1427157362.921,-45.3619
1427157362.936,-43.677242
1427157362.952,-41.456924
1427157362.967,-38.707962
1427157362.983,-35.529045
1427157362.999,-32.02481
1427157363.014,-28.293991
1427157363.03,-24.370852
1427157363.046,-20.29383
1427157363.061,-16.09235
1427157363.077,-11.874203
1427157363.092,-7.7596626
1427157363.108,-3.8672848
1427157363.124,-0.23565006
1427157363.139,3.1703444
1427157363.155,6.4833193
1427157363.171,9.838058
1427157363.186,13.327883
1427157363.202,16.962719
1427157363.218,20.679617
1427157363.233,24.323055
1427157363.249,27.7735
1427157363.264,30.96213
1427157363.28,33.9459
1427157363.296,36.93044
1427157363.311,40.272697
1427157363.327,44.418232
1427157363.343,49.75733
1427157363.358,56.398438
1427157363.374,63.98931
1427157363.389,71.50399
1427157363.405,77.45499
1427157363.421,80.15588
1427157363.436,78.31856
1427157363.452,71.48538
1427157363.468,60.31868
1427157363.483,46.38121
1427157363.499,31.685486
1427157363.514,17.99323
1427157363.53,6.3802137
1427157363.546,-2.9136422
1427157363.561,-10.257956
1427157363.577,-16.21887
1427157363.593,-21.202526
1427157363.608,-25.317043
1427157363.624,-28.475044
1427157363.639,-30.63673
1427157363.655,-31.945948
1427157363.671,-32.78348
1427157363.686,-33.58487
1427157363.702,-34.670967
1427157363.718,-36.056713
1427157363.733,-37.54079
1427157363.749,-38.781136
1427157363.764,-39.519806
1427157363.78,-39.701958
1427157363.796,-39.46532
1427157363.811,-39.04452
1427157363.827,-38.595024
1427157363.843,-38.105625
1427157363.858,-37.3451
1427157363.874,-35.99792
1427157363.889,-33.792976
1427157363.905,-30.656086
1427157363.921,-26.742722
1427157363.936,-22.40938
1427157363.952,-18.067114
1427157363.968,-14.069117
1427157363.983,-10.573551
1427157363.999,-7.4928894
1427157364.014,-4.5815067
1427157364.03,-1.5037712
1427157364.046,2.0045276
1427157364.061,6.0294204
1427157364.077,10.435624
1427157364.093,14.946036
1427157364.108,19.248537
1427157364.124,23.148952
1427157364.139,26.643045
1427157364.155,29.912914
1427157364.171,33.294098
1427157364.186,37.19534
1427157364.202,41.970413
1427157364.218,47.86512
1427157364.233,54.760918
1427157364.249,62.04203
1427157364.264,68.522934
1427157364.28,72.66392
1427157364.296,72.99434
1427157364.311,68.67773
1427157364.327,59.88622
1427157364.343,47.791122
1427157364.358,34.199894
1427157364.374,20.861372
1427157364.389,8.961112
1427157364.405,-1.1021194
1427157364.421,-9.518169
1427157364.436,-16.725271
1427157364.452,-23.004757
1427157364.468,-28.369778
1427157364.483,-32.635105
1427157364.499,-35.631138
1427157364.514,-37.3691
1427157364.53,-38.126152
1427157364.546,-38.338478
1427157364.561,-38.48434
1427157364.577,-38.92477
1427157364.593,-39.75976
1427157364.608,-40.855354
1427157364.624,-41.915848
1427157364.639,-42.64482
1427157364.655,-42.85939
1427157364.671,-42.591385
1427157364.686,-41.94877
1427157364.702,-41.048225
1427157364.718,-39.89441
1427157364.733,-38.423378
1427157364.749,-36.53379
1427157364.764,-34.19874
1427157364.78,-31.451519
1427157364.796,-28.387302
1427157364.811,-25.058777
1427157364.827,-21.502716
1427157364.843,-17.742445
1427157364.858,-13.852749
1427157364.874,-9.962068
1427157364.889,-6.2035594
1427157364.905,-2.6270373
1427157364.921,0.85402656
1427157364.936,4.4294124
1427157364.952,8.279401
1427157364.968,12.484138
1427157364.983,16.935965
1427157364.999,21.405458
1427157365.014,25.606949
1427157365.03,29.34812
1427157365.046,32.57938
1427157365.061,35.47966
1427157365.077,38.354927
1427157365.093,41.63819
1427157365.108,45.746883
1427157365.124,51.009094
1427157365.139,57.464447
1427157365.155,64.733215
1427157365.171,71.85284
1427157365.186,77.37821
1427157365.202,79.67209
1427157365.218,77.48131
1427157365.233,70.38081
1427157365.249,59.068245
1427157365.264,45.131386
1427157365.28,30.568901
1427157365.296,17.053604
1427157365.311,5.565161
1427157365.327,-3.8060346
1427157365.343,-11.469331
1427157365.358,-17.970598
1427157365.374,-23.651001
1427157365.389,-28.60066
1427157365.405,-32.744488
1427157365.421,-36.026165
1427157365.436,-38.498814
1427157365.452,-40.303093
1427157365.468,-41.615078
1427157365.483,-42.58937
1427157365.499,-43.334915
1427157365.514,-43.919235
1427157365.53,-44.402065
1427157365.546,-44.808384
1427157365.561,-45.138836
1427157365.577,-45.35345
1427157365.593,-45.377834
1427157365.608,-45.123634
1427157365.624,-44.4637
1427157365.639,-43.32096
1427157365.655,-41.60435
1427157365.671,-39.343903
1427157365.686,-36.63475
1427157365.702,-33.674816
1427157365.718,-30.64212
1427157365.733,-27.679642
1427157365.749,-24.7665
1427157365.764,-21.780844
1427157365.78,-18.555855
1427157365.796,-14.978648
1427157365.811,-11.055569
1427157365.827,-6.971427
1427157365.843,-2.971448
1427157365.858,0.720449
1427157365.874,4.057334
1427157365.89,7.1608543
1427157365.905,10.3105545
1427157365.921,13.755938
1427157365.936,17.646347
1427157365.952,21.887878
1427157365.968,26.279545
1427157365.983,30.579498
1427157365.999,34.64153
1427157366.015,38.506294
1427157366.03,42.410126
1427157366.046,46.70411
1427157366.061,51.821552
1427157366.077,58.084885
1427157366.093,65.515396
1427157366.108,73.58197
1427157366.124,81.07417
1427157366.14,86.28466
1427157366.155,87.48724
1427157366.171,83.53731
1427157366.186,74.426125
1427157366.202,61.29776
1427157366.218,46.118244
1427157366.233,30.93988
1427157366.249,17.287283
1427157366.265,5.7636127
1427157366.28,-3.7642565
1427157366.296,-11.816957
1427157366.311,-18.8572
1427157366.327,-25.0899
1427157366.343,-30.429792
1427157366.358,-34.709824
1427157366.374,-37.854053
1427157366.39,-39.974255
1427157366.405,-41.329952
1427157366.421,-42.28305
1427157366.436,-43.13261
1427157366.452,-44.070156
1427157366.468,-45.080112
1427157366.483,-45.997562
1427157366.499,-46.617
1427157366.515,-46.838276
1427157366.53,-46.669132
1427157366.546,-46.236565
1427157366.561,-45.620045
1427157366.577,-44.79393
1427157366.593,-43.56311
1427157366.608,-41.670376
1427157366.624,-38.939648
1427157366.64,-35.419136
1427157366.655,-31.404352
1427157366.671,-27.323027
1427157366.686,-23.55083
1427157366.702,-20.285114
1427157366.718,-17.466946
1427157366.733,-14.854267
1427157366.749,-12.177679
1427157366.765,-9.303626
1427157366.78,-6.29082
1427157366.796,-3.324215
1427157366.811,-0.50461006
1427157366.827,2.1902142
1427157366.843,5.0188465
1427157366.858,8.33588
1427157366.874,12.374773
1427157366.89,17.069342
1427157366.905,22.048702
1427157366.921,26.777302
1427157366.936,30.812923
1427157366.952,33.99602
1427157366.968,36.55342
1427157366.983,38.946632
1427157366.999,41.791733
1427157367.015,45.64123
1427157367.03,50.8636
1427157367.046,57.449013
1427157367.061,64.84792
1427157367.077,71.85468
1427157367.093,76.8009
1427157367.108,77.98007
1427157367.124,74.258064
1427157367.14,65.58479
1427157367.155,53.07532
1427157367.171,38.644737
1427157367.186,24.367489
1427157367.202,11.750172
1427157367.218,1.4835682
1427157367.233,-6.551794
1427157367.249,-12.86717
1427157367.265,-17.95925
1427157367.28,-22.045547
1427157367.296,-25.12815
1427157367.311,-27.08761
1427157367.327,-27.942366
1427157367.343,-27.945017
1427157367.358,-27.525282
1427157367.374,-27.177332
1427157367.39,-27.263075
1427157367.405,-27.890781
1427157367.421,-28.936537
1427157367.436,-30.09185
1427157367.452,-31.101265
1427157367.468,-31.847038
1427157367.483,-32.423477
1427157367.499,-33.00054
1427157367.515,-33.69593
1427157367.53,-34.366226
1427157367.546,-34.667664
1427157367.561,-34.127808
1427157367.577,-32.397804
1427157367.593,-29.41127
1427157367.608,-25.43114
1427157367.624,-20.954708
1427157367.64,-16.460468
1427157367.655,-12.190926
1427157367.671,-8.060922
1427157367.686,-3.7559366
1427157367.702,1.012866
1427157367.718,6.2586756
1427157367.733,11.623742
1427157367.749,16.482187
1427157367.765,20.191877
1427157367.78,22.43591
1427157367.796,23.329258
1427157367.811,23.417229
1427157367.827,23.439137
1427157367.843,24.138378
1427157367.858,26.1189
1427157367.874,29.782387
1427157367.89,35.32981
1427157367.905,42.60931
1427157367.921,50.9193
1427157367.936,58.93096
1427157367.952,64.85435
1427157367.968,66.94257
1427157367.983,64.083664
1427157367.999,56.32639
1427157368.015,44.84027
1427157368.03,31.547586
1427157368.046,18.388977
1427157368.061,6.7306585
1427157368.077,-2.9228892
1427157368.093,-10.767359
1427157368.108,-17.2883
1427157368.124,-22.899311
1427157368.14,-27.700836
1427157368.155,-31.621735
1427157368.171,-34.578568
1427157368.186,-36.605335
1427157368.202,-37.92756
1427157368.218,-38.85327
1427157368.233,-39.66613
1427157368.249,-40.511692
1427157368.265,-41.38504
1427157368.28,-42.155914
1427157368.296,-42.65936
1427157368.311,-42.755627
1427157368.327,-42.37481
1427157368.343,-41.54236
1427157368.358,-40.342922
1427157368.374,-38.921383
1427157368.39,-37.36865
1427157368.405,-35.711372
1427157368.421,-33.82211
1427157368.436,-31.498148
1427157368.452,-28.547071
1427157368.468,-24.89423
1427157368.483,-20.711922
1427157368.499,-16.342987
1427157368.515,-12.205222
1427157368.53,-8.564632
1427157368.546,-5.4420023
1427157368.562,-2.6066074
1427157368.577,0.3120556
1427157368.593,3.6028442
1427157368.608,7.371274
1427157368.624,11.454758
1427157368.64,15.554096
1427157368.655,19.377874
1427157368.671,22.77605
1427157368.686,25.854568
1427157368.702,28.885284
1427157368.718,32.24694
1427157368.733,36.311836
1427157368.749,41.391144
1427157368.765,47.698555
1427157368.78,55.233704
1427157368.796,63.62706
1427157368.812,71.98369
1427157368.827,78.933426
1427157368.843,82.90071
1427157368.858,82.562294
1427157368.874,77.38465
1427157368.89,67.84858
1427157368.905,55.353863
1427157368.921,41.68722
1427157368.937,28.424507
1427157368.952,16.49057
1427157368.968,6.0678406
1427157368.983,-3.157957
1427157368.999,-11.590776
1427157369.015,-19.44761
1427157369.03,-26.6129
1427157369.046,-32.78953
1427157369.062,-37.659748
1427157369.077,-41.08579
1427157369.093,-43.19992
1427157369.108,-44.32881
1427157369.124,-44.876816
1427157369.14,-45.226925
1427157369.155,-45.585995
1427157369.171,-45.984173
1427157369.187,-46.31627
1427157369.202,-46.42945
1427157369.218,-46.22199
1427157369.233,-45.69713
1427157369.249,-44.93348
1427157369.265,-43.990646
1427157369.28,-42.817024
1427157369.296,-41.268417
1427157369.312,-39.148895
1427157369.327,-36.338078
1427157369.343,-32.839806
1427157369.358,-28.808092
1427157369.374,-24.473974
1427157369.39,-20.100336
1427157369.405,-15.891735
1427157369.421,-11.96892
1427157369.437,-8.360407
1427157369.452,-5.000807
1427157369.468,-1.722992
1427157369.483,1.6292744
1427157369.499,5.239464
1427157369.515,9.174818
1427157369.53,13.421097
1427157369.546,17.85531
1427157369.562,22.315258
1427157369.577,26.634384
1427157369.593,30.697918
1427157369.608,34.50125
1427157369.624,38.15149
1427157369.64,41.890205
1427157369.655,46.098778
1427157369.671,51.22744
1427157369.687,57.60001
1427157369.702,65.206314
1427157369.718,73.40396
1427157369.733,80.92604
1427157369.749,86.0879
1427157369.765,87.248474
1427157369.78,83.43259
1427157369.796,74.67729
1427157369.812,62.086967
1427157369.827,47.449642
1427157369.843,32.6586
1427157369.858,19.098698
1427157369.874,7.4159584
1427157369.89,-2.4890099
1427157369.905,-11.035339
1427157369.921,-18.657326
1427157369.937,-25.523884
1427157369.952,-31.574257
1427157369.968,-36.61866
1427157369.983,-40.548935
1427157369.999,-43.413654
1427157370.015,-45.439064
1427157370.03,-46.911102
1427157370.046,-48.098766
1427157370.062,-49.12001
1427157370.077,-50.007088
1427157370.093,-50.686806
1427157370.108,-51.098255
1427157370.124,-51.198044
1427157370.14,-50.998085
1427157370.155,-50.522472
1427157370.171,-49.778053
1427157370.187,-48.717712
1427157370.202,-47.26026
1427157370.218,-45.303864
1427157370.233,-42.769695
1427157370.249,-39.647003
1427157370.265,-36.01434
1427157370.28,-32.016777
1427157370.296,-27.827599
1427157370.312,-23.647526
1427157370.327,-19.62331
1427157370.343,-15.844212
1427157370.358,-12.294651
1427157370.374,-8.822285
1427157370.39,-5.207939
1427157370.405,-1.219429
1427157370.421,3.270172
1427157370.437,8.206429
1427157370.452,13.363522
1427157370.468,18.450733
1427157370.483,23.238895
1427157370.499,27.68312
1427157370.515,31.88208
1427157370.53,36.051197
1427157370.546,40.44056
1427157370.562,45.29866
1427157370.577,50.904667
1427157370.593,57.473866
1427157370.608,65.01016
1427157370.624,73.023834
1427157370.64,80.371414
1427157370.655,85.39626
1427157370.671,86.3805
1427157370.687,82.209404
1427157370.702,72.85154
1427157370.718,59.483063
1427157370.733,44.05735
1427157370.749,28.66079
1427157370.765,14.803459
1427157370.78,3.156231
1427157370.796,-6.379669
1427157370.812,-14.275616
1427157370.827,-20.965313
1427157370.843,-26.60884
1427157370.858,-31.12133
1427157370.874,-34.38105
1427157370.89,-36.432823
1427157370.905,-37.583298
1427157370.921,-38.333282
1427157370.937,-39.165787
1427157370.952,-40.375305
1427157370.968,-41.931396
1427157370.983,-43.554268
1427157370.999,-44.847336
1427157371.015,-45.57157
1427157371.03,-45.72995
1427157371.046,-45.56562
1427157371.062,-45.39261
1427157371.077,-45.372444
1427157371.093,-45.38877
1427157371.108,-45.05059
1427157371.124,-43.861557
1427157371.14,-41.475525
1427157371.155,-37.84088
1427157371.171,-33.25872
1427157371.187,-28.242981
1427157371.202,-23.362076
1427157371.218,-18.973076
1427157371.234,-15.094131
1427157371.249,-11.402924
1427157371.265,-7.3964767
1427157371.28,-2.6260529
1427157371.296,3.019333
1427157371.312,9.263939
1427157371.327,15.502861
1427157371.343,21.103554
1427157371.358,25.671654
1427157371.374,29.24958
1427157371.39,32.284225
1427157371.405,35.467094
1427157371.421,39.509422
1427157371.437,44.966476
1427157371.452,52.062607
1427157371.468,60.6298
1427157371.484,69.92007
1427157371.499,78.62627
1427157371.515,84.99636
1427157371.53,87.29626
1427157371.546,84.30162
1427157371.562,75.8621
1427157371.577,63.00509
1427157371.593,47.639343
1427157371.609,31.932022
1427157371.624,17.592255
1427157371.64,5.4896393
1427157371.655,-4.3818665
1427157371.671,-12.549072
1427157371.687,-19.584053
1427157371.702,-25.794289
1427157371.718,-31.17987
1427157371.734,-35.58625
1427157371.749,-38.960762
1427157371.765,-41.42708
1427157371.78,-43.294144
1427157371.796,-44.923386
1427157371.812,-46.546364
1427157371.827,-48.214638
1427157371.843,-49.797356
1427157371.859,-51.129295
1427157371.874,-52.050606
1427157371.89,-52.530006
1427157371.905,-52.595596
1427157371.921,-52.29457
1427157371.937,-51.61888
1427157371.952,-50.5119
1427157371.968,-48.890617
1427157371.984,-46.745026
1427157371.999,-44.131874
1427157372.015,-41.170654
1427157372.03,-37.95378
1427157372.046,-34.52533
1427157372.062,-30.864807
1427157372.077,-26.9516
1427157372.093,-22.798737
1427157372.109,-18.518242
1427157372.124,-14.268311
1427157372.14,-10.1870575
1427157372.155,-6.288452
1427157372.171,-2.4582062
1427157372.187,1.5302582
1427157372.202,5.875145
1427157372.218,10.675812
1427157372.234,15.827965
1427157372.249,21.05645
1427157372.265,26.053848
1427157372.28,30.64972
1427157372.296,34.89099
1427157372.312,39.045822
1427157372.327,43.536446
1427157372.343,48.811455
1427157372.359,55.231766
1427157372.374,62.955635
1427157372.39,71.76499
1427157372.405,80.90669
1427157372.421,89.00793
1427157372.437,94.29481
1427157372.452,95.09517
1427157372.468,90.44525
1427157372.484,80.5145
1427157372.499,66.68027
1427157372.515,51.012375
1427157372.53,35.54622
1427157372.546,21.597626
1427157372.562,9.588974
1427157372.577,-0.75712585
1427157372.593,-9.939735
1427157372.609,-18.220627
1427157372.624,-25.543602
1427157372.64,-31.678642
1427157372.655,-36.45774
1427157372.671,-39.94098
1427157372.687,-42.37529
1427157372.702,-44.109596
1427157372.718,-45.416885
1427157372.734,-46.463493
1427157372.749,-47.315308
1427157372.765,-48.005478
1427157372.78,-48.55591
1427157372.796,-48.995163
1427157372.812,-49.336044
1427157372.827,-49.581932
1427157372.843,-49.697952
1427157372.859,-49.57228
1427157372.874,-49.042015
1427157372.89,-47.904655
1427157372.905,-45.963783
1427157372.921,-43.16255
1427157372.937,-39.62014
1427157372.952,-35.591385
1427157372.968,-31.368187
1427157372.984,-27.198982
1427157372.999,-23.20298
1427157373.015,-19.381744
1427157373.03,-15.649559
1427157373.046,-11.953705
1427157373.062,-8.253983
1427157373.077,-4.5006104
1427157373.093,-0.6014633
1427157373.109,3.54599
1427157373.124,8.034637
1427157373.14,12.813232
1427157373.155,17.67839
1427157373.171,22.312202
1427157373.187,26.4702
1427157373.202,30.126068
1427157373.218,33.544025
1427157373.234,37.21183
1427157373.249,41.67154
1427157373.265,47.368015
1427157373.28,54.464973
1427157373.296,62.719894
1427157373.312,71.44759
1427157373.327,79.47017
1427157373.343,85.26225
1427157373.359,87.26139
1427157373.374,84.34623
1427157373.39,76.25822
1427157373.405,63.834545
1427157373.421,48.769844
1427157373.437,33.109028
1427157373.452,18.589478
1427157373.468,6.1627426
1427157373.484,-4.035618
1427157373.499,-12.387142
1427157373.515,-19.398418
1427157373.53,-25.354977
1427157373.546,-30.250301
1427157373.562,-33.976746
1427157373.577,-36.501427
1427157373.593,-38.00963
1427157373.609,-38.852802
1427157373.624,-39.441544
1427157373.64,-40.05624
1427157373.655,-40.763046
1427157373.671,-41.47413
1427157373.687,-42.00101
1427157373.702,-42.213585
1427157373.718,-42.10381
1427157373.734,-41.804066
1427157373.749,-41.473946
1427157373.765,-41.176388
1427157373.78,-40.752735
1427157373.796,-39.85312
1427157373.812,-38.064762
1427157373.827,-35.12137
1427157373.843,-31.074516
1427157373.859,-26.283104
1427157373.874,-21.312534
1427157373.89,-16.646446
1427157373.905,-12.50153
1427157373.921,-8.7322235
1427157373.937,-4.9340973
1427157373.952,-0.7049866
1427157373.968,4.175087
1427157373.984,9.572926
1427157373.999,15.093979
1427157374.015,20.249825
1427157374.03,24.704544
1427157374.046,28.441784
1427157374.062,31.778553
1427157374.077,35.28665
1427157374.093,39.592724
1427157374.109,45.155354
1427157374.124,52.094753
1427157374.14,60.01716
1427157374.156,67.95752
1427157374.171,74.44473
1427157374.187,77.84847
1427157374.202,76.83739
1427157374.218,70.90257
1427157374.234,60.561043
1427157374.249,47.270153
1427157374.265,32.90479
1427157374.281,19.15733
1427157374.296,7.041561
1427157374.312,-3.20261
1427157374.327,-11.884045
1427157374.343,-19.473442
1427157374.359,-26.256092
1427157374.374,-32.20406
1427157374.39,-37.0853
1427157374.406,-40.67889
1427157374.421,-42.956444
1427157374.437,-44.158794
1427157374.452,-44.736607
1427157374.468,-45.16143
1427157374.484,-45.773407
1427157374.499,-46.616905
1427157374.515,-47.48633
1427157374.531,-48.04453
1427157374.546,-47.997562
1427157374.562,-47.299107
1427157374.577,-46.117664
1427157374.593,-44.72092
1427157374.609,-43.29848
1427157374.624,-41.838516
1427157374.64,-40.125015
1427157374.656,-37.89435
1427157374.671,-34.99619
1427157374.687,-31.440155
1427157374.702,-27.421852
1427157374.718,-23.183693
1427157374.734,-18.953289
1427157374.749,-14.89019
1427157374.765,-11.058327
1427157374.781,-7.4077263
1427157374.796,-3.7603912
1427157374.812,0.123542786
1427157374.827,4.454273
1427157374.843,9.298885
1427157374.859,14.513428
1427157374.874,19.784565
1427157374.89,24.730568
1427157374.906,29.112877
1427157374.921,32.918407
1427157374.937,36.376137
1427157374.952,39.855633
1427157374.968,43.814426
1427157374.984,48.65852
1427157374.999,54.720253
1427157375.015,62.103695
1427157375.031,70.47699
1427157375.046,78.8898
1427157375.062,85.7908
1427157375.077,89.31669
1427157375.093,87.94374
1427157375.109,81.0623
1427157375.124,69.3166
1427157375.14,54.416405
1427157375.156,38.521435
1427157375.171,23.465725
1427157375.187,10.280048
1427157375.202,-0.91869354
1427157375.218,-10.566528
1427157375.234,-19.167194
1427157375.249,-26.916264
1427157375.265,-33.673492
1427157375.281,-39.123795
1427157375.296,-43.062218
1427157375.312,-45.546406
1427157375.327,-46.896286
1427157375.343,-47.531742
1427157375.359,-47.826878
1427157375.374,-47.999897
1427157375.39,-48.101494
1427157375.406,-48.060863
1427157375.421,-47.767654
1427157375.437,-47.144127
1427157375.452,-46.196754
1427157375.468,-44.96271
1427157375.484,-43.514572
1427157375.499,-41.92141
1427157375.515,-40.234787
1427157375.531,-38.46096
1427157375.546,-36.58207
1427157375.562,-34.515892
1427157375.577,-32.15159
1427157375.593,-29.389511
1427157375.609,-26.21196
1427157375.624,-22.707296
1427157375.64,-19.08706
1427157375.656,-15.578112
1427157375.671,-12.291527
1427157375.687,-9.140778
1427157375.702,-5.8572235
1427157375.718,-2.096161
1427157375.734,2.3636322
1427157375.749,7.512335
1427157375.765,13.071014
1427157375.781,18.606499
1427157375.796,23.736822
1427157375.812,28.28357
1427157375.827,32.31522
1427157375.843,36.113922
1427157375.859,40.051178
1427157375.874,44.472923
1427157375.89,49.666756
1427157375.906,55.856686
1427157375.921,63.069016
1427157375.937,71.000694
1427157375.952,78.77647
1427157375.968,84.97001
1427157375.984,87.86546
1427157375.999,86.031136
1427157376.015,78.87706
1427157376.031,67.02913
1427157376.046,52.167683
1427157376.062,36.460457
1427157376.077,21.865707
1427157376.093,9.520821
1427157376.109,-0.33210564
1427157376.124,-8.119678
1427157376.14,-14.472402
1427157376.156,-19.890951
1427157376.171,-24.578491
1427157376.187,-28.547613
1427157376.202,-31.774563
1427157376.218,-34.316437
1427157376.234,-36.327896
1427157376.249,-37.96714
1427157376.265,-39.389175
1427157376.281,-40.605152
1427157376.296,-41.597572
1427157376.312,-42.28968
1427157376.327,-42.635536
1427157376.343,-42.66057
1427157376.359,-42.404083
1427157376.374,-41.93227
1427157376.39,-41.22212
1427157376.406,-40.138657
1427157376.421,-38.456562
1427157376.437,-35.97283
1427157376.452,-32.62888
1427157376.468,-28.569271
1427157376.484,-24.115372
1427157376.499,-19.638107
1427157376.515,-15.378657
1427157376.531,-11.331531
1427157376.546,-7.3328304
1427157376.562,-3.1234074
1427157376.577,1.4323215
1427157376.593,6.295662
1427157376.609,11.258899
1427157376.624,16.038288
1427157376.64,20.48124
1427157376.656,24.584309
1427157376.671,28.560867
1427157376.687,32.76017
1427157376.702,37.625607
1427157376.718,43.486862
1427157376.734,50.366894
1427157376.749,57.775345
1427157376.765,64.59575
1427157376.781,69.302536
1427157376.796,70.33698
1427157376.812,66.71851
1427157376.828,58.493076
1427157376.843,46.735878
1427157376.859,33.24958
1427157376.874,19.890284
1427157376.89,8.003304
1427157376.906,-1.8877373
1427157376.921,-9.968435
1427157376.937,-16.716557
1427157376.953,-22.562498
1427157376.968,-27.617622
1427157376.984,-31.760738
1427157376.999,-34.83742
1427157377.015,-36.872147
1427157377.031,-38.089615
1427157377.046,-38.838936
1427157377.062,-39.392044
1427157377.078,-39.890785
1427157377.093,-40.282898
1427157377.109,-40.442417
1427157377.124,-40.307674
1427157377.14,-39.891804
1427157377.156,-39.29315
1427157377.171,-38.569782
1427157377.187,-37.693058
1427157377.203,-36.501602
1427157377.218,-34.788525
1427157377.234,-32.39148
1427157377.249,-29.283272
1427157377.265,-25.62454
1427157377.281,-21.656706
1427157377.296,-17.655846
1427157377.312,-13.757868
1427157377.328,-9.916613
1427157377.343,-5.9180603
1427157377.359,-1.4993773
1427157377.374,3.5061388
1427157377.39,9.032196
1427157377.406,14.758904
1427157377.421,20.251656
1427157377.437,25.1491
1427157377.453,29.363356
1427157377.468,33.15018
1427157377.484,37.037132
1427157377.499,41.66209
1427157377.515,47.511616
1427157377.531,54.721848
1427157377.546,62.824295
1427157377.562,70.76472
1427157377.578,76.993805
1427157377.593,79.89922
1427157377.609,78.24765
1427157377.624,71.71935
1427157377.64,61.077843
1427157377.656,47.927166
1427157377.671,34.186848
1427157377.687,21.437933
1427157377.703,10.514681
1427157377.718,1.4093599
1427157377.734,-6.3521395
1427157377.749,-13.302858
1427157377.765,-19.714592
1427157377.781,-25.536892
1427157377.796,-30.571537
1427157377.812,-34.69105
1427157377.828,-38.01556
1427157377.843,-40.81498
1427157377.859,-43.350185
1427157377.874,-45.74769
1427157377.89,-47.962906
1427157377.906,-49.8076
1427157377.921,-51.10711
1427157377.937,-51.772976
1427157377.953,-51.867603
1427157377.968,-51.522648
1427157377.984,-50.918182
1427157377.999,-50.144554
1427157378.015,-49.199104
1427157378.031,-47.963085
1427157378.046,-46.2508
1427157378.062,-43.85803
1427157378.078,-40.68456
1427157378.093,-36.718716
1427157378.109,-32.13156
1427157378.124,-27.221745
1427157378.14,-22.332699
1427157378.156,-17.713326
1427157378.171,-13.486569
1427157378.187,-9.557468
1427157378.203,-5.709289
1427157378.218,-1.647108
1427157378.234,2.8458512
1427157378.249,7.8742375
1427157378.265,13.34782
1427157378.281,19.02129
1427157378.296,24.529503
1427157378.312,29.547253
1427157378.328,33.830437
1427157378.343,37.363415
1427157378.359,40.34458
1427157378.374,43.186897
1427157378.39,46.420086
1427157378.406,50.566826
1427157378.421,56.011173
1427157378.437,62.83586
1427157378.453,70.55243
1427157378.468,78.074005
1427157378.484,83.78074
1427157378.499,85.980255
1427157378.515,83.425224
1427157378.531,75.86311
1427157378.546,64.15918
1427157378.562,50.061855
1427157378.578,35.51198
1427157378.593,22.042927
1427157378.609,10.327001
1427157378.624,0.30749607
1427157378.64,-8.465839
1427157378.656,-16.330053
1427157378.671,-23.32695
1427157378.687,-29.222101
1427157378.703,-33.78087
1427157378.718,-36.962654
1427157378.734,-39.01854
1427157378.749,-40.38138
1427157378.765,-41.497154
1427157378.781,-42.63375
1427157378.796,-43.875263
1427157378.812,-45.083576
1427157378.828,-46.065964
1427157378.843,-46.625084
1427157378.859,-46.65683
1427157378.874,-46.176655
1427157378.89,-45.310368
1427157378.906,-44.212837
1427157378.921,-43.010574
1427157378.937,-41.67668
1427157378.953,-40.055252
1427157378.968,-37.876797
1427157378.984,-34.94393
1427157378.999,-31.260643
1427157379.015,-27.064974
1427157379.031,-22.767609
1427157379.046,-18.819931
1427157379.062,-15.46666
1427157379.078,-12.704977
1427157379.093,-10.254086
1427157379.109,-7.7004604
1427157379.124,-4.664999
1427157379.14,-0.9539051
1427157379.156,3.3963623
1427157379.171,8.113989
1427157379.187,12.820297
1427157379.203,17.159164
1427157379.218,20.958454
1427157379.234,24.261879
1427157379.249,27.385574
1427157379.265,30.755249
1427157379.281,34.85474
1427157379.296,40.03441
1427157379.312,46.482727
1427157379.328,54.054462
1427157379.343,62.164917
1427157379.359,69.70908
1427157379.374,75.21579
1427157379.39,77.16698
1427157379.406,74.53731
1427157379.421,67.19554
1427157379.437,56.09371
1427157379.453,42.91534
1427157379.468,29.55611
1427157379.484,17.440807
1427157379.5,7.230892
1427157379.515,-1.1958942
1427157379.531,-8.329948
1427157379.546,-14.624226
1427157379.562,-20.208214
1427157379.578,-24.930038
1427157379.593,-28.545681
1427157379.609,-30.998207
1427157379.624,-32.500374
1427157379.64,-33.470154
1427157379.656,-34.326912
1427157379.671,-35.32339
1427157379.687,-36.456158
1427157379.703,-37.529476
1427157379.718,-38.3323
1427157379.734,-38.764378
1427157379.75,-38.887463
1427157379.765,-38.831566
1427157379.781,-38.58367
1427157379.796,-37.97276
1427157379.812,-36.69549
1427157379.828,-34.495884
1427157379.843,-31.32227
1427157379.859,-27.448772
1427157379.875,-23.338348
1427157379.89,-19.439377
1427157379.906,-16.006721
1427157379.921,-13.011421
1427157379.937,-10.188004
1427157379.953,-7.181629
1427157379.968,-3.7037354
1427157379.984,0.34581375
1427157380,4.854599
1427157380.015,9.553875
1427157380.031,14.137123
1427157380.046,18.348377
1427157380.062,22.140541
1427157380.078,25.677372
1427157380.093,29.367908
1427157380.109,33.761375
1427157380.125,39.36307
1427157380.14,46.3301
1427157380.156,54.23906
1427157380.171,61.99393
1427157380.187,67.99779
1427157380.203,70.60054
1427157380.218,68.710724
1427157380.234,62.229553
1427157380.25,52.113976
1427157380.265,40.03214
1427157380.281,27.741302
1427157380.296,16.520351
1427157380.312,6.8744545
1427157380.328,-1.3560486
1427157380.343,-8.55962
1427157380.359,-15.034187
1427157380.375,-20.757137
1427157380.39,-25.487732
1427157380.406,-28.967056
1427157380.421,-31.15263
1427157380.437,-32.277397
1427157380.453,-32.777073
1427157380.468,-33.11079
1427157380.484,-33.601563
1427157380.5,-34.327766
1427157380.515,-35.148033
1427157380.531,-35.811363
1427157380.546,-36.127842
1427157380.562,-36.10188
1427157380.578,-35.927414
1427157380.593,-35.854244
1427157380.609,-35.99543
1427157380.625,-36.155003
1427157380.64,-35.881702
1427157380.656,-34.64742
1427157380.671,-32.11659
1427157380.687,-28.34811
1427157380.703,-23.799255
1427157380.718,-19.154327
1427157380.734,-14.99984
1427157380.75,-11.572258
1427157380.765,-8.674774
1427157380.781,-5.8193855
1427157380.796,-2.463066
1427157380.812,1.7251816
1427157380.828,6.7044563
1427157380.843,12.087326
1427157380.859,17.327545
1427157380.875,21.978657
1427157380.89,25.84623
1427157380.906,29.093216
1427157380.921,32.1137
1427157380.937,35.41428
1427157380.953,39.461205
1427157380.968,44.622215
1427157380.984,51.030277
1427157381,58.499554
1427157381.015,66.31314
1427157381.031,73.22562
1427157381.046,77.66056
1427157381.062,78.15296
1427157381.078,73.921295
1427157381.093,65.24733
1427157381.109,53.44066
1427157381.125,40.36037
1427157381.14,27.737633
1427157381.156,16.645885
1427157381.171,7.2991524
1427157381.187,-0.6647606
1427157381.203,-7.7737083
1427157381.218,-14.3309555
1427157381.234,-20.358395
1427157381.25,-25.620667
1427157381.265,-29.953861
1427157381.281,-33.319504
1427157381.296,-35.8954
1427157381.312,-37.977524
1427157381.328,-39.833866
1427157381.343,-41.616283
1427157381.359,-43.309536
1427157381.375,-44.795685
1427157381.39,-45.919426
1427157381.406,-46.561634
1427157381.421,-46.739235
1427157381.437,-46.56943
1427157381.453,-46.24638
1427157381.468,-45.897575
1427157381.484,-45.56488
1427157381.5,-45.086937
1427157381.515,-44.20457
1427157381.531,-42.634552
1427157381.546,-40.16673
1427157381.562,-36.75951
1427157381.578,-32.57443
1427157381.593,-27.901093
1427157381.609,-23.096413
1427157381.625,-18.434647
1427157381.64,-14.027386
1427157381.656,-9.786903
1427157381.671,-5.505352
1427157381.687,-0.95534134
1427157381.703,3.958065
1427157381.718,9.142517
1427157381.734,14.292854
1427157381.75,19.06802
1427157381.765,23.208187
1427157381.781,26.707859
1427157381.796,29.806408
1427157381.812,32.93957
1427157381.828,36.58933
1427157381.843,41.101288
1427157381.859,46.701134
1427157381.875,53.38676
1427157381.89,60.847248
1427157381.906,68.37845
1427157381.921,74.864204
1427157381.937,78.9011
1427157381.953,79.17043
1427157381.968,74.92797
1427157381.984,66.337135
1427157382,54.500168
1427157382.015,41.103134
1427157382.031,27.848175
1427157382.046,15.904018
1427157382.062,5.736248
1427157382.078,-2.8024445
1427157382.093,-10.071251
1427157382.109,-16.351288
1427157382.125,-21.692627
1427157382.14,-26.011093
1427157382.156,-29.247269
1427157382.172,-31.502934
1427157382.187,-33.01248
1427157382.203,-34.07933
1427157382.218,-34.92748
1427157382.234,-35.686787
1427157382.25,-36.3758
1427157382.265,-36.953632
1427157382.281,-37.377567
1427157382.296,-37.62628
1427157382.312,-37.701378
1427157382.328,-37.5921
1427157382.343,-37.258266
1427157382.359,-36.612053
1427157382.375,-35.50714
1427157382.39,-33.806774
1427157382.406,-31.420544
1427157382.422,-28.383247
1427157382.437,-24.828304
1427157382.453,-20.969276
1427157382.468,-16.986763
1427157382.484,-12.9392395
1427157382.5,-8.768253
1427157382.515,-4.3785744
1427157382.531,0.2825203
1427157382.547,5.086506
1427157382.562,9.777153
1427157382.578,14.08844
1427157382.593,17.87128
1427157382.609,21.18328
1427157382.625,24.321114
1427157382.64,27.706593
1427157382.656,31.801815
1427157382.672,36.987087
1427157382.687,43.3699
1427157382.703,50.605118
1427157382.718,57.806797
1427157382.734,63.588024
1427157382.75,66.38489
1427157382.765,64.97492
1427157382.781,58.996696
1427157382.797,49.14954
1427157382.812,37.032825
1427157382.828,24.530613
1427157382.843,13.187107
1427157382.859,3.7497368
1427157382.875,-3.8072052
1427157382.89,-10.011105
1427157382.906,-15.394768
1427157382.922,-20.18378
1427157382.937,-24.28341
1427157382.953,-27.435032
1427157382.968,-29.498798
1427157382.984,-30.560669
1427157383,-30.91534
1427157383.015,-30.949535
1427157383.031,-30.935177
1427157383.047,-30.968372
1427157383.062,-30.990654
1427157383.078,-30.92847
1427157383.093,-30.7868
1427157383.109,-30.697414
1427157383.125,-30.831852
1427157383.14,-31.287487
1427157383.156,-31.925308
1427157383.172,-32.395077
1427157383.187,-32.208706
1427157383.203,-30.979954
1427157383.218,-28.605076
1427157383.234,-25.344505
1427157383.25,-21.69252
1427157383.265,-18.16232
1427157383.281,-15.004402
1427157383.297,-12.167477
1427157383.312,-9.253078
1427157383.328,-5.816223
1427157383.343,-1.5530434
1427157383.359,3.4962616
1427157383.375,8.947762
1427157383.39,14.245678
1427157383.406,18.890629
1427157383.422,22.651558
1427157383.437,25.667347
1427157383.453,28.386402
1427157383.468,31.418411
1427157383.484,35.341133
1427157383.5,40.52679
1427157383.515,46.995815
1427157383.531,54.2714
1427157383.547,61.337353
1427157383.562,66.76802
1427157383.578,69.0284
1427157383.593,67.022705
1427157383.609,60.498104
1427157383.625,50.241737
1427157383.64,37.83441
1427157383.656,25.102592
1427157383.672,13.457779
1427157383.687,3.5622444
1427157383.703,-4.6773148
1427157383.718,-11.760365
1427157383.734,-18.144531
1427157383.75,-23.974575
1427157383.765,-29.083847
1427157383.781,-33.17784
1427157383.797,-36.102406
1427157383.812,-37.898136
1427157383.828,-38.829502
1427157383.843,-39.23074
1427157383.859,-39.403877
1427157383.875,-39.523464
1427157383.89,-39.646935
1427157383.906,-39.712574
1427157383.922,-39.66615
1427157383.937,-39.4767
1427157383.953,-39.208286
1427157383.968,-38.953594
1427157383.984,-38.803135
1427157384,-38.713085
1427157384.015,-38.50137
1427157384.031,-37.88195
1427157384.047,-36.596737
1427157384.062,-34.482906
1427157384.078,-31.592758
1427157384.093,-28.09045
1427157384.109,-24.226906
1427157384.125,-20.233044
1427157384.14,-16.294373
1427157384.156,-12.486458
1427157384.172,-8.836334
1427157384.187,-5.259224
1427157384.203,-1.6173401
1427157384.218,2.2688446
1427157384.234,6.5075455
1427157384.25,11.116554
1427157384.265,15.909302
1427157384.281,20.609558
1427157384.297,24.90538
1427157384.312,28.597473
1427157384.328,31.682404
1427157384.343,34.3975
1427157384.359,37.15384
1427157384.375,40.43042
1427157384.39,44.644768
1427157384.406,50.02426
1427157384.422,56.441223
1427157384.437,63.300545
1427157384.453,69.49258
1427157384.468,73.60461
1427157384.484,74.24693
1427157384.5,70.55694
1427157384.515,62.54313
1427157384.531,51.22145
1427157384.547,38.242218
1427157384.562,25.404747
1427157384.578,14.044502
1427157384.593,4.731331
1427157384.609,-2.6914063
1427157384.625,-8.739525
1427157384.64,-13.926224
1427157384.656,-18.44915
1427157384.672,-22.2154
1427157384.687,-25.015778
1427157384.703,-26.792404
1427157384.718,-27.726913
1427157384.734,-28.217491
1427157384.75,-28.666313
1427157384.765,-29.33075
1427157384.781,-30.22593
1427157384.797,-31.1865
1427157384.812,-31.990868
1427157384.828,-32.52923
1427157384.843,-32.853714
1427157384.859,-33.10206
1427157384.875,-33.356926
1427157384.89,-33.53833
1427157384.906,-33.359398
1427157384.922,-32.46044
1427157384.937,-30.582
1427157384.953,-27.73487
1427157384.968,-24.225578
1427157384.984,-20.579346
1427157385,-17.240944
1427157385.015,-14.453026
1427157385.031,-12.022881
1427157385.047,-9.490936
1427157385.062,-6.2812653
1427157385.078,-2.0659332
1427157385.094,3.1003265
1427157385.109,8.739014
1427157385.125,14.174644
1427157385.14,18.829498
1427157385.156,22.499557
1427157385.172,25.37947
1427157385.187,28.004204
1427157385.203,31.037582
1427157385.219,35.065887
1427157385.234,40.396126
1427157385.25,46.92392
1427157385.265,54.02852
1427157385.281,60.56848
1427157385.297,65.05331
1427157385.312,66.06233
1427157385.328,62.69053
1427157385.344,54.954338
1427157385.359,43.81942
1427157385.375,30.950935
1427157385.39,18.108269
1427157385.406,6.6234818
1427157385.422,-2.8828735
1427157385.437,-10.4279175
1427157385.453,-16.380554
1427157385.469,-21.119698
1427157385.484,-24.86789
1427157385.5,-27.69815
1427157385.515,-29.65921
1427157385.531,-30.898102
1427157385.547,-31.668198
1427157385.562,-32.23568
1427157385.578,-32.795166
1427157385.594,-33.37654
1427157385.609,-33.865128
1427157385.625,-34.111923
1427157385.64,-34.054558
1427157385.656,-33.743523
1427157385.672,-33.373943
1427157385.687,-33.11264
1427157385.703,-33.05156
1427157385.719,-33.046127
1427157385.734,-32.780228
1427157385.75,-31.877304
1427157385.765,-30.050316
1427157385.781,-27.210747
1427157385.797,-23.514545
1427157385.812,-19.27626
1427157385.828,-14.856003
1427157385.844,-10.491295
1427157385.859,-6.267353
1427157385.875,-2.115387
1427157385.89,2.121235
1427157385.906,6.548645
1427157385.922,11.151329
1427157385.937,15.779636
1427157385.953,20.212421
1427157385.969,24.28595
1427157385.984,27.965405
1427157386,31.406898
1427157386.015,34.925766
1427157386.031,38.96374
1427157386.047,43.932114
1427157386.062,49.99652
1427157386.078,56.859238
1427157386.094,63.590424
1427157386.109,68.73071
1427157386.125,70.68611
1427157386.14,68.2889
1427157386.156,61.34254
1427157386.172,50.73934
1427157386.187,38.18334
1427157386.203,25.532299
1427157386.219,14.13802
1427157386.234,4.51408
1427157386.25,-3.6011086
1427157386.265,-10.756409
1427157386.281,-17.359634
1427157386.297,-23.439838
1427157386.312,-28.72356
1427157386.328,-32.897778
1427157386.344,-35.847275
1427157386.359,-37.735405
1427157386.375,-38.938274
1427157386.39,-39.827766
1427157386.406,-40.642704
1427157386.422,-41.395916
1427157386.437,-41.9278
1427157386.453,-42.026142
1427157386.469,-41.564747
1427157386.484,-40.603527
1427157386.5,-39.357113
1427157386.515,-38.12924
1427157386.531,-37.124775
1427157386.547,-36.351894
1427157386.562,-35.5404
1427157386.578,-34.27623
1427157386.594,-32.14419
1427157386.609,-28.927406
1427157386.625,-24.7541
1427157386.64,-20.062904
1427157386.656,-15.472172
1427157386.672,-11.526985
1427157386.687,-8.482216
1427157386.703,-6.1831093
1427157386.719,-4.1326866
1427157386.734,-1.7141342
1427157386.75,1.5545273
1427157386.765,5.7788315
1427157386.781,10.673264
1427157386.797,15.708385
1427157386.812,20.355526
1427157386.828,24.333096
1427157386.844,27.712288
1427157386.859,30.84813
1427157386.875,34.189297
1427157386.89,38.163464
1427157386.906,43.04975
1427157386.922,48.974457
1427157386.937,55.79286
1427157386.953,63.02309
1427157386.969,69.69998
1427157386.984,74.4707
1427157387,75.91923
1427157387.015,73.03555
1427157387.031,65.66495
1427157387.047,54.650772
1427157387.062,41.64798
1427157387.078,28.506573
1427157387.094,16.71204
1427157387.109,6.981697
1427157387.125,-0.73080444
1427157387.14,-6.9285164
1427157387.156,-12.156433
1427157387.172,-16.720219
1427157387.187,-20.634499
1427157387.203,-23.793106
1427157387.219,-26.122738
1427157387.234,-27.720917
1427157387.25,-28.791359
1427157387.265,-29.564438
1427157387.281,-30.17556
1427157387.297,-30.617508
1427157387.312,-30.785912
1427157387.328,-30.611095
1427157387.344,-30.144321
1427157387.359,-29.61719
1427157387.375,-29.308784
1427157387.39,-29.43099
1427157387.406,-30.005255
1427157387.422,-30.799768
1427157387.437,-31.435692
1427157387.453,-31.539457
1427157387.469,-30.906837
1427157387.484,-29.551655
1427157387.5,-27.628756
1427157387.515,-25.32142
1427157387.531,-22.694183
1427157387.547,-19.685068
1427157387.562,-16.162691
1427157387.578,-12.070299
1427157387.594,-7.4980907
1427157387.609,-2.7043304
1427157387.625,2.0076218
1427157387.64,6.4135933
1427157387.656,10.501406
1427157387.672,14.4946575
1427157387.687,18.799746
1427157387.703,23.865086
1427157387.719,30.033365
1427157387.734,37.297092
1427157387.75,45.169376
1427157387.766,52.643803
1427157387.781,58.33687
1427157387.797,60.859943
1427157387.812,59.26696
1427157387.828,53.43896
1427157387.844,44.177887
1427157387.859,32.921043
1427157387.875,21.280262
1427157387.891,10.508787
1427157387.906,1.2267218
1427157387.922,-6.5472827
1427157387.937,-13.109984
1427157387.953,-18.773922
1427157387.969,-23.636925
1427157387.984,-27.600231
1427157388,-30.486866
1427157388.016,-32.24931
1427157388.031,-33.02515
1427157388.047,-33.136684
1427157388.062,-32.965168
1427157388.078,-32.838562
1427157388.094,-32.906937
1427157388.109,-33.155415
1427157388.125,-33.43319
1427157388.141,-33.58389
1427157388.156,-33.507217
1427157388.172,-33.169395
1427157388.187,-32.57854
1427157388.203,-31.698124
1427157388.219,-30.387531
1427157388.234,-28.491693
1427157388.25,-25.916517
1427157388.266,-22.721218
1427157388.281,-19.099655
1427157388.297,-15.289729
1427157388.312,-11.415854
1427157388.328,-7.4360313
1427157388.344,-3.205297
1427157388.359,1.3835664
1427157388.375,6.301837
1427157388.391,11.335573
1427157388.406,16.165697
1427157388.422,20.536297
1427157388.437,24.361647
1427157388.453,27.762953
1427157388.469,31.04149
1427157388.484,34.606823
1427157388.5,38.92389
1427157388.516,44.307632
1427157388.531,50.788933
1427157388.547,57.843903
1427157388.562,64.358345
1427157388.578,68.78515
1427157388.594,69.618034
1427157388.609,65.968956
1427157388.625,57.94561
1427157388.641,46.67495
1427157388.656,33.88548
1427157388.672,21.263914
1427157388.687,9.94915
1427157388.703,0.31287718
1427157388.719,-7.848809
1427157388.734,-14.958961
1427157388.75,-21.34645
1427157388.766,-27.067684
1427157388.781,-31.99452
1427157388.797,-35.968376
1427157388.812,-39.011692
1427157388.828,-41.34192
1427157388.844,-43.282448
1427157388.859,-45.181297
1427157388.875,-47.224777
1427157388.891,-49.371006
1427157388.906,-51.39643
1427157388.922,-53.023064
1427157388.937,-54.10257
1427157388.953,-54.73542
1427157388.969,-55.231754
1427157388.984,-55.920288
1427157389,-56.92701
1427157389.016,-58.05129
1427157389.031,-58.802357
1427157389.047,-58.672394
1427157389.062,-57.37507
1427157389.078,-55.01358
1427157389.094,-52.02725
1427157389.109,-49.002724
1427157389.125,-46.44122
1427157389.141,-44.606293
1427157389.156,-43.402767
1427157389.172,-42.448784
1427157389.187,-41.135643
1427157389.203,-38.826534
1427157389.219,-34.991978
1427157389.234,-29.304611
1427157389.25,-21.733303
1427157389.266,-12.454315
1427157389.281,-1.7426071
1427157389.297,10.121113
1427157389.312,22.896187
1427157389.328,36.33186
1427157389.344,50.111523
1427157389.359,63.780197
1427157389.375,76.73668
1427157389.391,88.20647
1427157389.406,97.35711
1427157389.422,103.3694
1427157389.437,105.66273
1427157389.453,104.04198
1427157389.469,98.8556
1427157389.484,90.91893
1427157389.5,81.286804
1427157389.516,70.86576
1427157389.531,60.204872
1427157389.547,49.462067
1427157389.562,38.609108
1427157389.578,27.759888
1427157389.594,17.3293
1427157389.609,8.022301
1427157389.625,0.5411148
1427157389.641,-4.6990967
1427157389.656,-7.796417
1427157389.672,-9.338394
1427157389.687,-10.162697
1427157389.703,-11.070114
1427157389.719,-12.601913
1427157389.734,-14.901291
1427157389.75,-17.81025
1427157389.766,-20.995102
1427157389.781,-24.155136
1427157389.797,-27.105164
1427157389.812,-29.729088
1427157389.828,-31.902962
1427157389.844,-33.45275
1427157389.859,-34.104736
1427157389.875,-33.60585
1427157389.891,-31.850288
1427157389.906,-28.956955
1427157389.922,-25.27578
1427157389.937,-21.293701
1427157389.953,-17.488716
1427157389.969,-14.142334
1427157389.984,-11.196785
1427157390,-8.298584
1427157390.016,-4.8975067
1427157390.031,-0.48607635
1427157390.047,5.126091
1427157390.062,11.711082
1427157390.078,18.67073
1427157390.094,25.236671
1427157390.109,30.828041
1427157390.125,35.237617
1427157390.141,38.687424
1427157390.156,41.72786
1427157390.172,44.97943
1427157390.187,48.970688
1427157390.203,53.963562
1427157390.219,59.836967
1427157390.234,66.00251
1427157390.25,71.35907
1427157390.266,74.49835
1427157390.281,74.10688
1427157390.297,69.4407
1427157390.312,60.694336
1427157390.328,49.006363
1427157390.344,36.030914
1427157390.359,23.375961
1427157390.375,12.067696
1427157390.391,2.415619
1427157390.406,-5.7624664
1427157390.422,-12.812489
1427157390.438,-18.852375
1427157390.453,-23.757164
1427157390.469,-27.308403
1427157390.484,-29.41735
1427157390.5,-30.27655
1427157390.516,-30.349277
1427157390.531,-30.177399
1427157390.547,-30.243107
1427157390.563,-30.783066
1427157390.578,-31.733746
1427157390.594,-32.794
1427157390.609,-33.581993
1427157390.625,-33.759907
1427157390.641,-33.223568
1427157390.656,-32.08059
1427157390.672,-30.602152
1427157390.688,-29.02476
1427157390.703,-27.45227
1427157390.719,-25.741594
1427157390.734,-23.622725
1427157390.75,-20.78503
1427157390.766,-17.072147
1427157390.781,-12.541792
1427157390.797,-7.4899664
1427157390.813,-2.2847252
1427157390.828,2.6868258
1427157390.844,7.2062864
1427157390.859,11.246889
1427157390.875,14.997584
1427157390.891,18.73756
1427157390.906,22.819605
1427157390.922,27.558195
1427157390.938,33.16656
1427157390.953,39.63071
1427157390.969,46.643253
1427157390.984,53.469574
1427157391,59.039654
1427157391.016,62.087196
1427157391.031,61.563473
1427157391.047,56.997948
1427157391.063,48.712975
1427157391.078,37.79412
1427157391.094,25.748556
1427157391.109,13.968231
1427157391.125,3.370226
1427157391.141,-5.7372017
1427157391.156,-13.489271
1427157391.172,-20.186361
1427157391.188,-25.982628
1427157391.203,-30.870043
1427157391.219,-34.696205
1427157391.234,-37.43664
1427157391.25,-39.186474
1427157391.266,-40.220066
1427157391.281,-40.82301
1427157391.297,-41.233383
1427157391.313,-41.523514
1427157391.328,-41.722786
1427157391.344,-41.81752
1427157391.359,-41.839367
1427157391.375,-41.84323
1427157391.391,-41.889545
1427157391.406,-41.965656
1427157391.422,-41.95297
1427157391.438,-41.620846
1427157391.453,-40.692295
1427157391.469,-38.89838
1427157391.484,-36.123173
1427157391.5,-32.42672
1427157391.516,-28.094128
1427157391.531,-23.506222
1427157391.547,-18.986519
1427157391.563,-14.654694
1427157391.578,-10.393108
1427157391.594,-5.883152
1427157391.609,-0.8797264
1427157391.625,4.680912
1427157391.641,10.555489
1427157391.656,16.330933
1427157391.672,21.626717
1427157391.688,26.280731
1427157391.703,30.460732
1427157391.719,34.613808
1427157391.734,39.280083
1427157391.75,44.960495
1427157391.766,51.872894
1427157391.781,59.83323
1427157391.797,68.066414
1427157391.813,75.28352
1427157391.828,79.87742
1427157391.844,80.39933
1427157391.859,76.09064
1427157391.875,67.20168
1427157391.891,54.970474
1427157391.906,41.17608
1427157391.922,27.518272
1427157391.938,15.097939
1427157391.953,4.219589
1427157391.969,-5.3953323
1427157391.984,-14.225403
1427157392,-22.54184
1427157392.016,-30.295609
1427157392.031,-37.126373
1427157392.047,-42.66469
1427157392.063,-46.700226
1427157392.078,-49.301193
1427157392.094,-50.748535
1427157392.109,-51.4524
1427157392.125,-51.762352
1427157392.141,-51.92852
1427157392.156,-52.07489
1427157392.172,-52.253525
1427157392.188,-52.50979
1427157392.203,-52.85296
1427157392.219,-53.25995
1427157392.234,-53.58561
1427157392.25,-53.589638
1427157392.266,-52.991005
1427157392.281,-51.577934
1427157392.297,-49.301147
1427157392.313,-46.30432
1427157392.328,-42.841423
1427157392.344,-39.201515
1427157392.359,-35.579468
1427157392.375,-32.00647
1427157392.391,-28.41816
1427157392.406,-24.69793
1427157392.422,-20.773483
1427157392.438,-16.69973
1427157392.453,-12.644272
1427157392.469,-8.784546
1427157392.484,-5.231369
1427157392.5,-1.8770752
1427157392.516,1.5161896
1427157392.531,5.30188
1427157392.547,9.691109
1427157392.563,14.680107
1427157392.578,19.970512
1427157392.594,25.141083
1427157392.609,29.84829
1427157392.625,33.962074
1427157392.641,37.645805
1427157392.656,41.30078
1427157392.672,45.42112
1427157392.688,50.482063
1427157392.703,56.78414
1427157392.719,64.25562
1427157392.734,72.26987
1427157392.75,79.59472
1427157392.766,84.569664
1427157392.781,85.58877
1427157392.797,81.65729
1427157392.813,72.84955
1427157392.828,60.34706
1427157392.844,46.04648
1427157392.859,31.889778
1427157392.875,19.249275
1427157392.891,8.654282
1427157392.906,-0.075935364
1427157392.922,-7.4695587
1427157392.938,-13.981773
1427157392.953,-19.782318
1427157392.969,-24.751862
1427157392.984,-28.72853
1427157393,-31.66346
1427157393.016,-33.76207
1427157393.031,-35.394997
1427157393.047,-37.009605
1427157393.063,-38.868828
1427157393.078,-40.998512
1427157393.094,-43.129883
1427157393.11,-44.916252
1427157393.125,-46.036278
1427157393.141,-46.426407
1427157393.156,-46.22551
1427157393.172,-45.683502
1427157393.188,-44.950813
1427157393.203,-43.984344
1427157393.219,-42.549454
1427157393.234,-40.36492
1427157393.25,-37.253555
1427157393.266,-33.300697
1427157393.281,-28.813461
1427157393.297,-24.238403
1427157393.313,-19.967766
1427157393.328,-16.182411
1427157393.344,-12.835983
1427157393.36,-9.664818
1427157393.375,-6.3079376
1427157393.391,-2.5073395
1427157393.406,1.8272171
1427157393.422,6.523506
1427157393.438,11.234085
1427157393.453,15.521378
1427157393.469,19.088768
1427157393.485,21.888382
1427157393.5,24.16681
1427157393.516,26.374786
1427157393.531,29.034142
1427157393.547,32.593567
1427157393.563,37.34375
1427157393.578,43.346077
1427157393.594,50.382797
1427157393.61,57.770134
1427157393.625,64.375084
1427157393.641,68.7134
1427157393.656,69.38076
1427157393.672,65.46436
1427157393.688,57.011963
1427157393.703,45.08583
1427157393.719,31.424591
1427157393.735,17.873001
1427157393.75,5.790291
1427157393.766,-4.2653885
1427157393.781,-12.423332
1427157393.797,-19.182045
1427157393.813,-24.974411
1427157393.828,-29.924767
1427157393.844,-33.849327
1427157393.86,-36.5111
1427157393.875,-37.851707
1427157393.891,-38.143425
1427157393.906,-37.93026
1427157393.922,-37.78353
1427157393.938,-38.05784
1427157393.953,-38.718166
1427157393.969,-39.46753
1427157393.985,-39.94963
1427157394,-40.011295
1427157394.016,-39.75634
1427157394.031,-39.45249
1427157394.047,-39.29424
1427157394.063,-39.176785
1427157394.078,-38.746265
1427157394.094,-37.470104
1427157394.11,-34.983486
1427157394.125,-31.209145
1427157394.141,-26.520218
1427157394.156,-21.520119
1427157394.172,-16.854881
1427157394.188,-12.919849
1427157394.203,-9.712868
1427157394.219,-6.8390083
1427157394.235,-3.71595
1427157394.25,0.14504242
1427157394.266,4.9041367
1427157394.281,10.302902
1427157394.297,15.762127
1427157394.313,20.662182
1427157394.328,24.592777
1427157394.344,27.579754
1427157394.36,29.996529
1427157394.375,32.44996
1427157394.391,35.5613
1427157394.406,39.80519
1427157394.422,45.427612
1427157394.438,52.35734
1427157394.453,60.10551
1427157394.469,67.698524
1427157394.485,73.74833
1427157394.5,76.70682
1427157394.516,75.36984
1427157394.531,69.33568
1427157394.547,59.24083
1427157394.563,46.596897
1427157394.578,33.27575
1427157394.594,20.897568
1427157394.61,10.32074
1427157394.625,1.6537399
1427157394.641,-5.5493774
1427157394.656,-11.824949
1427157394.672,-17.501062
1427157394.688,-22.594666
1427157394.703,-26.951015
1427157394.719,-30.40161
1427157394.735,-32.934395
1427157394.75,-34.721626
1427157394.766,-36.025154
1427157394.781,-37.105377
1427157394.797,-38.130737
1427157394.813,-39.106853
1427157394.828,-39.960663
1427157394.844,-40.584724
1427157394.86,-40.934418
1427157394.875,-41.04959
1427157394.891,-41.062317
1427157394.906,-41.100067
1427157394.922,-41.198433
1427157394.938,-41.269947
1427157394.953,-41.07458
1427157394.969,-40.31466
1427157394.985,-38.733543
1427157395,-36.219093
1427157395.016,-32.8536
1427157395.031,-28.888771
1427157395.047,-24.645088
1427157395.063,-20.398674
1427157395.078,-16.289967
1427157395.094,-12.29947
1427157395.11,-8.323587
1427157395.125,-4.221799
1427157395.141,0.073161125
1427157395.156,4.567692
1427157395.172,9.168439
1427157395.188,13.729084
1427157395.203,18.089857
1427157395.219,22.101757
1427157395.235,25.694296
1427157395.25,28.907192
1427157395.266,31.92083
1427157395.281,35.00043
1427157395.297,38.49781
1427157395.313,42.7361
1427157395.328,47.945377
1427157395.344,54.147293
1427157395.36,60.99048
1427157395.375,67.65826
1427157395.391,72.84765
1427157395.406,75.072815
1427157395.422,73.12205
1427157395.438,66.571266
1427157395.453,56.026104
1427157395.469,42.990425
1427157395.485,29.357725
1427157395.5,16.769703
1427157395.516,6.1258917
1427157395.531,-2.4688053
1427157395.547,-9.4485
1427157395.563,-15.332218
1427157395.578,-20.410152
1427157395.594,-24.634611
1427157395.61,-27.802687
1427157395.625,-29.83752
1427157395.641,-30.889324
1427157395.656,-31.334236
1427157395.672,-31.598206
1427157395.688,-31.947475
1427157395.703,-32.41231
1427157395.719,-32.807884
1427157395.735,-32.92289
1427157395.75,-32.65854
1427157395.766,-32.111973
1427157395.781,-31.533096
1427157395.797,-31.170303
1427157395.813,-31.067924
1427157395.828,-31.035467
1427157395.844,-30.67607
1427157395.86,-29.618101
1427157395.875,-27.628483
1427157395.891,-24.782057
1427157395.906,-21.408945
1427157395.922,-18.004744
1427157395.938,-14.9872
1427157395.953,-12.552683
1427157395.969,-10.518843
1427157395.985,-8.468473
1427157396,-5.878584
1427157396.016,-2.398943
1427157396.032,1.9436436
1427157396.047,6.7504997
1427157396.063,11.42091
1427157396.078,15.404955
1427157396.094,18.493837
1427157396.11,20.868305
1427157396.125,23.037136
1427157396.141,25.608044
1427157396.157,29.11253
1427157396.172,33.85324
1427157396.188,39.809975
1427157396.203,46.584564
1427157396.219,53.346375
1427157396.235,58.855293
1427157396.25,61.7571
1427157396.266,60.958305
1427157396.282,56.077217
1427157396.297,47.638767
1427157396.313,36.94144
1427157396.328,25.599308
1427157396.344,15.010979
1427157396.36,5.9383926
1427157396.375,-1.5099602
1427157396.391,-7.658085
1427157396.407,-12.908058
1427157396.422,-17.492512
1427157396.438,-21.39404
1427157396.453,-24.530201
1427157396.469,-26.846306
1427157396.485,-28.46418
1427157396.5,-29.567303
1427157396.516,-30.391216
1427157396.532,-31.076027
1427157396.547,-31.689613
1427157396.563,-32.173977
1427157396.578,-32.469288
1427157396.594,-32.509632
1427157396.61,-32.318405
1427157396.625,-32.007744
1427157396.641,-31.738277
1427157396.657,-31.591084
1427157396.672,-31.500366
1427157396.688,-31.197765
1427157396.703,-30.293743
1427157396.719,-28.424446
1427157396.735,-25.4805
1427157396.75,-21.634132
1427157396.766,-17.375542
1427157396.782,-13.266056
1427157396.797,-9.723595
1427157396.813,-6.7695274
1427157396.828,-4.081089
1427157396.844,-1.1065102
1427157396.86,2.6402473
1427157396.875,7.3030586
1427157396.891,12.666286
1427157396.907,18.227459
1427157396.922,23.467007
1427157396.938,28.074978
1427157396.953,32.05756
1427157396.969,35.713234
1427157396.985,39.44726
1427157397,43.6622
1427157397.016,48.586338
1427157397.032,54.21496
1427157397.047,60.176964
1427157397.063,65.69493
1427157397.078,69.62282
1427157397.094,70.70122
1427157397.11,67.98244
1427157397.125,61.18058
1427157397.141,50.901012
1427157397.157,38.44152
1427157397.172,25.380627
1427157397.188,13.027386
1427157397.203,2.097496
1427157397.219,-7.2691765
1427157397.235,-15.294987
1427157397.25,-22.235691
1427157397.266,-28.188412
1427157397.282,-33.07097
1427157397.297,-36.809452
1427157397.313,-39.44221
1427157397.328,-41.231552
1427157397.344,-42.53414
1427157397.36,-43.712704
1427157397.375,-44.979904
1427157397.391,-46.328217
1427157397.407,-47.522106
1427157397.422,-48.20338
1427157397.438,-48.02642
1427157397.453,-46.832188
1427157397.469,-44.74019
1427157397.485,-42.111233
1427157397.5,-39.36186
1427157397.516,-36.732407
1427157397.532,-34.165558
1427157397.547,-31.338303
1427157397.563,-27.807938
1427157397.578,-23.343979
1427157397.594,-18.042656
1427157397.61,-12.305496
1427157397.625,-6.650528
1427157397.641,-1.4310226
1427157397.657,3.3403244
1427157397.672,7.96434
1427157397.688,12.8550415
1427157397.703,18.22882
1427157397.719,23.956322
1427157397.735,29.568428
1427157397.75,34.48134
1427157397.766,38.28434
1427157397.782,40.919632
1427157397.797,42.71183
1427157397.813,44.280167
1427157397.828,46.262344
1427157397.844,49.20597
1427157397.86,53.396645
1427157397.875,58.73551
1427157397.891,64.62171
1427157397.907,69.95405
1427157397.922,73.303986
1427157397.938,73.306725
1427157397.953,69.17563
1427157397.969,61.027954
1427157397.985,49.916298
1427157398,37.456932
1427157398.016,25.24752
1427157398.032,14.356285
1427157398.047,5.103447
1427157398.063,-2.7191696
1427157398.078,-9.534088
1427157398.094,-15.609009
1427157398.11,-20.92775
1427157398.125,-25.304893
1427157398.141,-28.562668
1427157398.157,-30.701035
1427157398.172,-31.929096
1427157398.188,-32.55991
1427157398.203,-32.897606
1427157398.219,-33.114384
1427157398.235,-33.281715
1427157398.25,-33.40587
1427157398.266,-33.515747
1427157398.282,-33.67104
1427157398.297,-34.005302
1427157398.313,-34.527824
1427157398.328,-35.118572
1427157398.344,-35.42902
1427157398.36,-35.015785
1427157398.375,-33.526855
1427157398.391,-30.86995
1427157398.407,-27.309074
1427157398.422,-23.346172
1427157398.438,-19.509079
1427157398.453,-16.130672
1427157398.469,-13.226505
1427157398.485,-10.532124
1427157398.5,-7.657543
1427157398.516,-4.284878
1427157398.532,-0.2747574
1427157398.547,4.2299156
1427157398.563,8.943497
1427157398.578,13.501854
1427157398.594,17.623936
1427157398.61,21.213032
1427157398.625,24.406628
1427157398.641,27.547066
1427157398.657,31.129124
1427157398.672,35.625484
1427157398.688,41.3004
1427157398.704,47.97321
1427157398.719,54.944675
1427157398.735,60.996975
1427157398.75,64.69139
1427157398.766,64.76933
1427157398.782,60.627277
1427157398.797,52.540173
1427157398.813,41.63859
1427157398.829,29.486702
1427157398.844,17.648586
1427157398.86,7.190632
1427157398.875,-1.4470844
1427157398.891,-8.347736
1427157398.907,-13.826586
1427157398.922,-18.200323
1427157398.938,-21.616863
1427157398.954,-24.1347
1427157398.969,-25.781487
1427157398.985,-26.685167
1427157399,-27.076616
1427157399.016,-27.262709
1427157399.032,-27.524334
1427157399.047,-28.006048
1427157399.063,-28.654087
1427157399.079,-29.239714
1427157399.094,-29.439215
1427157399.11,-29.024715
1427157399.125,-27.956257
1427157399.141,-26.491158
1427157399.157,-24.986607
1427157399.172,-23.771763
1427157399.188,-22.855154
1427157399.204,-21.955772
1427157399.219,-20.551983
1427157399.235,-18.16821
1427157399.25,-14.606439
1427157399.266,-10.062345
1427157399.282,-5.0240774
1427157399.297,-0.09410846
1427157399.313,4.3194594
1427157399.329,8.091838
1427157399.344,11.410715
1427157399.36,14.636292
1427157399.375,18.145237
1427157399.391,22.237488
1427157399.407,27.118528
1427157399.422,32.843246
1427157399.438,39.27646
1427157399.454,45.943424
1427157399.469,51.983
1427157399.485,56.23728
1427157399.5,57.546185
1427157399.516,55.167686
1427157399.532,49.128555
1427157399.547,40.23635
1427157399.563,29.867012
1427157399.579,19.427767
1427157399.594,9.906288
1427157399.61,1.6845493
1427157399.625,-5.4082394
1427157399.641,-11.777571
1427157399.657,-17.703377
1427157399.672,-23.237299
1427157399.688,-28.1566
1427157399.704,-32.193344
1427157399.719,-35.161564
1427157399.735,-37.115944
1427157399.75,-38.329918
1427157399.766,-39.182106
1427157399.782,-40.008636
1427157399.797,-40.97281
1427157399.813,-42.011177
1427157399.829,-42.879658
1427157399.844,-43.274616
1427157399.86,-43.001534
1427157399.875,-42.098534
1427157399.891,-40.77172
1427157399.907,-39.289806
1427157399.922,-37.814224
1427157399.938,-36.289497
1427157399.954,-34.51532
1427157399.969,-32.279842
1427157399.985,-29.5037
1427157400,-26.328583
1427157400.016,-23.035614
1427157400.032,-19.838608
1427157400.047,-16.821606
1427157400.063,-13.803375
1427157400.079,-10.465767
1427157400.094,-6.504116
1427157400.11,-1.7752113
1427157400.125,3.6045036
1427157400.141,9.289154
1427157400.157,14.818386
1427157400.172,19.777569
1427157400.188,23.957367
1427157400.204,27.421562
1427157400.219,30.57941
1427157400.235,34.04497
1427157400.25,38.460197
1427157400.266,44.309734
1427157400.282,51.621193
1427157400.297,59.843346
1427157400.313,67.8383
1427157400.329,74.0555
1427157400.344,76.97243
1427157400.36,75.517944
1427157400.375,69.46713
1427157400.391,59.53092
1427157400.407,47.13566
1427157400.422,33.96604
1427157400.438,21.435966
1427157400.454,10.3195
1427157400.469,0.7177391
1427157400.485,-7.689987
1427157400.5,-15.296097
1427157400.516,-22.27327
1427157400.532,-28.472305
1427157400.547,-33.62018
1427157400.563,-37.523354
1427157400.579,-40.229485
1427157400.594,-42.02486
1427157400.61,-43.302944
1427157400.625,-44.386326
1427157400.641,-45.42119
1427157400.657,-46.377285
1427157400.672,-47.149868
1427157400.688,-47.629387
1427157400.704,-47.816444
1427157400.719,-47.74347
1427157400.735,-47.415215
1427157400.75,-46.776558
1427157400.766,-45.685955
1427157400.782,-44.004955
1427157400.797,-41.678123
1427157400.813,-38.775444
1427157400.829,-35.498817
1427157400.844,-32.062332
1427157400.86,-28.63047
1427157400.875,-25.239738
1427157400.891,-21.830776
1427157400.907,-18.347065
1427157400.922,-14.819801
1427157400.938,-11.331345
1427157400.954,-8.026253
1427157400.969,-4.9271317
1427157400.985,-1.9134026
1427157401,1.278862
1427157401.016,4.911621
1427157401.032,9.10994
1427157401.047,13.787472
1427157401.063,18.672218
1427157401.079,23.451027
1427157401.094,27.89544
1427157401.11,31.972614
1427157401.125,35.79995
1427157401.141,39.600533
1427157401.157,43.63609
1427157401.172,48.18828
1427157401.188,53.53279
1427157401.204,59.800606
1427157401.219,66.77338
1427157401.235,73.67088
1427157401.25,79.187744
1427157401.266,81.74239
1427157401.282,80.05775
1427157401.297,73.699844
1427157401.313,63.3159
1427157401.329,50.442482
1427157401.344,36.977257
1427157401.36,24.481777
1427157401.376,13.770153
1427157401.391,4.8645325
1427157401.407,-2.69215
1427157401.422,-9.413948
1427157401.438,-15.525078
1427157401.454,-20.90524
1427157401.469,-25.295296
1427157401.485,-28.545353
1427157401.501,-30.777267
1427157401.516,-32.40625
1427157401.532,-33.93538
1427157401.547,-35.733932
1427157401.563,-37.858803
1427157401.579,-40.070587
1427157401.594,-41.992744
1427157401.61,-43.34455
1427157401.626,-44.081142
1427157401.641,-44.40368
1427157401.657,-44.616776
1427157401.672,-44.90499
1427157401.688,-45.17272
1427157401.704,-45.056446
1427157401.719,-44.05199
1427157401.735,-41.775806
1427157401.751,-38.149162
1427157401.766,-33.46727
1427157401.782,-28.298729
1427157401.797,-23.257671
1427157401.813,-18.739212
1427157401.829,-14.800789
1427157401.844,-11.152645
1427157401.86,-7.376766
1427157401.876,-3.132084
1427157401.891,1.6239967
1427157401.907,6.6235123
1427157401.922,11.421219
1427157401.938,15.639301
1427157401.954,19.186157
1427157401.969,22.312012
1427157401.985,25.513718
1427157402.001,29.353313
1427157402.016,34.24507
1427157402.032,40.36613
1427157402.047,47.53448
1427157402.063,55.175774
1427157402.079,62.30615
1427157402.094,67.65617
1427157402.11,69.95449
1427157402.126,68.34593
1427157402.141,62.71335
1427157402.157,53.78684
1427157402.172,42.913044
1427157402.188,31.529602
1427157402.204,20.720001
1427157402.219,10.9355545
1427157402.235,2.0869942
1427157402.251,-6.083023
1427157402.266,-13.690327
1427157402.282,-20.51585
1427157402.297,-26.18975
1427157402.313,-30.378422
1427157402.329,-33.080776
1427157402.344,-34.62475
1427157402.36,-35.577793
1427157402.376,-36.48931
1427157402.391,-37.709312
1427157402.407,-39.256466
1427157402.422,-40.88241
1427157402.438,-42.187077
1427157402.454,-42.850693
1427157402.469,-42.758335
1427157402.485,-42.082417
1427157402.501,-41.11994
1427157402.516,-40.145996
1427157402.532,-39.198242
1427157402.547,-38.05662
1427157402.563,-36.318634
1427157402.579,-33.62503
1427157402.594,-29.85676
1427157402.61,-25.254713
1427157402.626,-20.337687
1427157402.641,-15.702236
1427157402.657,-11.758625
1427157402.672,-8.588068
1427157402.688,-5.900589
1427157402.704,-3.1918793
1427157402.719,0.05534172
1427157402.735,4.1099815
1427157402.751,8.906788
1427157402.766,14.0633335
1427157402.782,19.048899
1427157402.797,23.405031
1427157402.813,26.94825
1427157402.829,29.85736
1427157402.844,32.593582
1427157402.86,35.748573
1427157402.876,39.87542
1427157402.891,45.27275
1427157402.907,51.86474
1427157402.922,59.067295
1427157402.938,65.832756
1427157402.954,70.793526
1427157402.969,72.60957
1427157402.985,70.3616
1427157403.001,63.91709
1427157403.016,53.97902
1427157403.032,41.93258
1427157403.047,29.35924
1427157403.063,17.58333
1427157403.079,7.3284473
1427157403.094,-1.2959194
1427157403.11,-8.594494
1427157403.126,-14.970041
1427157403.141,-20.679543
1427157403.157,-25.714054
1427157403.172,-29.954561
1427157403.188,-33.268166
1427157403.204,-35.6965
1427157403.219,-37.41809
1427157403.235,-38.720795
1427157403.251,-39.849342
1427157403.266,-40.88787
1427157403.282,-41.75271
1427157403.297,-42.269756
1427157403.313,-42.270943
1427157403.329,-41.704514
1427157403.344,-40.65467
1427157403.36,-39.302814
1427157403.376,-37.852524
1427157403.391,-36.47072
1427157403.407,-35.179604
1427157403.422,-33.88048
1427157403.438,-32.371155
1427157403.454,-30.416094
1427157403.469,-27.85381
1427157403.485,-24.668255
1427157403.501,-21.007082
1427157403.516,-17.145409
1427157403.532,-13.401698
1427157403.547,-9.987486
1427157403.563,-6.8972926
1427157403.579,-3.9594646
1427157403.594,-0.88415074
1427157403.61,2.5570917
1427157403.626,6.4374723
1427157403.641,10.626283
1427157403.657,14.884699
1427157403.672,18.948383
1427157403.688,22.673714
1427157403.704,26.05202
1427157403.719,29.209942
1427157403.735,32.318947
1427157403.751,35.595535
1427157403.766,39.21891
1427157403.782,43.427467
1427157403.797,48.432827
1427157403.813,54.30836
1427157403.829,60.77007
1427157403.844,67.02272
1427157403.86,71.84397
1427157403.876,73.86241
1427157403.891,72.02983
1427157403.907,66.05226
1427157403.922,56.5245
1427157403.938,44.74903
1427157403.954,32.27743
1427157403.969,20.404242
1427157403.985,9.864248
1427157404.001,0.80967236
1427157404.016,-6.9737477
1427157404.032,-13.742537
1427157404.048,-19.64112
1427157404.063,-24.58836
1427157404.079,-28.429773
1427157404.094,-31.079918
1427157404.11,-32.643967
1427157404.126,-33.421814
1427157404.141,-33.82327
1427157404.157,-34.26525
1427157404.172,-34.984127
1427157404.188,-36.004227
1427157404.204,-37.150394
1427157404.219,-38.132782
1427157404.235,-38.707672
1427157404.251,-38.67552
1427157404.266,-37.956615
1427157404.282,-36.520172
1427157404.298,-34.402706
1427157404.313,-31.659
1427157404.329,-28.438492
1427157404.344,-24.897564
1427157404.36,-21.195568
1427157404.376,-17.42941
1427157404.391,-13.604351
1427157404.407,-9.656671
1427157404.423,-5.5148377
1427157404.438,-1.1676044
1427157404.454,3.3201563
1427157404.469,7.811515
1427157404.485,12.1404
1427157404.501,16.221771
1427157404.516,20.070528
1427157404.532,23.853718
1427157404.548,27.806229
1427157404.563,32.224785
1427157404.579,37.32405
1427157404.594,43.17549
1427157404.61,49.51799
1427157404.626,55.712555
1427157404.641,60.71573
1427157404.657,63.34492
1427157404.673,62.553135
1427157404.688,57.852695
1427157404.704,49.560024
1427157404.719,38.7482
1427157404.735,26.944725
1427157404.751,15.595257
1427157404.766,5.645846
1427157404.782,-2.6798177
1427157404.798,-9.689386
1427157404.813,-15.844061
1427157404.829,-21.43947
1427157404.844,-26.383512
1427157404.86,-30.373678
1427157404.876,-33.132446
1427157404.891,-34.673153
1427157404.907,-35.339745
1427157404.923,-35.672863
1427157404.938,-36.138817
1427157404.954,-36.894188
1427157404.969,-37.773716
1427157404.985,-38.411
1427157405.001,-38.49848
1427157405.016,-37.969654
1427157405.032,-36.989323
1427157405.048,-35.83494
1427157405.063,-34.698936
1427157405.079,-33.54363
1427157405.094,-32.11952
1427157405.11,-30.117064
1427157405.126,-27.352997
1427157405.141,-23.880058
1427157405.157,-19.930134
1427157405.173,-15.805248
1427157405.188,-11.654084
1427157405.204,-7.423213
1427157405.219,-2.9032044
1427157405.235,2.1508732
1427157405.251,7.7867093
1427157405.266,13.795341
1427157405.282,19.788898
1427157405.298,25.301086
1427157405.313,30.03928
1427157405.329,33.956776
1427157405.344,37.331127
1427157405.36,40.68171
1427157405.376,44.610294
1427157405.391,49.595177
1427157405.407,55.74911
1427157405.423,62.59485
1427157405.438,69.02928
1427157405.454,73.5458
1427157405.469,74.69145
1427157405.485,71.55812
1427157405.501,64.176254
1427157405.516,53.49757
1427157405.532,41.06629
1427157405.548,28.477837
1427157405.563,16.881645
1427157405.579,6.748169
1427157405.594,-2.0045776
1427157405.61,-9.741137
1427157405.626,-16.760199
1427157405.641,-23.130445
1427157405.657,-28.699823
1427157405.673,-33.27817
1427157405.688,-36.804993
1427157405.704,-39.43127
1427157405.719,-41.458717
1427157405.735,-43.215206
1427157405.751,-44.866394
1427157405.766,-46.39591
1427157405.782,-47.618797
1427157405.798,-48.297157
1427157405.813,-48.34584
1427157405.829,-47.84353
1427157405.844,-47.036667
1427157405.86,-46.1604
1427157405.876,-45.288147
1427157405.891,-44.257217
1427157405.907,-42.72328
1427157405.923,-40.33718
1427157405.938,-36.91409
1427157405.954,-32.588432
1427157405.969,-27.76056
1427157405.985,-22.998396
1427157406.001,-18.777609
1427157406.016,-15.336576
1427157406.032,-12.557226
1427157406.048,-10.017685
1427157406.063,-7.1423664
1427157406.079,-3.4598885
1427157406.094,1.2214851
1427157406.11,6.762083
1427157406.126,12.689682
1427157406.141,18.44406
1427157406.157,23.569096
1427157406.173,27.899332
1427157406.188,31.636341
1427157406.204,35.202946
1427157406.219,39.152496
1427157406.235,43.937164
1427157406.251,49.81243
1427157406.266,56.69634
1427157406.282,64.09982
1427157406.298,71.067276
1427157406.313,76.261406
1427157406.329,78.31436
1427157406.344,76.22069
1427157406.36,69.77751
1427157406.376,59.688343
1427157406.391,47.356888
1427157406.407,34.378883
1427157406.423,22.061861
1427157406.438,11.092918
1427157406.454,1.5758781
1427157406.469,-6.673023
1427157406.485,-13.86779
1427157406.501,-20.023819
1427157406.516,-25.06967
1427157406.532,-28.921879
1427157406.548,-31.670856
1427157406.563,-33.559776
1427157406.579,-34.886
1427157406.594,-35.91133
1427157406.61,-36.73387
1427157406.626,-37.339767
1427157406.641,-37.683426
1427157406.657,-37.74601
1427157406.673,-37.64102
1427157406.688,-37.517853
1427157406.704,-37.52796
1427157406.72,-37.666855
1427157406.735,-37.75434
1427157406.751,-37.449715
1427157406.766,-36.38658
1427157406.782,-34.314045
1427157406.798,-31.229834
1427157406.813,-27.393023
1427157406.829,-23.237822
1427157406.844,-19.196766
1427157406.86,-15.53273
1427157406.876,-12.225397
1427157406.891,-9.036291
1427157406.907,-5.6160755
1427157406.923,-1.7386684
1427157406.938,2.6122818
1427157406.954,7.223301
1427157406.97,11.780491
1427157406.985,16.014133
1427157407.001,19.859661
1427157407.016,23.497486
1427157407.032,27.294315
1427157407.048,31.683014
1427157407.063,37.03928
1427157407.079,43.520046
1427157407.095,50.899334
1427157407.11,58.45256
1427157407.126,64.995674
1427157407.141,69.088394
1427157407.157,69.470985
1427157407.173,65.4998
1427157407.188,57.46552
1427157407.204,46.48234
1427157407.22,34.133396
1427157407.235,21.867645
1427157407.251,10.642727
1427157407.266,0.73646164
1427157407.282,-7.960453
1427157407.298,-15.6933365
1427157407.313,-22.51165
1427157407.329,-28.286213
1427157407.345,-32.81672
1427157407.36,-36.05454
1427157407.376,-38.141987
1427157407.391,-39.457092
1427157407.407,-40.401405
1427157407.423,-41.268806
1427157407.438,-42.135544
1427157407.454,-42.891834
1427157407.47,-43.33135
1427157407.485,-43.273163
1427157407.501,-42.7241
1427157407.516,-41.864174
1427157407.532,-40.9777
1427157407.548,-40.271667
1427157407.563,-39.72197
1427157407.579,-39.0383
1427157407.595,-37.771534
1427157407.61,-35.536514
1427157407.626,-32.210793
1427157407.641,-28.015728
1427157407.657,-23.39843
1427157407.673,-18.84666
1427157407.688,-14.656082
1427157407.704,-10.874744
1427157407.72,-7.273773
1427157407.735,-3.5468369
1427157407.751,0.5937958
1427157407.766,5.2504272
1427157407.782,10.321632
1427157407.798,15.508598
1427157407.813,20.432251
1427157407.829,24.77563
1427157407.845,28.39843
1427157407.86,31.413351
1427157407.876,34.15932
1427157407.891,37.130913
1427157407.907,40.86695
1427157407.923,45.78454
1427157407.938,52.03409
1427157407.954,59.304832
1427157407.97,66.74894
1427157407.985,73.03129
1427157408.001,76.65088
1427157408.016,76.33157
1427157408.032,71.530426
1427157408.048,62.625244
1427157408.063,50.84539
1427157408.079,37.783188
1427157408.095,24.89771
1427157408.11,13.09252
1427157408.126,2.6690025
1427157408.141,-6.52985
1427157408.157,-14.756693
1427157408.173,-22.118229
1427157408.188,-28.554049
1427157408.204,-33.932907
1427157408.22,-38.1557
1427157408.235,-41.321648
1427157408.251,-43.60847
1427157408.266,-45.26935
1427157408.282,-46.500267
1427157408.298,-47.44744
1427157408.313,-48.197647
1427157408.329,-48.82174
1427157408.345,-49.334618
1427157408.36,-49.71572
1427157408.376,-49.875908
1427157408.391,-49.708557
1427157408.407,-49.138756
1427157408.423,-48.13845
1427157408.438,-46.725784
1427157408.454,-44.950638
1427157408.47,-42.857033
1427157408.485,-40.479305
1427157408.501,-37.845
1427157408.516,-34.961407
1427157408.532,-31.848671
1427157408.548,-28.514444
1427157408.563,-24.969872
1427157408.579,-21.209661
1427157408.595,-17.276228
1427157408.61,-13.267879
1427157408.626,-9.324829
1427157408.641,-5.634695
1427157408.657,-2.305581
1427157408.673,0.69208336
1427157408.688,3.5836644
1427157408.704,6.677475
1427157408.72,10.331823
1427157408.735,14.739373
1427157408.751,19.846256
1427157408.766,25.361088
1427157408.782,30.841312
1427157408.798,35.859825
1427157408.813,40.19793
1427157408.829,43.9131
1427157408.845,47.36063
1427157408.86,51.05716
1427157408.876,55.52706
1427157408.891,61.07431
1427157408.907,67.56157
1427157408.923,74.24579
1427157408.938,79.906105
1427157408.954,83.04649
1427157408.97,82.39228
1427157408.985,77.29782
1427157409.001,68.023315
1427157409.016,55.663258
1427157409.032,41.83824
1427157409.048,28.171082
1427157409.063,15.887509
1427157409.079,5.561551
1427157409.095,-2.8131876
1427157409.11,-9.621737
1427157409.126,-15.315038
1427157409.141,-20.218405
1427157409.157,-24.48191
1427157409.173,-28.130457
1427157409.188,-31.133476
1427157409.204,-33.56218
1427157409.22,-35.540195
1427157409.235,-37.26545
1427157409.251,-38.901115
1427157409.266,-40.520935
1427157409.282,-42.061897
1427157409.298,-43.373962
1427157409.313,-44.25628
1427157409.329,-44.582497
1427157409.345,-44.329315
1427157409.36,-43.587425
1427157409.376,-42.497326
1427157409.391,-41.176865
1427157409.407,-39.65204
1427157409.423,-37.8422
1427157409.438,-35.629395
1427157409.454,-32.92533
1427157409.47,-29.747042
1427157409.485,-26.236176
1427157409.501,-22.609896
1427157409.516,-19.056446
1427157409.532,-15.6992
1427157409.548,-12.517338
1427157409.563,-9.382179
1427157409.579,-6.131302
1427157409.595,-2.5973587
1427157409.61,1.2840881
1427157409.626,5.493698
1427157409.642,9.897329
1427157409.657,14.301506
1427157409.673,18.49857
1427157409.688,22.373903
1427157409.704,25.912437
1427157409.72,29.270018
1427157409.735,32.70894
1427157409.751,36.522175
1427157409.767,40.97841
1427157409.782,46.25235
1427157409.798,52.36043
1427157409.813,59.06928
1427157409.829,65.768
1427157409.845,71.467255
1427157409.86,74.89897
1427157409.876,74.88742
1427157409.892,70.72975
1427157409.907,62.53365
1427157409.923,51.203278
1427157409.938,38.219437
1427157409.954,25.09842
1427157409.97,12.998901
1427157409.985,2.4969711
1427157410.001,-6.338585
1427157410.017,-13.673687
1427157410.032,-19.67733
1427157410.048,-24.40369
1427157410.063,-27.854424
1427157410.079,-30.098743
1427157410.095,-31.370396
1427157410.11,-32.03885
1427157410.126,-32.504795
1427157410.142,-33.10206
1427157410.157,-33.9957
1427157410.173,-35.165134
1427157410.188,-36.427418
1427157410.204,-37.55368
1427157410.22,-38.348713
1427157410.235,-38.711098
1427157410.251,-38.594246
1427157410.267,-38.00188
1427157410.282,-36.85802
1427157410.298,-35.025238
1427157410.313,-32.350292
1427157410.329,-28.828259
1427157410.345,-24.619766
1427157410.36,-20.103992
1427157410.376,-15.719795
1427157410.392,-11.800743
1427157410.407,-8.37434
1427157410.423,-5.180481
1427157410.438,-1.7970161
1427157410.454,2.1203346
1427157410.47,6.6721992
1427157410.485,11.616859
1427157410.501,16.480957
1427157410.517,20.803894
1427157410.532,24.340664
1427157410.548,27.179317
1427157410.563,29.75624
1427157410.579,32.677567
1427157410.595,36.55932
1427157410.61,41.74337
1427157410.626,48.119743
1427157410.642,54.989532
1427157410.657,61.112526
1427157410.673,65.002304
1427157410.688,65.37527
1427157410.704,61.637043
1427157410.72,54.119484
1427157410.735,43.990177
1427157410.751,32.82244
1427157410.767,22.053017
1427157410.782,12.511408
1427157410.798,4.3585014
1427157410.813,-2.6866074
1427157410.829,-9.021561
1427157410.845,-14.828499
1427157410.86,-20.059685
1427157410.876,-24.49846
1427157410.892,-28.070093
1427157410.907,-30.854172
1427157410.923,-33.099636
1427157410.938,-35.05407
1427157410.954,-36.855206
1427157410.97,-38.46544
1427157410.985,-39.743996
1427157411.001,-40.58074
1427157411.017,-40.931637
1427157411.032,-40.867584
1427157411.048,-40.476135
1427157411.063,-39.80121
1427157411.079,-38.833828
1427157411.095,-37.496414
1427157411.11,-35.74163
1427157411.126,-33.60163
1427157411.142,-31.193123
1427157411.157,-28.645723
1427157411.173,-26.046608
1427157411.188,-23.394533
1427157411.204,-20.63829
1427157411.22,-17.726337
1427157411.235,-14.693319
1427157411.251,-11.656382
1427157411.267,-8.775578
1427157411.282,-6.1591835
1427157411.298,-3.803379
1427157411.313,-1.5364609
1427157411.329,0.89004135
1427157411.345,3.7312164
1427157411.36,7.123169
1427157411.376,11.036121
1427157411.392,15.270348
1427157411.407,19.541565
1427157411.423,23.575634
1427157411.438,27.229671
1427157411.454,30.537334
1427157411.47,33.762615
1427157411.485,37.333893
1427157411.501,41.78399
1427157411.517,47.54715
1427157411.532,54.74031
1427157411.548,62.941235
1427157411.563,71.046394
1427157411.579,77.449234
1427157411.595,80.44057
1427157411.61,78.77214
1427157411.626,72.18857
1427157411.642,61.51467
1427157411.657,48.436768
1427157411.673,34.836563
1427157411.688,22.224403
1427157411.704,11.33807
1427157411.72,2.182499
1427157411.735,-5.650608
1427157411.751,-12.568237
1427157411.767,-18.768135
1427157411.782,-24.206661
1427157411.798,-28.785988
1427157411.813,-32.448437
1427157411.829,-35.28482
1427157411.845,-37.467438
1427157411.86,-39.183502
1427157411.876,-40.53501
1427157411.892,-41.576088
1427157411.907,-42.332314
1427157411.923,-42.85202
1427157411.938,-43.182014
1427157411.954,-43.35735
1427157411.97,-43.351776
1427157411.985,-43.102226
1427157412.001,-42.5232
1427157412.017,-41.554638
1427157412.032,-40.196587
1427157412.048,-38.480816
1427157412.063,-36.458794
1427157412.079,-34.198776
1427157412.095,-31.760738
1427157412.11,-29.21859
1427157412.126,-26.581697
1427157412.142,-23.86107
1427157412.157,-20.970552
1427157412.173,-17.840195
1427157412.188,-14.430269
1427157412.204,-10.822855
1427157412.22,-7.1972523
1427157412.235,-3.7614136
1427157412.251,-0.6082649
1427157412.267,2.3477879
1427157412.282,5.378124
1427157412.298,8.764355
1427157412.314,12.647362
1427157412.329,16.937344
1427157412.345,21.382984
1427157412.36,25.660023
1427157412.376,29.587505
1427157412.392,33.194054
1427157412.407,36.711216
1427157412.423,40.493164
1427157412.439,44.955914
1427157412.454,50.411476
1427157412.47,56.923496
1427157412.485,64.12689
1427157412.501,71.10997
1427157412.517,76.48576
1427157412.532,78.74512
1427157412.548,76.74263
1427157412.564,70.168365
1427157412.579,59.69552
1427157412.595,46.80719
1427157412.61,33.21856
1427157412.626,20.407042
1427157412.642,9.1672
1427157412.657,-0.32217598
1427157412.673,-8.2789345
1427157412.689,-14.98336
1427157412.704,-20.57616
1427157412.72,-25.016027
1427157412.735,-28.25463
1427157412.751,-30.358341
1427157412.767,-31.561575
1427157412.782,-32.202034
1427157412.798,-32.576637
1427157412.814,-32.874268
1427157412.829,-33.16577
1427157412.845,-33.42791
1427157412.86,-33.650826
1427157412.876,-33.84894
1427157412.892,-34.053154
1427157412.907,-34.23742
1427157412.923,-34.310493
1427157412.939,-34.114998
1427157412.954,-33.468704
1427157412.97,-32.24667
1427157412.985,-30.412643
1427157413.001,-28.034252
1427157413.017,-25.266922
1427157413.032,-22.313698
1427157413.048,-19.364254
1427157413.064,-16.523388
1427157413.079,-13.736116
1427157413.095,-10.8029
1427157413.11,-7.440028
1427157413.126,-3.4410686
1427157413.142,1.1793928
1427157413.157,6.1757793
1427157413.173,11.119933
1427157413.189,15.571525
1427157413.204,19.272842
1427157413.22,22.270296
1427157413.235,24.896786
1427157413.251,27.729177
1427157413.267,31.374798
1427157413.282,36.31324
1427157413.298,42.63473
1427157413.314,49.924976
1427157413.329,57.15367
1427157413.345,62.874664
1427157413.36,65.58809
1427157413.376,64.21058
1427157413.392,58.48343
1427157413.407,49.102287
1427157413.423,37.490513
1427157413.439,25.28971
1427157413.454,13.841221
1427157413.47,3.8464446
1427157413.485,-4.6393075
1427157413.501,-11.931819
1427157413.517,-18.35947
1427157413.532,-24.050337
1427157413.548,-28.865688
1427157413.564,-32.589825
1427157413.579,-35.14395
1427157413.595,-36.674007
1427157413.61,-37.51986
1427157413.626,-38.072727
1427157413.642,-38.607445
1427157413.657,-39.19422
1427157413.673,-39.73517
1427157413.689,-40.04573
1427157413.704,-40.026073
1427157413.72,-39.683716
1427157413.735,-39.16158
1427157413.751,-38.619556
1427157413.767,-38.102085
1427157413.782,-37.47908
1427157413.798,-36.454403
1427157413.814,-34.663147
1427157413.829,-31.882584
1427157413.845,-28.138199
1427157413.86,-23.76405
1427157413.876,-19.24926
1427157413.892,-15.032066
1427157413.907,-11.277382
1427157413.923,-7.808325
1427157413.939,-4.1784477
1427157413.954,0.030629158
1427157413.97,5.008561
1427157413.985,10.574411
1427157414.001,16.261845
1427157414.017,21.49996
1427157414.032,25.918772
1427157414.048,29.448273
1427157414.064,32.33293
1427157414.079,35.02426
1427157414.095,38.06983
1427157414.11,41.962402
1427157414.126,47.05586
1427157414.142,53.38038
1427157414.157,60.526825
1427157414.173,67.53736
1427157414.189,73.0228
1427157414.204,75.48669
1427157414.22,73.8368
1427157414.235,67.785324
1427157414.251,58.017326
1427157414.267,45.983063
1427157414.282,33.395832
1427157414.298,21.62717
1427157414.314,11.398508
1427157414.329,2.7251606
1427157414.345,-4.8197403
1427157414.36,-11.686609
1427157414.376,-18.11088
1427157414.392,-24.007738
1427157414.407,-29.12887
1427157414.423,-33.23561
1427157414.439,-36.28407
1427157414.454,-38.457104
1427157414.47,-40.08622
1427157414.485,-41.49082
1427157414.501,-42.81367
1427157414.517,-44.034573
1427157414.532,-44.98867
1427157414.548,-45.50741
1427157414.564,-45.515965
1427157414.579,-45.14952
1427157414.595,-44.621468
1427157414.61,-44.132088
1427157414.626,-43.75335
1427157414.642,-43.36465
1427157414.657,-42.674004
1427157414.673,-41.341904
1427157414.689,-39.14099
1427157414.704,-36.07298
1427157414.72,-32.35724
1427157414.735,-28.339386
1427157414.751,-24.335243
1427157414.767,-20.500881
1427157414.782,-16.763313
1427157414.798,-12.955849
1427157414.814,-8.83625
1427157414.829,-4.247795
1427157414.845,0.85993195
1427157414.86,6.378151
1427157414.876,12.063923
1427157414.892,17.603008
1427157414.907,22.61876
1427157414.923,26.870274
1427157414.939,30.352406
1427157414.954,33.372543
1427157414.97,36.518692
1427157414.986,40.473644
1427157415.001,45.81997
1427157415.017,52.701588
1427157415.032,60.721558
1427157415.048,68.89754
1427157415.064,75.8419
1427157415.079,80.07515
1427157415.095,80.39653
1427157415.11,76.24202
1427157415.126,67.93001
1427157415.142,56.529724
1427157415.157,43.582287
1427157415.173,30.613686
1427157415.189,18.730778
1427157415.204,8.386654
1427157415.22,-0.4988861
1427157415.236,-8.266716
1427157415.251,-15.195427
1427157415.267,-21.332886
1427157415.282,-26.531391
1427157415.298,-30.626534
1427157415.314,-33.572983
1427157415.329,-35.536503
1427157415.345,-36.808304
1427157415.361,-37.675617
1427157415.376,-38.33097
1427157415.392,-38.83476
1427157415.407,-39.169674
1427157415.423,-39.34471
1427157415.439,-39.427727
1427157415.454,-39.510197
1427157415.47,-39.593277
1427157415.486,-39.58643
1427157415.501,-39.223724
1427157415.517,-38.23848
1427157415.532,-36.43959
1427157415.548,-33.81665
1427157415.564,-30.532341
1427157415.579,-26.83527
1427157415.595,-22.911755
1427157415.611,-18.825
1427157415.626,-14.502354
1427157415.642,-9.847576
1427157415.657,-4.8596497
1427157415.673,0.3156128
1427157415.689,5.431816
1427157415.704,10.182365
1427157415.72,14.394905
1427157415.736,18.082886
1427157415.751,21.485497
1427157415.767,24.974754
1427157415.782,29.002113
1427157415.798,33.960472
1427157415.814,40.06015
1427157415.829,47.136673
1427157415.845,54.55059
1427157415.861,61.172905
1427157415.876,65.56731
1427157415.892,66.40906
1427157415.907,62.974625
1427157415.923,55.43009
1427157415.939,44.838966
1427157415.954,32.764008
1427157415.97,20.775688
1427157415.986,9.9205475
1427157416.001,0.6256256
1427157416.017,-7.243141
1427157416.032,-13.987724
1427157416.048,-19.841164
1427157416.064,-24.828522
1427157416.079,-28.841011
1427157416.095,-31.81813
1427157416.111,-33.855247
1427157416.126,-35.220764
1427157416.142,-36.254845
1427157416.157,-37.249596
1427157416.173,-38.371307
1427157416.189,-39.567894
1427157416.204,-40.693977
1427157416.22,-41.531082
1427157416.236,-41.907158
1427157416.251,-41.715576
1427157416.267,-40.943604
1427157416.282,-39.63549
1427157416.298,-37.87671
1427157416.314,-35.72003
1427157416.329,-33.1867
1427157416.345,-30.223984
1427157416.361,-26.752556
1427157416.376,-22.684486
1427157416.392,-17.990425
1427157416.407,-12.748985
1427157416.423,-7.1450195
1427157416.439,-1.4417877
1427157416.454,4.080139
1427157416.47,9.250175
1427157416.486,13.96917
1427157416.501,18.30481
1427157416.517,22.442574
1427157416.532,26.684998
1427157416.548,31.386108
1427157416.564,36.895027
1427157416.579,43.42861
1427157416.595,50.946793
1427157416.611,58.97648
1427157416.626,66.57781
1427157416.642,72.446724
1427157416.657,75.21448
1427157416.673,73.832794
1427157416.689,67.97473
1427157416.704,58.21157
1427157416.72,45.876266
1427157416.736,32.631874
1427157416.751,19.963661
1427157416.767,8.7170105
1427157416.782,-0.95941925
1427157416.798,-9.419121
1427157416.814,-17.12938
1427157416.829,-24.330574
1427157416.845,-30.896095
1427157416.861,-36.48668
1427157416.876,-40.779488
1427157416.892,-43.67932
1427157416.907,-45.35412
1427157416.923,-46.162247
1427157416.939,-46.47722
1427157416.954,-46.615326
1427157416.97,-46.73825
1427157416.986,-46.92089
1427157417.001,-47.1296
1427157417.017,-47.303833
1427157417.032,-47.314445
1427157417.048,-47.04624
1427157417.064,-46.390938
1427157417.079,-45.307983
1427157417.095,-43.759964
1427157417.111,-41.71882
1427157417.126,-39.18239
1427157417.142,-36.168747
1427157417.157,-32.766808
1427157417.173,-29.084366
1427157417.189,-25.260796
1427157417.204,-21.403282
1427157417.22,-17.569717
1427157417.236,-13.805504
1427157417.251,-10.155846
1427157417.267,-6.687668
1427157417.282,-3.438591
1427157417.298,-0.38614655
1427157417.314,2.6155014
1427157417.329,5.76902
1427157417.345,9.261917
1427157417.361,13.158577
1427157417.376,17.370659
1427157417.392,21.70858
1427157417.407,25.985245
1427157417.423,30.110428
1427157417.439,34.139633
1427157417.454,38.233932
1427157417.47,42.69027
1427157417.486,47.839752
1427157417.501,54.0337
1427157417.517,61.421722
1427157417.532,69.721466
1427157417.548,78.015274
1427157417.564,84.80352
1427157417.579,88.333496
1427157417.595,87.14719
1427157417.611,80.67575
1427157417.626,69.519714
1427157417.642,55.261684
1427157417.658,39.89453
1427157417.673,25.169968
1427157417.689,12.14241
1427157417.704,1.0034752
1427157417.72,-8.516266
1427157417.736,-16.845974
1427157417.751,-24.178783
1427157417.767,-30.46098
1427157417.782,-35.49881
1427157417.798,-39.187695
1427157417.814,-41.63115
1427157417.829,-43.103153
1427157417.845,-43.923412
1427157417.861,-44.34693
1427157417.876,-44.520874
1427157417.892,-44.530556
1427157417.908,-44.480453
1427157417.923,-44.493877
1427157417.939,-44.663715
1427157417.954,-45.02425
1427157417.97,-45.436005
1427157417.986,-45.6985
1427157418.001,-45.60434
1427157418.017,-45.014557
1427157418.033,-43.86205
1427157418.048,-42.199165
1427157418.064,-40.072742
1427157418.079,-37.560852
1427157418.095,-34.709404
1427157418.111,-31.591972
1427157418.126,-28.269764
1427157418.142,-24.809895
1427157418.158,-21.271137
1427157418.173,-17.714191
1427157418.189,-14.151958
1427157418.204,-10.604549
1427157418.22,-6.9957275
1427157418.236,-3.2194252
1427157418.251,0.8475876
1427157418.267,5.2606506
1427157418.283,9.963741
1427157418.298,14.7438965
1427157418.314,19.384441
1427157418.329,23.70494
1427157418.345,27.697517
1427157418.361,31.47633
1427157418.376,35.266052
1427157418.392,39.33872
1427157418.408,44.01218
1427157418.423,49.607986
1427157418.439,56.299446
1427157418.454,63.873554
1427157418.47,71.52156
1427157418.486,77.84449
1427157418.501,81.16928
1427157418.517,80.11166
1427157418.533,74.197266
1427157418.548,64.07553
1427157418.564,51.350605
1427157418.579,37.94113
1427157418.595,25.427238
1427157418.611,14.5925865
1427157418.626,5.452942
1427157418.642,-2.4191551
1427157418.658,-9.447557
1427157418.673,-15.779102
1427157418.689,-21.270554
1427157418.704,-25.725698
1427157418.72,-29.06702
1427157418.736,-31.446123
1427157418.751,-33.163345
1427157418.767,-34.510246
1427157418.783,-35.58784
1427157418.798,-36.391853
1427157418.814,-36.824806
1427157418.829,-36.914272
1427157418.845,-36.775936
1427157418.861,-36.630077
1427157418.876,-36.636
1427157418.892,-36.77201
1427157418.908,-36.8163
1427157418.923,-36.419453
1427157418.939,-35.25334
1427157418.954,-33.128056
1427157418.97,-30.086994
1427157418.986,-26.374569
1427157419.001,-22.359179
1427157419.017,-18.38791
1427157419.033,-14.686212
1427157419.048,-11.249903
1427157419.064,-7.8594847
1427157419.079,-4.2141466
1427157419.095,-0.015631676
1427157419.111,4.759919
1427157419.126,9.920958
1427157419.142,15.061924
1427157419.158,19.784374
1427157419.173,23.881134
1427157419.189,27.43747
1427157419.204,30.865208
1427157419.22,34.738796
1427157419.236,39.6288
1427157419.251,45.82036
1427157419.267,53.083996
1427157419.283,60.588123
1427157419.298,66.96564
1427157419.314,70.6623
1427157419.329,70.39654
1427157419.345,65.71918
1427157419.361,57.125835
1427157419.376,45.941174
1427157419.392,33.77691
1427157419.408,22.008465
1427157419.423,11.385551
1427157419.439,2.0593214
1427157419.454,-6.202235
1427157419.47,-13.641267
1427157419.486,-20.324133
1427157419.501,-26.124693
1427157419.517,-30.848623
1427157419.533,-34.410652
1427157419.548,-36.92019
1427157419.564,-38.642567
1427157419.579,-39.902843
1427157419.595,-40.893097
1427157419.611,-41.67637
1427157419.626,-42.116688
1427157419.642,-42.068058
1427157419.658,-41.484814
1427157419.673,-40.52313
1427157419.689,-39.484215
1427157419.704,-38.68078
1427157419.72,-38.20621
1427157419.736,-37.856705
1427157419.751,-37.18467
1427157419.767,-35.716858
1427157419.783,-33.18893
1427157419.798,-29.659248
1427157419.814,-25.476198
1427157419.829,-21.13388
1427157419.845,-17.0386
1427157419.861,-13.423708
1427157419.876,-10.264765
1427157419.892,-7.3155646
1427157419.908,-4.2065
1427157419.923,-0.64666843
1427157419.939,3.479106
1427157419.954,7.995905
1427157419.97,12.552784
1427157419.986,16.718443
1427157420.001,20.269608
1427157420.017,23.265852
1427157420.033,26.088585
1427157420.048,29.244144
1427157420.064,33.246277
1427157420.079,38.449924
1427157420.095,45.03352
1427157420.111,52.855804
1427157420.126,61.3763
1427157420.142,69.50529
1427157420.158,75.746544
1427157420.173,78.488365
1427157420.189,76.5981
1427157420.204,69.84258
1427157420.22,59.118473
1427157420.236,46.094883
1427157420.251,32.627197
1427157420.267,20.132639
1427157420.283,9.277222
1427157420.298,0.027046204
1427157420.314,-8.016855
1427157420.329,-15.249655
1427157420.345,-21.79163
1427157420.361,-27.548527
1427157420.376,-32.30275
1427157420.392,-35.903877
1427157420.408,-38.330086
1427157420.423,-39.764336
1427157420.439,-40.47772
1427157420.454,-40.80716
1427157420.47,-40.950806
1427157420.486,-41.02153
1427157420.501,-41.008354
1427157420.517,-40.86624
1427157420.533,-40.56523
1427157420.548,-40.176567
1427157420.564,-39.78382
1427157420.58,-39.447483
1427157420.595,-39.092648
1427157420.611,-38.551052
1427157420.626,-37.574284
1427157420.642,-36.008064
1427157420.658,-33.781002
1427157420.673,-30.955177
1427157420.689,-27.682676
1427157420.705,-24.182133
1427157420.72,-20.684717
1427157420.736,-17.395884
1427157420.751,-14.404842
1427157420.767,-11.623093
1427157420.783,-8.804493
1427157420.798,-5.6264687
1427157420.814,-1.8173561
1427157420.83,2.6659164
1427157420.845,7.62994
1427157420.861,12.689995
1427157420.876,17.445793
1427157420.892,21.621578
1427157420.908,25.228504
1427157420.923,28.471558
1427157420.939,31.695843
1427157420.955,35.24365
1427157420.97,39.391205
1427157420.986,44.313942
1427157421.001,49.99143
1427157421.017,56.072174
1427157421.033,61.758343
1427157421.048,65.84051
1427157421.064,66.94226
1427157421.08,63.950146
1427157421.095,56.557636
1427157421.111,45.425835
1427157421.126,32.0728
1427157421.142,18.346043
1427157421.158,5.8040085
1427157421.173,-4.7610626
1427157421.189,-13.352856
1427157421.205,-20.478806
1427157421.22,-26.671143
1427157421.236,-32.141304
1427157421.251,-36.757675
1427157421.267,-40.24827
1427157421.283,-42.460045
1427157421.298,-43.554764
1427157421.314,-43.9365
1427157421.33,-44.085503
1427157421.345,-44.314247
1427157421.361,-44.70607
1427157421.376,-45.04457
1427157421.392,-44.99198
1427157421.408,-44.215446
1427157421.423,-42.525482
1427157421.439,-39.88849
1427157421.455,-36.464516
1427157421.47,-32.50132
1427157421.486,-28.271233
1427157421.501,-23.971794
1427157421.517,-19.737373
1427157421.533,-15.585747
1427157421.548,-11.479927
1427157421.564,-7.3176346
1427157421.58,-2.987114
1427157421.595,1.6161194
1427157421.611,6.553459
1427157421.626,11.784859
1427157421.642,17.08477
1427157421.658,22.125381
1427157421.673,26.56076
1427157421.689,30.196312
1427157421.705,33.125114
1427157421.72,35.724472
1427157421.736,38.57518
1427157421.751,42.241997
1427157421.767,47.025658
1427157421.783,52.81958
1427157421.798,58.958687
1427157421.814,64.27628
1427157421.83,67.353035
1427157421.845,66.947075
1427157421.861,62.40621
1427157421.876,53.966637
1427157421.892,42.743584
1427157421.908,30.358131
1427157421.923,18.33538
1427157421.939,7.6875
1427157421.955,-1.3025284
1427157421.97,-8.888969
1427157421.986,-15.475342
1427157422.001,-21.249428
1427157422.017,-26.039452
1427157422.033,-29.460129
1427157422.048,-31.218262
1427157422.064,-31.338943
1427157422.08,-30.26117
1427157422.095,-28.687187
1427157422.111,-27.324806
1427157422.126,-26.567352
1427157422.142,-26.388641
1427157422.158,-26.33548
1427157422.173,-25.83432
1427157422.189,-24.487946
1427157422.205,-22.344315
1427157422.22,-19.867142
1427157422.236,-17.689194
1427157422.251,-16.21103
1427157422.267,-15.332642
1427157422.283,-14.428741
1427157422.298,-12.644608
1427157422.314,-9.290298
1427157422.33,-4.2401123
1427157422.345,2.117447
1427157422.361,8.999573
1427157422.376,15.607941
1427157422.392,21.400162
1427157422.408,26.237778
1427157422.423,30.318161
1427157422.439,34.047913
1427157422.455,37.903076
1427157422.47,42.35797
1427157422.486,47.753784
1427157422.501,54.151993
1427157422.517,61.150185
1427157422.533,67.82872
1427157422.548,72.85342
1427157422.564,74.84462
1427157422.58,72.86896
1427157422.595,66.806625
1427157422.611,57.40695
1427157422.626,46.032692
1427157422.642,34.117867
1427157422.658,22.710373
1427157422.673,12.278412
1427157422.689,2.8381882
1427157422.705,-5.7821426
1427157422.72,-13.589996
1427157422.736,-20.400452
1427157422.751,-25.917732
1427157422.767,-30.008415
1427157422.783,-32.766434
1427157422.798,-34.53203
1427157422.814,-35.644463
1427157422.83,-36.35047
1427157422.845,-36.662132
1427157422.861,-36.4374
1427157422.876,-35.51789
1427157422.892,-33.85794
1427157422.908,-31.609566
1427157422.923,-29.087898
1427157422.939,-26.72129
1427157422.955,-24.877274
1427157422.97,-23.67089
1427157422.986,-22.916985
1427157423.001,-22.062988
1427157423.017,-20.431213
1427157423.033,-17.489113
1427157423.048,-13.124802
1427157423.064,-7.6878357
1427157423.08,-1.8384857
1427157423.095,3.8541107
1427157423.111,9.132065
1427157423.126,14.203201
1427157423.142,19.54506
1427157423.158,25.670639
1427157423.173,32.855537
1427157423.189,41.106117
1427157423.205,50.096436
1427157423.22,59.240288
1427157423.236,67.6009
1427157423.252,74.01869
1427157423.267,77.27468
1427157423.283,76.466644
1427157423.298,71.324425
1427157423.314,62.44731
1427157423.33,51.071064
1427157423.345,38.681656
1427157423.361,26.531105
1427157423.377,15.332726
1427157423.392,5.273857
1427157423.408,-3.7512817
1427157423.423,-11.890366
1427157423.439,-19.145237
1427157423.455,-25.372528
1427157423.47,-30.343403
1427157423.486,-33.893475
1427157423.502,-35.96014
1427157423.517,-36.634747
1427157423.533,-36.126476
1427157423.548,-34.76629
1427157423.564,-32.9
1427157423.58,-30.899536
1427157423.595,-29.058426
1427157423.611,-27.611427
1427157423.627,-26.654682
1427157423.642,-26.195868
1427157423.658,-26.022388
1427157423.673,-25.767532
1427157423.689,-24.93129
1427157423.705,-23.041542
1427157423.72,-19.830025
1427157423.736,-15.381168
1427157423.752,-10.145858
1427157423.767,-4.750891
1427157423.783,0.2617979
1427157423.798,4.6619864
1427157423.814,8.690156
1427157423.83,12.967162
1427157423.845,18.295406
1427157423.861,25.30987
1427157423.877,34.185265
1427157423.892,44.346027
1427157423.908,54.529747
1427157423.923,62.945976
1427157423.939,67.80673
1427157423.955,67.83392
1427157423.97,62.696854
1427157423.986,53.11934
1427157424.002,40.614132
1427157424.017,26.986992
1427157424.033,13.759869
1427157424.048,1.8277397
1427157424.064,-8.594524
1427157424.08,-17.718552
1427157424.095,-25.852531
1427157424.111,-33.113598
1427157424.127,-39.335747
1427157424.142,-44.234848
1427157424.158,-47.588318
1427157424.173,-49.422318
1427157424.189,-50.050377
1427157424.205,-49.95246
1427157424.22,-49.554626
1427157424.236,-49.059387
1427157424.252,-48.396767
1427157424.267,-47.355873
1427157424.283,-45.75422
1427157424.298,-43.598587
1427157424.314,-41.06762
1427157424.33,-38.3611
1427157424.345,-35.52056
1427157424.361,-32.343727
1427157424.377,-28.483261
1427157424.392,-23.688446
1427157424.408,-17.959946
1427157424.423,-11.632492
1427157424.439,-5.2068405
1427157424.455,0.83406067
1427157424.47,6.2739716
1427157424.486,11.225014
1427157424.502,16.078362
1427157424.517,21.386581
1427157424.533,27.689034
1427157424.548,35.327057
1427157424.564,44.24095
1427157424.58,53.756195
1427157424.595,62.590332
1427157424.611,69.04637
1427157424.627,71.55259
1427157424.642,69.16327
1427157424.658,62.00392
1427157424.673,51.199135
1427157424.689,38.50911
1427157424.705,25.615387
1427157424.72,13.626846
1427157424.736,2.8037872
1427157424.752,-7.2085724
1427157424.767,-16.950348
1427157424.783,-26.69632
1427157424.798,-36.2408
1427157424.814,-44.97734
1427157424.83,-52.172592
1427157424.845,-57.290924
1427157424.861,-60.247986
1427157424.877,-61.388245
1427157424.892,-61.43367
1427157424.908,-61.183197
1427157424.923,-61.311172
1427157424.939,-62.208572
1427157424.955,-64.010025
1427157424.97,-66.6945
1427157424.986,-70.30759
1427157425.002,-74.96106
1427157425.017,-80.741516
1427157425.033,-87.42868
1427157425.048,-94.333885
1427157425.064,-100.20436
1427157425.08,-103.629326
1427157425.095,-103.54924
1427157425.111,-99.81096
1427157425.127,-93.3054
1427157425.142,-85.73543
1427157425.158,-78.86373
1427157425.173,-73.9206
1427157425.189,-71.1096
1427157425.205,-69.76117
1427157425.22,-68.69699
1427157425.236,-66.8368
1427157425.252,-63.43222
1427157425.267,-58.150307
1427157425.283,-50.910004
1427157425.298,-41.790512
1427157425.314,-31.128181
1427157425.33,-19.635937
1427157425.345,-8.392998
1427157425.361,1.3741074
1427157425.377,8.756836
1427157425.392,13.580776
1427157425.408,16.570595
1427157425.423,19.030767
1427157425.439,22.354385
1427157425.455,27.396843
1427157425.47,34.229874
1427157425.486,42.19442
1427157425.502,50.31769
1427157425.517,57.70269
1427157425.533,63.84808
1427157425.548,68.621056
1427157425.564,72.10596
1427157425.58,74.386856
1427157425.595,75.4514
1427157425.611,75.17028
1427157425.627,73.49481
1427157425.642,70.46352
1427157425.658,66.296265
1427157425.673,61.31501
1427157425.689,55.85755
1427157425.705,50.203217
1427157425.72,44.587418
1427157425.736,39.175865
1427157425.752,34.142235
1427157425.767,29.64843
1427157425.783,25.841667
1427157425.798,22.826576
1427157425.814,20.643463
1427157425.83,19.238098
1427157425.845,18.490852
1427157425.861,18.271973
1427157425.877,18.467857
1427157425.892,19.054184
1427157425.908,20.109863
1427157425.924,21.77105
1427157425.939,24.139236
1427157425.955,27.205856
1427157425.97,30.833817
1427157425.986,34.796265
1427157426.002,38.928772
1427157426.017,43.192047
1427157426.033,47.74846
1427157426.048,52.93141
1427157426.064,59.086746
1427157426.08,66.37523
1427157426.095,74.523315
1427157426.111,82.632416
1427157426.127,89.25542
1427157426.142,92.68623
1427157426.158,91.5186
1427157426.174,85.165665
1427157426.189,74.09691
1427157426.205,59.698547
1427157426.22,43.775917
1427157426.236,27.925156
1427157426.252,13.132141
1427157426.267,-0.30403137
1427157426.283,-12.491051
1427157426.299,-23.571938
1427157426.314,-33.420097
1427157426.33,-41.684113
1427157426.345,-47.96163
1427157426.361,-52.096474
1427157426.377,-54.32615
1427157426.392,-55.283615
1427157426.408,-55.704025
1427157426.424,-56.226753
1427157426.439,-57.11068
1427157426.455,-58.2231
1427157426.47,-59.1597
1427157426.486,-59.511955
1427157426.502,-59.056183
1427157426.517,-57.900955
1427157426.533,-56.35415
1427157426.549,-54.766243
1427157426.564,-53.323265
1427157426.58,-51.961975
1427157426.595,-50.37272
1427157426.611,-48.20672
1427157426.627,-45.18802
1427157426.642,-41.28884
1427157426.658,-36.76853
1427157426.674,-32.058273
1427157426.689,-27.590446
1427157426.705,-23.603867
1427157426.72,-19.96891
1427157426.736,-16.246483
1427157426.752,-11.815895
1427157426.767,-6.116188
1427157426.783,1.1730804
1427157426.799,10.067032
1427157426.814,20.282516
1427157426.83,31.257866
1427157426.845,42.167023
1427157426.861,51.893417
1427157426.877,59.164932
1427157426.892,62.821083
1427157426.908,62.203415
1427157426.924,57.43995
1427157426.939,49.49694
1427157426.955,39.85269
1427157426.97,30.008331
1427157426.986,20.991806
1427157427.002,13.204666
1427157427.017,6.5365906
1427157427.033,0.72358704
1427157427.049,-4.364334
1427157427.064,-8.618881
1427157427.08,-11.813843
1427157427.095,-13.802399
1427157427.111,-14.687683
1427157427.127,-14.790665
1427157427.142,-14.576172
1427157427.158,-14.440247
1427157427.174,-14.618423
1427157427.189,-15.12767
1427157427.205,-15.842789
1427157427.22,-16.578537
1427157427.236,-17.15422
1427157427.252,-17.462265
1427157427.267,-17.453705
1427157427.283,-17.130249
1427157427.299,-16.520828
1427157427.314,-15.634628
1427157427.33,-14.468613
1427157427.345,-12.9574585
1427157427.361,-11.068909
1427157427.377,-8.7395935
1427157427.392,-5.9625397
1427157427.408,-2.7424011
1427157427.424,0.8515167
1427157427.439,4.7382813
1427157427.455,8.766632
1427157427.47,12.789459
1427157427.486,16.655563
1427157427.502,20.268692
1427157427.517,23.591446
1427157427.533,26.742722
1427157427.549,29.979645
1427157427.564,33.67459
1427157427.58,38.172073
1427157427.595,43.60919
1427157427.611,49.669525
1427157427.627,55.521973
1427157427.642,59.888687
1427157427.658,61.457428
1427157427.674,59.262054
1427157427.689,53.1165
1427157427.705,43.701767
1427157427.72,32.326355
1427157427.736,20.46698
1427157427.752,9.322327
1427157427.767,-0.47268677
1427157427.783,-8.78595
1427157427.799,-15.784744
1427157427.814,-21.665237
1427157427.83,-26.517471
1427157427.845,-30.279282
1427157427.861,-32.88539
1427157427.877,-34.381653
1427157427.892,-34.998123
1427157427.908,-35.092163
1427157427.924,-35.082977
1427157427.939,-35.25107
1427157427.955,-35.698517
1427157427.97,-36.28453
1427157427.986,-36.761154
1427157428.002,-36.908905
1427157428.017,-36.713577
1427157428.033,-36.342606
1427157428.049,-36.067947
1427157428.064,-36.054733
1427157428.08,-36.20128
1427157428.095,-36.15425
1427157428.111,-35.46257
1427157428.127,-33.803528
1427157428.142,-31.13942
1427157428.158,-27.685577
1427157428.174,-23.821198
1427157428.189,-19.888123
1427157428.205,-16.105469
1427157428.22,-12.483719
1427157428.236,-8.947235
1427157428.252,-5.324768
1427157428.267,-1.4898682
1427157428.283,2.6242218
1427157428.299,6.9518127
1427157428.314,11.32225
1427157428.33,15.461029
1427157428.345,19.15245
1427157428.361,22.33525
1427157428.377,25.129593
1427157428.392,27.849121
1427157428.408,30.86647
1427157428.424,34.564026
1427157428.439,39.17186
1427157428.455,44.673416
1427157428.47,50.67415
1427157428.486,56.3479
1427157428.502,60.544327
1427157428.517,61.99858
1427157428.533,59.827866
1427157428.549,53.782547
1427157428.564,44.464005
1427157428.58,33.1286
1427157428.596,21.275024
1427157428.611,10.204575
1427157428.627,0.67004395
1427157428.642,-7.1363373
1427157428.658,-13.43161
1427157428.674,-18.537704
1427157428.689,-22.68045
1427157428.705,-25.929367
1427157428.72,-28.211609
1427157428.736,-29.478714
1427157428.752,-29.797989
1427157428.767,-29.397034
1427157428.783,-28.620514
1427157428.799,-27.820465
1427157428.814,-27.200592
1427157428.83,-26.778122
1427157428.846,-26.413422
1427157428.861,-25.920563
1427157428.877,-25.198273
1427157428.892,-24.266327
1427157428.908,-23.255524
1427157428.924,-22.272827
1427157428.939,-21.308746
1427157428.955,-20.19014
1427157428.971,-18.596176
1427157428.986,-16.243683
1427157429.002,-12.948837
1427157429.017,-8.781586
1427157429.033,-4.022339
1427157429.049,0.8793793
1427157429.064,5.507324
1427157429.08,9.59996
1427157429.096,13.171707
1427157429.111,16.451874
1427157429.127,19.742615
1427157429.142,23.291122
1427157429.158,27.182114
1427157429.174,31.356964
1427157429.189,35.72203
1427157429.205,40.146072
1427157429.221,44.345154
1427157429.236,47.820145
1427157429.252,49.76877
1427157429.267,49.31871
1427157429.283,45.848602
1427157429.299,39.330826
1427157429.314,30.440674
1427157429.33,20.36589
1427157429.346,10.41275
1427157429.361,1.5324402
1427157429.377,-5.8011475
1427157429.392,-11.600021
1427157429.408,-16.088348
1427157429.424,-19.439758
1427157429.439,-21.721878
1427157429.455,-22.914017
1427157429.471,-23.03743
1427157429.486,-22.253326
1427157429.502,-20.848312
1427157429.517,-19.172028
1427157429.533,-17.540329
1427157429.549,-16.19165
1427157429.564,-15.206039
1427157429.58,-14.564865
1427157429.596,-14.159058
1427157429.611,-13.8888855
1427157429.627,-13.657074
1427157429.642,-13.423721
1427157429.658,-13.084061
1427157429.674,-12.494751
1427157429.689,-11.436523
1427157429.705,-9.68335
1427157429.721,-7.1259766
1427157429.736,-3.828949
1427157429.752,-0.062072754
1427157429.767,3.8034515
1427157429.783,7.401657
1427157429.799,10.545181
1427157429.814,13.248779
1427157429.83,15.768723
1427157429.846,18.561783
1427157429.861,22.085861
1427157429.877,26.664795
1427157429.892,32.185318
1427157429.908,38.053284
1427157429.924,43.16011
1427157429.939,46.205338
1427157429.955,46.102158
1427157429.971,42.385986
1427157429.986,35.424454
1427157430.002,26.283386
1427157430.017,16.367493
1427157430.033,6.979019
1427157430.049,-1.0816345
1427157430.064,-7.623352
1427157430.08,-12.899643
1427157430.096,-17.300598
1427157430.111,-21.081055
1427157430.127,-24.214874
1427157430.142,-26.516083
1427157430.158,-27.793854
1427157430.174,-28.088654
1427157430.189,-27.659164
1427157430.205,-26.935318
1427157430.221,-26.244705
1427157430.236,-25.712769
1427157430.252,-25.22551
1427157430.267,-24.557861
1427157430.283,-23.51921
1427157430.299,-22.086456
1427157430.314,-20.422607
1427157430.33,-18.778046
1427157430.346,-17.361801
1427157430.361,-16.269028
1427157430.377,-15.380371
1427157430.392,-14.441742
1427157430.408,-13.051941
1427157430.424,-10.873093
1427157430.439,-7.7309265
1427157430.455,-3.7671814
1427157430.471,0.60517883
1427157430.486,4.810257
1427157430.502,8.406906
1427157430.517,11.222488
1427157430.533,13.440048
1427157430.549,15.476044
1427157430.564,17.80864
1427157430.58,20.834686
1427157430.596,24.833496
1427157430.611,29.888168
1427157430.627,35.77957
1427157430.642,41.867447
1427157430.658,47.088226
1427157430.674,50.127045
1427157430.689,49.870224
1427157430.705,45.81186
1427157430.721,38.329956
1427157430.736,28.52269
1427157430.752,17.856903
1427157430.767,7.6085815
1427157430.783,-1.3966217
1427157430.799,-8.85643
1427157430.814,-14.7834015
1427157430.83,-19.307144
1427157430.846,-22.54129
1427157430.861,-24.61174
1427157430.877,-25.706787
1427157430.892,-26.097626
1427157430.908,-26.09584
1427157430.924,-25.94931
1427157430.939,-25.789093
1427157430.955,-25.628326
1427157430.971,-25.388428
1427157430.986,-25.010239
1427157431.002,-24.437119
1427157431.017,-23.701569
1427157431.033,-22.866608
1427157431.049,-22.03862
1427157431.064,-21.269104
1427157431.08,-20.571854
1427157431.096,-19.847473
1427157431.111,-18.955765
1427157431.127,-17.758286
1427157431.142,-16.21605
1427157431.158,-14.338821
1427157431.174,-12.217377
1427157431.189,-9.934738
1427157431.205,-7.5309296
1427157431.221,-4.976013
1427157431.236,-2.2400665
1427157431.252,0.68237305
1427157431.267,3.7286377
1427157431.283,6.7746277
1427157431.299,9.6684265
1427157431.314,12.280914
1427157431.33,14.609467
1427157431.346,16.774826
1427157431.361,19.026932
1427157431.377,21.699081
1427157431.392,25.098953
1427157431.408,29.454239
1427157431.424,34.714798
1427157431.439,40.494583
1427157431.455,45.96866
1427157431.471,50.044296
1427157431.486,51.583694
1427157431.502,49.79062
1427157431.518,44.536987
1427157431.533,36.459686
1427157431.549,26.76767
1427157431.564,16.843964
1427157431.58,7.8170776
1427157431.596,0.2587433
1427157431.611,-5.790161
1427157431.627,-10.601242
1427157431.643,-14.467041
1427157431.658,-17.476929
1427157431.674,-19.552444
1427157431.689,-20.577042
1427157431.705,-20.591675
1427157431.721,-19.841919
1427157431.736,-18.799805
1427157431.752,-17.91809
1427157431.768,-17.480865
1427157431.783,-17.470764
1427157431.799,-17.623337
1427157431.814,-17.506561
1427157431.83,-16.820114
1427157431.846,-15.542114
1427157431.861,-13.952316
1427157431.877,-12.480499
1427157431.893,-11.464157
1427157431.908,-10.873962
1427157431.924,-10.3255005
1427157431.939,-9.282379
1427157431.955,-7.3687744
1427157431.971,-4.5206604
1427157431.986,-1.0563354
1427157432.002,2.5399323
1427157432.018,5.845413
1427157432.033,8.643768
1427157432.049,10.945755
1427157432.064,12.92981
1427157432.08,14.818069
1427157432.096,16.874847
1427157432.111,19.352722
1427157432.127,22.49495
1427157432.143,26.399857
1427157432.158,30.941223
1427157432.174,35.631363
1427157432.189,39.692154
1427157432.205,42.18683
1427157432.221,42.25003
1427157432.236,39.366196
1427157432.252,33.533493
1427157432.268,25.319
1427157432.283,15.786041
1427157432.299,6.1733093
1427157432.314,-2.444931
1427157432.33,-9.425583
1427157432.346,-14.649673
1427157432.361,-18.408554
1427157432.377,-21.072159
1427157432.393,-22.871902
1427157432.408,-23.852432
1427157432.424,-23.953186
1427157432.439,-23.194809
1427157432.455,-21.843933
1427157432.471,-20.289612
1427157432.486,-18.949844
1427157432.502,-18.050735
1427157432.518,-17.624496
1427157432.533,-17.469742
1427157432.549,-17.372665
1427157432.564,-17.169037
1427157432.58,-16.814072
1427157432.596,-16.348618
1427157432.611,-15.830704
1427157432.627,-15.287659
1427157432.643,-14.705368
1427157432.658,-13.934189
1427157432.674,-12.808472
1427157432.689,-11.151596
1427157432.705,-8.872131
1427157432.721,-5.9460907
1427157432.736,-2.4980164
1427157432.752,1.3174133
1427157432.768,5.2933044
1427157432.783,9.243851
1427157432.799,13.003891
1427157432.814,16.47525
1427157432.83,19.652023
1427157432.846,22.707382
1427157432.861,25.913666
1427157432.877,29.650574
1427157432.893,34.236008
1427157432.908,39.73961
1427157432.924,45.79869
1427157432.939,51.5847
1427157432.955,55.902466
1427157432.971,57.53029
1427157432.986,55.57254
1427157433.002,49.843887
1427157433.018,40.910614
1427157433.033,29.973587
1427157433.049,18.43483
1427157433.064,7.532486
1427157433.08,-2.0163574
1427157433.096,-9.990707
1427157433.111,-16.488525
1427157433.127,-21.675339
1427157433.143,-25.647537
1427157433.158,-28.409515
1427157433.174,-29.997147
1427157433.189,-30.549347
1427157433.205,-30.331314
1427157433.221,-29.601517
1427157433.236,-28.58931
1427157433.252,-27.414764
1427157433.268,-26.206497
1427157433.283,-25.065353
1427157433.299,-24.155853
1427157433.314,-23.57022
1427157433.33,-23.318527
1427157433.346,-23.270706
1427157433.361,-23.202454
1427157433.377,-22.88324
1427157433.393,-22.147919
1427157433.408,-20.87117
1427157433.424,-19.030228
1427157433.439,-16.631348
1427157433.455,-13.780975
1427157433.471,-10.618607
1427157433.486,-7.3380737
1427157433.502,-4.082443
1427157433.518,-0.9202728
1427157433.533,2.17099
1427157433.549,5.2528076
1427157433.564,8.341705
1427157433.58,11.386169
1427157433.596,14.3537445
1427157433.611,17.23169
1427157433.627,20.130905
1427157433.643,23.237701
1427157433.658,26.808487
1427157433.674,31.076538
1427157433.689,36.18918
1427157433.705,42.030304
1427157433.721,48.102013
1427157433.736,53.44513
1427157433.752,56.82035
1427157433.768,56.98481
1427157433.783,53.2183
1427157433.799,45.599373
1427157433.814,35.105995
1427157433.83,23.278687
1427157433.846,11.703651
1427157433.861,1.5161896
1427157433.877,-6.7842026
1427157433.893,-13.298958
1427157433.908,-18.373512
1427157433.924,-22.363022
1427157433.939,-25.449333
1427157433.955,-27.660866
1427157433.971,-28.9776
1427157433.986,-29.445358
1427157434.002,-29.227257
1427157434.018,-28.603264
1427157434.033,-27.87413
1427157434.049,-27.304749
1427157434.064,-27.0309
1427157434.08,-27.04766
1427157434.096,-27.245682
1427157434.111,-27.505821
1427157434.127,-27.688896
1427157434.143,-27.724487
1427157434.158,-27.520004
1427157434.174,-26.956886
1427157434.19,-25.910576
1427157434.205,-24.28785
1427157434.221,-22.113144
1427157434.236,-19.536736
1427157434.252,-16.781563
1427157434.268,-14.02375
1427157434.283,-11.292572
1427157434.299,-8.462463
1427157434.315,-5.308838
1427157434.33,-1.6656723
1427157434.346,2.5301056
1427157434.361,7.129242
1427157434.377,11.847778
1427157434.393,16.339333
1427157434.408,20.371014
1427157434.424,23.910934
1427157434.44,27.170628
1427157434.455,30.582577
1427157434.471,34.65955
1427157434.486,39.792294
1427157434.502,46.00443
1427157434.518,52.780693
1427157434.533,59.097313
1427157434.549,63.561295
1427157434.565,64.77176
1427157434.58,61.771736
1427157434.596,54.407925
1427157434.611,43.437817
1427157434.627,30.339302
1427157434.643,16.83892
1427157434.658,4.390259
1427157434.674,-6.2044945
1427157434.69,-14.813232
1427157434.705,-21.712347
1427157434.721,-27.200653
1427157434.736,-31.361774
1427157434.752,-34.072105
1427157434.768,-35.225418
1427157434.783,-34.954597
1427157434.799,-33.75367
1427157434.815,-32.303894
1427157434.83,-31.24013
1427157434.846,-30.870066
1427157434.861,-31.103687
1427157434.877,-31.560772
1427157434.893,-31.830448
1427157434.908,-31.62099
1427157434.924,-30.902786
1427157434.94,-29.824358
1427157434.955,-28.574266
1427157434.971,-27.262583
1427157434.986,-25.837229
1427157435.002,-24.087076
1427157435.018,-21.747734
1427157435.033,-18.609743
1427157435.049,-14.637613
1427157435.065,-10.010029
1427157435.08,-5.105899
1427157435.096,-0.29346275
1427157435.111,4.1300507
1427157435.127,8.128365
1427157435.143,11.864422
1427157435.158,15.660334
1427157435.174,19.840279
1427157435.19,24.668526
1427157435.205,30.317553
1427157435.221,36.8391
1427157435.236,44.045517
1427157435.252,51.39354
1427157435.268,57.90894
1427157435.283,62.295708
1427157435.299,63.243668
1427157435.315,59.90504
1427157435.33,52.23522
1427157435.346,41.09705
1427157435.361,27.973652
1427157435.377,14.547955
1427157435.393,2.1270638
1427157435.408,-8.573891
1427157435.424,-17.44239
1427157435.44,-24.677387
1427157435.455,-30.500465
1427157435.471,-34.935062
1427157435.486,-37.860252
1427157435.502,-39.14347
1427157435.518,-38.868877
1427157435.533,-37.393646
1427157435.549,-35.334892
1427157435.565,-33.373314
1427157435.58,-32.05184
1427157435.596,-31.600368
1427157435.611,-31.932816
1427157435.627,-32.687973
1427157435.643,-33.45305
1427157435.658,-33.82267
1427157435.674,-33.585594
1427157435.69,-32.697388
1427157435.705,-31.279655
1427157435.721,-29.486862
1427157435.736,-27.467575
1427157435.752,-25.238037
1427157435.768,-22.708565
1427157435.783,-19.691292
1427157435.799,-16.019089
1427157435.815,-11.608604
1427157435.83,-6.5394287
1427157435.846,-0.98651123
1427157435.861,4.7875824
1427157435.877,10.532776
1427157435.893,16.053406
1427157435.908,21.236336
1427157435.924,26.057144
1427157435.94,30.656662
1427157435.955,35.284744
1427157435.971,40.33026
1427157435.986,46.159782
1427157436.002,52.95804
1427157436.018,60.44555
1427157436.033,67.80132
1427157436.049,73.67548
1427157436.065,76.52199
1427157436.08,75.06869
1427157436.096,68.813705
1427157436.111,58.250954
1427157436.127,44.76734
1427157436.143,30.149582
1427157436.158,16.0363
1427157436.174,3.4539642
1427157436.19,-7.2148438
1427157436.205,-16.101776
1427157436.221,-23.399536
1427157436.236,-29.206688
1427157436.252,-33.45356
1427157436.268,-36.16545
1427157436.283,-37.556778
1427157436.299,-38.114532
1427157436.315,-38.405792
1427157436.33,-38.88333
1427157436.346,-39.717148
1427157436.361,-40.79892
1427157436.377,-41.90399
1427157436.393,-42.814728
1427157436.408,-43.437164
1427157436.424,-43.81212
1427157436.44,-44.03621
1427157436.455,-44.24051
1427157436.471,-44.43663
1427157436.486,-44.516922
1427157436.502,-44.168472
1427157436.518,-42.989685
1427157436.533,-40.633926
1427157436.549,-37.036636
1427157436.565,-32.460876
1427157436.58,-27.480957
1427157436.596,-22.646301
1427157436.611,-18.258743
1427157436.627,-14.165741
1427157436.643,-9.8954315
1427157436.658,-4.912979
1427157436.674,0.9992676
1427157436.69,7.6371765
1427157436.705,14.404022
1427157436.721,20.61409
1427157436.736,25.81012
1427157436.752,29.935394
1427157436.768,33.359253
1427157436.783,36.733566
1427157436.799,40.769135
1427157436.815,46.02527
1427157436.83,52.736053
1427157436.846,60.63997
1427157436.862,68.90755
1427157436.877,76.17441
1427157436.893,80.78407
1427157436.908,81.20749
1427157436.924,76.55354
1427157436.94,66.91612
1427157436.955,53.402832
1427157436.971,37.871124
1427157436.987,22.281357
1427157437.002,8.177307
1427157437.018,-3.6706238
1427157437.033,-13.211945
1427157437.049,-20.82927
1427157437.065,-26.900513
1427157437.08,-31.620483
1427157437.096,-34.981018
1427157437.112,-36.929764
1427157437.127,-37.591003
1427157437.143,-37.36537
1427157437.158,-36.791428
1427157437.174,-36.447876
1427157437.19,-36.668884
1427157437.205,-37.477676
1427157437.221,-38.60219
1427157437.237,-39.61386
1427157437.252,-40.11473
1427157437.268,-39.907104
1427157437.283,-39.03705
1427157437.299,-37.70529
1427157437.315,-36.175095
1427157437.33,-34.59349
1427157437.346,-32.877213
1427157437.362,-30.755386
1427157437.377,-27.879745
1427157437.393,-24.018982
1427157437.408,-19.166687
1427157437.424,-13.61293
1427157437.44,-7.7900696
1427157437.455,-2.1338043
1427157437.471,3.0626678
1427157437.487,7.7270813
1427157437.502,12.003601
1427157437.518,16.15895
1427157437.533,20.545105
1427157437.549,25.541733
1427157437.565,31.509277
1427157437.58,38.661453
1427157437.596,46.853775
1427157437.612,55.425354
1427157437.627,63.170746
1427157437.643,68.5186
1427157437.658,69.99031
1427157437.674,66.66293
1427157437.69,58.533478
1427157437.705,46.52591
1427157437.721,32.29036
1427157437.737,17.635208
1427157437.752,4.094528
1427157437.768,-7.4449463
1427157437.783,-16.767548
1427157437.799,-24.145233
1427157437.815,-29.993591
1427157437.83,-34.616333
1427157437.846,-38.081573
1427157437.862,-40.299973
1427157437.877,-41.256546
1427157437.893,-41.184967
1427157437.908,-40.567215
1427157437.924,-40.038315
1427157437.94,-40.10132
1427157437.955,-40.905518
1427157437.971,-42.19165
1427157437.987,-43.428986
1427157438.002,-44.029816
1427157438.018,-43.645157
1427157438.033,-42.263535
1427157438.049,-40.13611
1427157438.065,-37.590347
1427157438.08,-34.854416
1427157438.096,-31.90181
1427157438.112,-28.55104
1427157438.127,-24.549927
1427157438.143,-19.76677
1427157438.158,-14.230484
1427157438.174,-8.153671
1427157438.19,-1.812149
1427157438.205,4.4989014
1427157438.221,10.542847
1427157438.237,16.16388
1427157438.252,21.314972
1427157438.268,26.07933
1427157438.283,30.740753
1427157438.299,35.740738
1427157438.315,41.590332
1427157438.33,48.661163
1427157438.346,56.90445
1427157438.362,65.67978
1427157438.377,73.72153
1427157438.393,79.36151
1427157438.408,81.02762
1427157438.424,77.7283
1427157438.44,69.41498
1427157438.455,57.038696
1427157438.471,42.263947
1427157438.487,26.950928
1427157438.502,12.596619
1427157438.518,0.068481445
1427157438.533,-10.445557
1427157438.549,-19.173645
1427157438.565,-26.458801
1427157438.58,-32.54364
1427157438.596,-37.507416
1427157438.612,-41.344788
1427157438.627,-44.068085
1427157438.643,-45.814392
1427157438.658,-46.792053
1427157438.674,-47.260315
1427157438.69,-47.437134
1427157438.705,-47.50003
1427157438.721,-47.525146
1427157438.737,-47.53885
1427157438.752,-47.505554
1427157438.768,-47.373444
1427157438.783,-47.07126
1427157438.799,-46.48236
1427157438.815,-45.458862
1427157438.83,-43.854828
1427157438.846,-41.5372
1427157438.862,-38.484344
1427157438.877,-34.77826
1427157438.893,-30.60968
1427157438.908,-26.192108
1427157438.924,-21.669342
1427157438.94,-17.051514
1427157438.955,-12.240295
1427157438.971,-7.0934143
1427157438.987,-1.5336914
1427157439.002,4.4022217
1427157439.018,10.545837
1427157439.033,16.69516
1427157439.049,22.670197
1427157439.065,28.410034
1427157439.08,34.01056
1427157439.096,39.751404
1427157439.112,46.039642
1427157439.127,53.298615
1427157439.143,61.660522
1427157439.158,70.69522
1427157439.174,79.249695
1427157439.19,85.60315
1427157439.205,87.95715
1427157439.221,85.07477
1427157439.237,76.79669
1427157439.252,64.18085
1427157439.268,49.065796
1427157439.283,33.456635
1427157439.299,18.878021
1427157439.315,6.069031
1427157439.33,-4.9202576
1427157439.346,-14.372009
1427157439.362,-22.52716
1427157439.377,-29.41101
1427157439.393,-34.924896
1427157439.408,-39.01648
1427157439.424,-41.83966
1427157439.44,-43.735443
1427157439.455,-45.113922
1427157439.471,-46.274994
1427157439.487,-47.30255
1427157439.502,-48.098877
1427157439.518,-48.50479
1427157439.534,-48.460266
1427157439.549,-48.06668
1427157439.565,-47.52368
1427157439.58,-46.989197
1427157439.596,-46.43878
1427157439.612,-45.61078
1427157439.627,-44.12442
1427157439.643,-41.67694
1427157439.658,-38.20273
1427157439.674,-33.958893
1427157439.69,-29.36679
1427157439.705,-24.838806
1427157439.721,-20.601196
1427157439.737,-16.627777
1427157439.752,-12.658844
1427157439.768,-8.405228
1427157439.784,-3.654602
1427157439.799,1.5763855
1427157439.815,7.0694427
1427157439.83,12.482208
1427157439.846,17.52063
1427157439.862,22.037994
1427157439.877,26.201385
1427157439.893,30.432083
1427157439.909,35.326935
1427157439.924,41.458984
1427157439.94,49.084763
1427157439.955,57.9095
1427157439.971,66.91823
1427157439.987,74.53311
1427157440.002,78.9664
1427157440.018,78.76996
1427157440.034,73.36662
1427157440.049,63.274567
1427157440.065,49.959854
1427157440.08,35.33853
1427157440.096,21.145523
1427157440.112,8.454346
1427157440.127,-2.4226074
1427157440.143,-11.707245
1427157440.159,-19.710861
1427157440.174,-26.558823
1427157440.19,-32.077484
1427157440.205,-36.017548
1427157440.221,-38.306824
1427157440.237,-39.22484
1427157440.252,-39.358505
1427157440.268,-39.39322
1427157440.284,-39.810135
1427157440.299,-40.694122
1427157440.315,-41.745087
1427157440.33,-42.448547
1427157440.346,-42.331024
1427157440.362,-41.25804
1427157440.377,-39.419952
1427157440.393,-37.27443
1427157440.409,-35.26326
1427157440.424,-33.56935
1427157440.44,-31.987732
1427157440.455,-30.023422
1427157440.471,-27.110641
1427157440.487,-22.9122
1427157440.502,-17.504837
1427157440.518,-11.334534
1427157440.534,-5.06015
1427157440.549,0.76945496
1427157440.565,5.8937836
1427157440.58,10.416107
1427157440.596,14.724121
1427157440.612,19.29335
1427157440.627,24.563599
1427157440.643,30.827225
1427157440.659,38.1734
1427157440.674,46.382065
1427157440.69,54.81581
1427157440.705,62.36473
1427157440.721,67.60043
1427157440.737,69.1071
1427157440.752,66.020065
1427157440.768,58.38246
1427157440.784,47.20781
1427157440.799,34.19043
1427157440.815,21.088593
1427157440.83,9.204575
1427157440.846,-0.91238403
1427157440.862,-9.353455
1427157440.877,-16.507385
1427157440.893,-22.694626
1427157440.909,-27.977982
1427157440.924,-32.213547
1427157440.94,-35.239975
1427157440.955,-37.0876
1427157440.971,-38.010513
1427157440.987,-38.417114
1427157441.002,-38.6873
1427157441.018,-39.04007
1427157441.034,-39.511032
1427157441.049,-39.964584
1427157441.065,-40.217087
1427157441.08,-40.119278
1427157441.096,-39.58702
1427157441.112,-38.59619
1427157441.127,-37.164932
1427157441.143,-35.31143
1427157441.159,-33.03276
1427157441.174,-30.314346
1427157441.19,-27.168472
1427157441.205,-23.634766
1427157441.221,-19.778
1427157441.237,-15.676758
1427157441.252,-11.356766
1427157441.268,-6.8102875
1427157441.284,-1.9981079
1427157441.299,3.0733948
1427157441.315,8.306976
1427157441.33,13.498611
1427157441.346,18.436539
1427157441.362,22.980286
1427157441.377,27.184784
1427157441.393,31.32405
1427157441.409,35.837723
1427157441.424,41.196823
1427157441.44,47.714127
1427157441.455,55.2955
1427157441.471,63.300385
1427157441.487,70.47162
1427157441.502,75.20825
1427157441.518,76.01723
1427157441.534,72.0533
1427157441.549,63.476425
1427157441.565,51.4731
1427157441.58,37.813828
1427157441.596,24.278809
1427157441.612,12.067673
1427157441.627,1.6075897
1427157441.643,-7.33992
1427157441.659,-15.231842
1427157441.674,-22.378448
1427157441.69,-28.77179
1427157441.705,-34.15799
1427157441.721,-38.281235
1427157441.737,-41.087433
1427157441.752,-42.79216
1427157441.768,-43.78486
1427157441.784,-44.46222
1427157441.799,-45.06839
1427157441.815,-45.63626
1427157441.83,-46.036636
1427157441.846,-46.1084
1427157441.862,-45.827484
1427157441.877,-45.28784
1427157441.893,-44.717186
1427157441.909,-44.284943
1427157441.924,-44.018303
1427157441.94,-43.714355
1427157441.955,-43.021797
1427157441.971,-41.54886
1427157441.987,-39.0259
1427157442.002,-35.4095
1427157442.018,-30.92192
1427157442.034,-25.966637
1427157442.049,-21.003403
1427157442.065,-16.417458
1427157442.08,-12.3834
1427157442.096,-8.840424
1427157442.112,-5.53891
1427157442.127,-2.1238327
1427157442.143,1.7054291
1427157442.159,6.126892
1427157442.174,11.09832
1427157442.19,16.420662
1427157442.205,21.77623
1427157442.221,26.880657
1427157442.237,31.543419
1427157442.252,35.736626
1427157442.268,39.599457
1427157442.284,43.42282
1427157442.299,47.58809
1427157442.315,52.482925
1427157442.33,58.37069
1427157442.346,65.185394
1427157442.362,72.358894
1427157442.377,78.76134
1427157442.393,82.898544
1427157442.409,83.34155
1427157442.424,79.2098
1427157442.44,70.57858
1427157442.456,58.471558
1427157442.471,44.58568
1427157442.487,30.665703
1427157442.502,18.020042
1427157442.518,7.214142
1427157442.534,-1.8484669
1427157442.549,-9.590286
1427157442.565,-16.401684
1427157442.581,-22.402433
1427157442.596,-27.463116
1427157442.612,-31.398151
1427157442.627,-34.161522
1427157442.643,-35.967136
1427157442.659,-37.16898
1427157442.674,-38.15438
1427157442.69,-39.14179
1427157442.706,-40.098526
1427157442.721,-40.845783
1427157442.737,-41.178173
1427157442.752,-41.029755
1427157442.768,-40.51321
1427157442.784,-39.85005
1427157442.799,-39.236984
1427157442.815,-38.687378
1427157442.831,-38.03946
1427157442.846,-37.009663
1427157442.862,-35.33298
1427157442.877,-32.874817
1427157442.893,-29.709675
1427157442.909,-26.03358
1427157442.924,-22.135572
1427157442.94,-18.256058
1427157442.956,-14.57613
1427157442.971,-11.176773
1427157442.987,-8.039194
1427157443.002,-5.0529366
1427157443.018,-2.0527992
1427157443.034,1.164669
1427157443.049,4.784786
1427157443.065,8.896011
1427157443.081,13.445644
1427157443.096,18.215729
1427157443.112,22.905224
1427157443.127,27.201721
1427157443.143,30.884186
1427157443.159,33.957703
1427157443.174,36.646362
1427157443.19,39.391186
1427157443.206,42.758114
1427157443.221,47.235226
1427157443.237,52.953518
1427157443.252,59.495197
1427157443.268,65.78493
1427157443.284,70.36058
1427157443.299,71.76352
1427157443.315,69.106064
1427157443.331,62.37033
1427157443.346,52.42994
1427157443.362,40.70141
1427157443.377,28.659462
1427157443.393,17.3992
1427157443.409,7.4943314
1427157443.424,-0.9172592
1427157443.44,-7.9186935
1427157443.456,-13.612122
1427157443.471,-18.038742
1427157443.487,-21.2443
1427157443.502,-23.347893
1427157443.518,-24.623146
1427157443.534,-25.397713
1427157443.549,-26.041054
1427157443.565,-26.81218
1427157443.581,-27.814796
1427157443.596,-28.977196
1427157443.612,-30.109543
1427157443.627,-31.011757
1427157443.643,-31.564056
1427157443.659,-31.773514
1427157443.674,-31.76638
1427157443.69,-31.6568
1427157443.706,-31.447998
1427157443.721,-30.980751
1427157443.737,-29.968079
1427157443.752,-28.159157
1427157443.768,-25.50283
1427157443.784,-22.205345
1427157443.799,-18.649948
1427157443.815,-15.198486
1427157443.831,-12.041954
1427157443.846,-9.073357
1427157443.862,-5.9817123
1427157443.877,-2.4266052
1427157443.893,1.7433777
1427157443.909,6.405922
1427157443.924,11.211708
1427157443.94,15.759415
1427157443.956,19.741585
1427157443.971,23.123947
1427157443.987,26.158905
1427157444.002,29.317665
1427157444.018,33.14711
1427157444.034,38.09883
1427157444.049,44.278397
1427157444.065,51.299232
1427157444.081,58.194466
1427157444.096,63.599068
1427157444.112,66.11362
1427157444.127,64.783455
1427157444.143,59.41445
1427157444.159,50.69645
1427157444.174,39.915276
1427157444.19,28.522316
1427157444.206,17.699509
1427157444.221,8.106346
1427157444.237,-0.10128021
1427157444.252,-7.0406113
1427157444.268,-12.90155
1427157444.284,-17.811325
1427157444.299,-21.814537
1427157444.315,-24.922264
1427157444.331,-27.20382
1427157444.346,-28.771645
1427157444.362,-29.797272
1427157444.377,-30.475098
1427157444.393,-31.003616
1427157444.409,-31.567062
1427157444.424,-32.296265
1427157444.44,-33.23761
1427157444.456,-34.34395
1427157444.471,-35.484467
1427157444.487,-36.490402
1427157444.502,-37.180695
1427157444.518,-37.42296
1427157444.534,-37.082993
1427157444.549,-36.07614
1427157444.565,-34.346954
1427157444.581,-31.914597
1427157444.596,-28.905365
1427157444.612,-25.509079
1427157444.627,-21.945206
1427157444.643,-18.418243
1427157444.659,-15.033737
1427157444.674,-11.815338
1427157444.69,-8.733871
1427157444.706,-5.6989594
1427157444.721,-2.5822449
1427157444.737,0.7614136
1427157444.752,4.4656677
1427157444.768,8.592728
1427157444.784,13.063065
1427157444.799,17.629105
1427157444.815,21.970154
1427157444.831,25.782578
1427157444.846,28.971985
1427157444.862,31.703262
1427157444.877,34.3788
1427157444.893,37.502396
1427157444.909,41.50128
1427157444.924,46.61017
1427157444.94,52.771774
1427157444.956,59.602097
1427157444.971,66.349075
1427157444.987,71.934784
1427157445.002,75.125885
1427157445.018,74.78525
1427157445.034,70.30635
1427157445.049,61.851776
1427157445.065,50.392715
1427157445.081,37.446106
1427157445.096,24.569504
1427157445.112,12.911362
1427157445.128,3.001419
1427157445.143,-5.222534
1427157445.159,-12.070618
1427157445.174,-17.829971
1427157445.19,-22.586151
1427157445.206,-26.29396
1427157445.221,-28.903473
1427157445.237,-30.503708
1427157445.253,-31.370026
1427157445.268,-31.8638
1427157445.284,-32.292618
1427157445.299,-32.79338
1427157445.315,-33.310196
1427157445.331,-33.66774
1427157445.346,-33.695267
1427157445.362,-33.364243
1427157445.378,-32.79384
1427157445.393,-32.237076
1427157445.409,-31.919724
1427157445.424,-31.929047
1427157445.44,-32.145325
1427157445.456,-32.25009
1427157445.471,-31.81752
1427157445.487,-30.48085
1427157445.503,-28.049698
1427157445.518,-24.628128
1427157445.534,-20.560928
1427157445.549,-16.358002
1427157445.565,-12.486359
1427157445.581,-9.244415
1427157445.596,-6.618332
1427157445.612,-4.3401184
1427157445.628,-1.9695435
1427157445.643,0.8651123
1427157445.659,4.3779297
1427157445.674,8.498489
1427157445.69,12.935715
1427157445.706,17.331543
1427157445.721,21.37799
1427157445.737,24.930023
1427157445.753,28.041412
1427157445.768,30.912888
1427157445.784,33.853226
1427157445.799,37.22812
1427157445.815,41.40721
1427157445.831,46.648438
1427157445.846,52.95912
1427157445.862,59.858093
1427157445.878,66.34227
1427157445.893,70.9919
1427157445.909,72.36424
1427157445.924,69.491745
1427157445.94,62.29811
1427157445.956,51.657944
1427157445.971,39.129013
1427157445.987,26.419647
1427157446.003,14.878082
1427157446.018,5.1897125
1427157446.034,-2.576706
1427157446.049,-8.7341
1427157446.065,-13.6418
1427157446.081,-17.552155
1427157446.096,-20.548569
1427157446.112,-22.699448
1427157446.128,-24.136368
1427157446.143,-25.142365
1427157446.159,-26.040543
1427157446.174,-27.110672
1427157446.19,-28.486633
1427157446.206,-30.110489
1427157446.221,-31.75972
1427157446.237,-33.20282
1427157446.253,-34.257523
1427157446.268,-34.87355
1427157446.284,-35.07283
1427157446.299,-34.88762
1427157446.315,-34.257813
1427157446.331,-33.06923
1427157446.346,-31.16542
1427157446.362,-28.543167
1427157446.378,-25.329391
1427157446.393,-21.812134
1427157446.409,-18.253082
1427157446.424,-14.807236
1427157446.44,-11.411758
1427157446.456,-7.85289
1427157446.471,-3.8896027
1427157446.487,0.56695557
1427157446.503,5.4109497
1427157446.518,10.377289
1427157446.534,15.1857605
1427157446.549,19.663712
1427157446.565,23.838745
1427157446.581,27.888931
1427157446.596,32.121567
1427157446.612,36.875748
1427157446.628,42.43579
1427157446.643,48.807205
1427157446.659,55.577637
1427157446.674,61.792953
1427157446.69,66.078156
1427157446.706,67.03285
1427157446.721,63.74623
1427157446.737,56.199722
1427157446.753,45.343903
1427157446.768,32.780098
1427157446.784,20.193428
1427157446.799,8.803299
1427157446.815,-0.86618805
1427157446.831,-8.905487
1427157446.846,-15.6171875
1427157446.862,-21.233788
1427157446.878,-25.75869
1427157446.893,-29.112358
1427157446.909,-31.253868
1427157446.924,-32.390747
1427157446.94,-32.91665
1427157446.956,-33.270554
1427157446.971,-33.744064
1427157446.987,-34.4001
1427157447.003,-35.098602
1427157447.018,-35.645218
1427157447.034,-35.959015
1427157447.049,-36.11399
1427157447.065,-36.28073
1427157447.081,-36.579216
1427157447.096,-36.909424
1427157447.112,-36.943893
1427157447.128,-36.22364
1427157447.143,-34.3752
1427157447.159,-31.298103
1427157447.174,-27.236832
1427157447.19,-22.671547
1427157447.206,-18.160187
1427157447.221,-14.074837
1427157447.237,-10.526665
1427157447.253,-7.342972
1427157447.268,-4.1637955
1427157447.284,-0.6218796
1427157447.299,3.4919052
1427157447.315,8.167381
1427157447.331,13.146873
1427157447.346,18.026192
1427157447.362,22.444763
1427157447.378,26.229797
1427157447.393,29.483047
1427157447.409,32.60103
1427157447.424,36.142303
1427157447.44,40.679924
1427157447.456,46.592247
1427157447.471,53.852997
1427157447.487,61.892296
1427157447.503,69.54521
1427157447.518,75.27293
1427157447.534,77.51975
1427157447.549,75.29021
1427157447.565,68.46119
1427157447.581,57.93563
1427157447.596,45.325546
1427157447.612,32.403122
1427157447.628,20.531487
1427157447.643,10.325142
1427157447.659,1.7019882
1427157447.674,-5.801285
1427157447.69,-12.604935
1427157447.706,-18.876205
1427157447.721,-24.463829
1427157447.737,-29.103462
1427157447.753,-32.63896
1427157447.768,-35.16154
1427157447.784,-36.963337
1427157447.8,-38.444458
1427157447.815,-39.915913
1427157447.831,-41.472008
1427157447.846,-43.003757
1427157447.862,-44.27837
1427157447.878,-45.092926
1427157447.893,-45.379223
1427157447.909,-45.23617
1427157447.925,-44.8545
1427157447.94,-44.343456
1427157447.956,-43.683514
1427157447.971,-42.613777
1427157447.987,-40.836243
1427157448.003,-38.067722
1427157448.018,-34.32039
1427157448.034,-29.869267
1427157448.05,-25.212494
1427157448.065,-20.860233
1427157448.081,-17.09563
1427157448.096,-13.854767
1427157448.112,-10.746536
1427157448.128,-7.272938
1427157448.143,-3.0807495
1427157448.159,1.8672333
1427157448.175,7.2495728
1427157448.19,12.61496
1427157448.206,17.562769
1427157448.221,21.93911
1427157448.237,25.85498
1427157448.253,29.619955
1427157448.268,33.57708
1427157448.284,38.05313
1427157448.3,43.292007
1427157448.315,49.493614
1427157448.331,56.693024
1427157448.346,64.580666
1427157448.362,72.356606
1427157448.378,78.701065
1427157448.393,82.07025
1427157448.409,81.15393
1427157448.425,75.37772
1427157448.44,65.182465
1427157448.456,51.86891
1427157448.471,37.20495
1427157448.487,22.807163
1427157448.503,9.81031
1427157448.518,-1.3168578
1427157448.534,-10.577977
1427157448.55,-18.202787
1427157448.565,-24.392454
1427157448.581,-29.250156
1427157448.596,-32.79763
1427157448.612,-35.111423
1427157448.628,-36.392002
1427157448.643,-37.008476
1427157448.659,-37.37014
1427157448.675,-37.85643
1427157448.69,-38.679413
1427157448.706,-39.832317
1427157448.721,-41.121964
1427157448.737,-42.30194
1427157448.753,-43.163475
1427157448.768,-43.60656
1427157448.784,-43.62681
1427157448.8,-43.252968
1427157448.815,-42.480896
1427157448.831,-41.244408
1427157448.846,-39.47817
1427157448.862,-37.1248
1427157448.878,-34.21887
1427157448.893,-30.850357
1427157448.909,-27.146652
1427157448.925,-23.237938
1427157448.94,-19.17913
1427157448.956,-15.008514
1427157448.971,-10.72176
1427157448.987,-6.374817
1427157449.003,-2.0748367
1427157449.018,2.0235672
1427157449.034,5.8392487
1427157449.05,9.481018
1427157449.065,13.327805
1427157449.081,17.97823
1427157449.096,24.031342
1427157449.112,31.80365
1427157449.128,40.99355
1427157449.143,50.56701
1427157449.159,58.910442
1427157449.175,64.232475
1427157449.19,65.136246
1427157449.206,61.09912
1427157449.221,52.6675
1427157449.237,41.250393
1427157449.253,28.683395
1427157449.268,16.601036
1427157449.284,6.0526314
1427157449.3,-2.6599922
1427157449.315,-9.786514
1427157449.331,-15.793564
1427157449.346,-21.046001
1427157449.362,-25.678371
1427157449.378,-29.61705
1427157449.393,-32.714855
1427157449.409,-34.909054
1427157449.425,-36.262623
1427157449.44,-36.960297
1427157449.456,-37.238075
1427157449.471,-37.30504
1427157449.487,-37.280758
1427157449.503,-37.21782
1427157449.518,-37.111088
1427157449.534,-36.896217
1427157449.55,-36.49913
1427157449.565,-35.79579
1427157449.581,-34.64147
1427157449.596,-32.859062
1427157449.612,-30.329613
1427157449.628,-27.013477
1427157449.643,-23.019512
1427157449.659,-18.53759
1427157449.675,-13.798222
1427157449.69,-8.930908
1427157449.706,-3.9537735
1427157449.721,1.2432137
1427157449.737,6.747635
1427157449.753,12.521759
1427157449.768,18.371895
1427157449.784,24.010895
1427157449.8,29.178635
1427157449.815,33.804565
1427157449.831,38.032616
1427157449.846,42.210327
1427157449.862,46.752136
1427157449.878,52.123596
1427157449.893,58.652267
1427157449.909,66.38909
1427157449.925,74.89269
1427157449.94,83.090164
1427157449.956,89.37671
1427157449.971,91.99896
1427157449.987,89.64563
1427157450.003,82.00785
1427157450.018,69.94262
1427157450.034,55.205444
1427157450.05,39.768677
1427157450.065,25.17849
1427157450.081,12.134079
1427157450.096,0.6343994
1427157450.112,-9.669426
1427157450.128,-19.030045
1427157450.143,-27.413094
1427157450.159,-34.524017
1427157450.175,-40.08515
1427157450.19,-44.01174
1427157450.206,-46.506065
1427157450.221,-47.99568
1427157450.237,-48.98088
1427157450.253,-49.873573
1427157450.268,-50.892776
1427157450.284,-52.00496
1427157450.3,-53.013763
1427157450.315,-53.652138
1427157450.331,-53.763298
1427157450.346,-53.35495
1427157450.362,-52.626747
1427157450.378,-51.754814
1427157450.393,-50.792442
1427157450.409,-49.5428
1427157450.425,-47.653282
1427157450.44,-44.80024
1427157450.456,-40.89528
1427157450.472,-36.16826
1427157450.487,-31.125023
1427157450.503,-26.312103
1427157450.518,-22.09694
1427157450.534,-18.507889
1427157450.55,-15.216026
1427157450.565,-11.656364
1427157450.581,-7.3318253
1427157450.596,-1.9866333
1427157450.612,4.2221146
1427157450.628,10.8042755
1427157450.643,17.12532
1427157450.659,22.6996
1427157450.675,27.340378
1427157450.69,31.27069
1427157450.706,34.987274
1427157450.722,39.12889
1427157450.737,44.29666
1427157450.753,50.92578
1427157450.768,59.15805
1427157450.784,68.64998
1427157450.8,78.436615
1427157450.815,86.959915
1427157450.831,92.34384
1427157450.847,92.961075
1427157450.862,87.97542
1427157450.878,77.74072
1427157450.893,63.675476
1427157450.909,47.76274
1427157450.925,31.896683
1427157450.94,17.370163
1427157450.956,4.6979523
1427157450.972,-6.143219
1427157450.987,-15.423767
1427157451.003,-23.328781
1427157451.018,-29.89035
1427157451.034,-35.07451
1427157451.05,-38.912582
1427157451.065,-41.55522
1427157451.081,-43.275604
1427157451.097,-44.360428
1427157451.112,-45.055557
1427157451.128,-45.534256
1427157451.143,-45.908676
1427157451.159,-46.234222
1427157451.175,-46.53607
1427157451.19,-46.80281
1427157451.206,-46.982635
1427157451.222,-46.954758
1427157451.237,-46.586044
1427157451.253,-45.701874
1427157451.268,-44.17206
1427157451.284,-41.92932
1427157451.3,-39.02353
1427157451.315,-35.55931
1427157451.331,-31.695953
1427157451.347,-27.55133
1427157451.362,-23.181183
1427157451.378,-18.540253
1427157451.393,-13.567322
1427157451.409,-8.242584
1427157451.425,-2.6427155
1427157451.44,3.0582733
1427157451.456,8.661499
1427157451.472,13.994431
1427157451.487,19.040054
1427157451.503,23.921875
1427157451.518,28.883453
1427157451.534,34.240097
1427157451.55,40.288177
1427157451.565,47.213745
1427157451.581,54.87097
1427157451.597,62.618256
1427157451.612,69.23941
1427157451.628,73.15379
1427157451.643,72.87448
1427157451.659,67.582886
1427157451.675,57.570007
1427157451.69,44.18982
1427157451.706,29.407928
1427157451.722,15.10289
1427157451.737,2.4871368
1427157451.753,-8.113632
1427157451.768,-17.041473
1427157451.784,-24.812363
1427157451.8,-31.733322
1427157451.815,-37.70314
1427157451.831,-42.417282
1427157451.847,-45.590714
1427157451.862,-47.259262
1427157451.878,-47.762344
1427157451.893,-47.658768
1427157451.909,-47.503265
1427157451.925,-47.630844
1427157451.94,-48.1203
1427157451.956,-48.80713
1427157451.972,-49.455093
1427157451.987,-49.88539
1427157452.003,-50.051376
1427157452.018,-49.98224
1427157452.034,-49.64746
1427157452.05,-48.87697
1427157452.065,-47.354874
1427157452.081,-44.773438
1427157452.097,-40.989838
1427157452.112,-36.203217
1427157452.128,-30.87883
1427157452.143,-25.59848
1427157452.159,-20.79515
1427157452.175,-16.52739
1427157452.19,-12.469559
1427157452.206,-8.075943
1427157452.222,-2.9174042
1427157452.237,3.1110382
1427157452.253,9.732239
1427157452.268,16.368713
1427157452.284,22.486877
1427157452.3,27.823776
1427157452.315,32.535324
1427157452.331,37.09877
1427157452.347,42.214294
1427157452.362,48.47673
1427157452.378,56.17932
1427157452.393,65.057495
1427157452.409,74.14868
1427157452.425,81.90143
1427157452.44,86.48773
1427157452.456,86.33476
1427157452.472,80.692856
1427157452.487,69.988754
1427157452.503,55.705276
1427157452.518,39.90573
1427157452.534,24.563492
1427157452.55,10.955124
1427157452.565,-0.50083923
1427157452.581,-10.091888
1427157452.597,-18.344559
1427157452.612,-25.663162
1427157452.628,-32.10524
1427157452.643,-37.50496
1427157452.659,-41.654892
1427157452.675,-44.513763
1427157452.69,-46.2648
1427157452.706,-47.256073
1427157452.722,-47.860214
1427157452.737,-48.327988
1427157452.753,-48.706238
1427157452.768,-48.88994
1427157452.784,-48.746048
1427157452.8,-48.231537
1427157452.815,-47.44435
1427157452.831,-46.61046
1427157452.847,-45.90927
1427157452.862,-45.324615
1427157452.878,-44.585175
1427157452.893,-43.25621
1427157452.909,-40.881973
1427157452.925,-37.27086
1427157452.94,-32.587967
1427157452.956,-27.334518
1427157452.972,-22.114838
1427157452.987,-17.410263
1427157453.003,-13.329758
1427157453.018,-9.621353
1427157453.034,-5.8222656
1427157453.05,-1.4792633
1427157453.065,3.6056976
1427157453.081,9.28952
1427157453.097,15.187042
1427157453.112,20.80188
1427157453.128,25.777145
1427157453.144,30.002304
1427157453.159,33.67514
1427157453.175,37.20124
1427157453.19,41.14087
1427157453.206,46.03923
1427157453.222,52.268112
1427157453.237,59.86228
1427157453.253,68.29512
1427157453.268,76.37348
1427157453.284,82.42454
1427157453.3,84.69476
1427157453.315,81.949524
1427157453.331,73.91956
1427157453.347,61.48709
1427157453.362,46.377632
1427157453.378,30.594437
1427157453.394,15.770012
1427157453.409,2.8462372
1427157453.425,-7.9663315
1427157453.44,-16.868843
1427157453.456,-24.18711
1427157453.472,-30.121529
1427157453.487,-34.760147
1427157453.503,-38.17858
1427157453.519,-40.53205
1427157453.534,-42.095955
1427157453.55,-43.187683
1427157453.565,-44.036125
1427157453.581,-44.763084
1427157453.597,-45.333237
1427157453.612,-45.659744
1427157453.628,-45.64852
1427157453.644,-45.31343
1427157453.659,-44.734352
1427157453.675,-44.04509
1427157453.69,-43.283714
1427157453.706,-42.351433
1427157453.722,-40.977875
1427157453.737,-38.836258
1427157453.753,-35.65496
1427157453.769,-31.431465
1427157453.784,-26.44786
1427157453.8,-21.158356
1427157453.815,-16.036057
1427157453.831,-11.364891
1427157453.847,-7.141281
1427157453.862,-3.1229095
1427157453.878,0.9948654
1427157453.894,5.4054794
1427157453.909,10.078407
1427157453.925,14.766228
1427157453.94,19.157341
1427157453.956,23.020859
1427157453.972,26.369423
1427157453.987,29.432991
1427157454.003,32.633797
1427157454.019,36.42348
1427157454.034,41.217068
1427157454.05,47.205036
1427157454.065,54.188534
1427157454.081,61.45146
1427157454.097,67.73398
1427157454.112,71.47531
1427157454.128,71.257675
1427157454.144,66.34207
1427157454.159,56.99457
1427157454.175,44.461132
1427157454.19,30.560902
1427157454.206,17.064583
1427157454.222,5.198883
1427157454.237,-4.6026306
1427157454.253,-12.49332
1427157454.269,-18.89785
1427157454.284,-24.122551
1427157454.3,-28.21862
1427157454.315,-31.05196
1427157454.331,-32.523987
1427157454.347,-32.74127
1427157454.362,-32.093575
1427157454.378,-31.107718
1427157454.394,-30.28534
1427157454.409,-29.934383
1427157454.425,-30.101454
1427157454.44,-30.59521
1427157454.456,-31.107021
1427157454.472,-31.34156
1427157454.487,-31.108875
1427157454.503,-30.321384
1427157454.519,-29.057707
1427157454.534,-27.435432
1427157454.55,-25.598827
1427157454.565,-23.61787
1427157454.581,-21.458885
1427157454.597,-18.960777
1427157454.612,-15.900345
1427157454.628,-12.095602
1427157454.644,-7.518667
1427157454.659,-2.315175
1427157454.675,3.2061663
1427157454.69,8.694969
1427157454.706,13.858573
1427157454.722,18.551857
1427157454.737,22.759554
1427157454.753,26.618221
1427157454.769,30.341162
1427157454.784,34.229065
1427157454.8,38.647957
1427157454.815,43.95557
1427157454.831,50.312492
1427157454.847,57.464207
1427157454.862,64.53736
1427157454.878,70.07387
1427157454.894,72.44565
1427157454.909,70.364235
1427157454.925,63.45118
1427157454.94,52.496075
1427157454.956,39.184418
1427157454.972,25.529884
1427157454.987,13.128582
1427157455.003,2.76332
1427157455.019,-5.646289
1427157455.034,-12.643844
1427157455.05,-18.758408
1427157455.065,-24.153578
1427157455.081,-28.674372
1427157455.097,-32.040775
1427157455.112,-34.170082
1427157455.128,-35.25708
1427157455.144,-35.731026
1427157455.159,-35.9812
1427157455.175,-36.259705
1427157455.19,-36.578995
1427157455.206,-36.833733
1427157455.222,-36.94427
1427157455.237,-36.918343
1427157455.253,-36.818604
1427157455.269,-36.67614
1427157455.284,-36.402763
1427157455.3,-35.798122
1427157455.315,-34.62153
1427157455.331,-32.728386
1427157455.347,-30.125694
1427157455.362,-26.968407
1427157455.378,-23.473969
1427157455.394,-19.800648
1427157455.409,-15.957565
1427157455.425,-11.82655
1427157455.44,-7.2331657
1427157455.456,-2.100277
1427157455.472,3.4902306
1427157455.487,9.277359
1427157455.503,14.906994
1427157455.519,20.07204
1427157455.534,24.646587
1427157455.55,28.731224
1427157455.565,32.621777
1427157455.581,36.74931
1427157455.597,41.58322
1427157455.612,47.467804
1427157455.628,54.44239
1427157455.644,61.959633
1427157455.659,68.8636
1427157455.675,73.556305
1427157455.69,74.47058
1427157455.706,70.663376
1427157455.722,62.24822
1427157455.737,50.384663
1427157455.753,36.89657
1427157455.769,23.602287
1427157455.784,11.760361
1427157455.8,1.8412361
1427157455.815,-6.3118286
1427157455.831,-13.115047
1427157455.847,-18.876186
1427157455.862,-23.694164
1427157455.878,-27.48637
1427157455.894,-30.219688
1427157455.909,-32.0175
1427157455.925,-33.170586
1427157455.94,-34.04247
1427157455.956,-34.908024
1427157455.972,-35.847958
1427157455.987,-36.75065
1427157456.003,-37.39599
1427157456.019,-37.615223
1427157456.034,-37.40867
1427157456.05,-36.940266
1427157456.066,-36.44589
1427157456.081,-36.067974
1427157456.097,-35.701584
1427157456.112,-35.032448
1427157456.128,-33.637344
1427157456.144,-31.23986
1427157456.159,-27.850563
1427157456.175,-23.794113
1427157456.191,-19.546593
1427157456.206,-15.515732
1427157456.222,-11.838211
1427157456.237,-8.337639
1427157456.253,-4.654686
1427157456.269,-0.46649933
1427157456.284,4.311676
1427157456.3,9.484299
1427157456.316,14.659546
1427157456.331,19.437141
1427157456.347,23.639847
1427157456.362,27.365814
1427157456.378,30.962769
1427157456.394,34.913696
1427157456.409,39.68109
1427157456.425,45.53975
1427157456.441,52.428802
1427157456.456,59.796104
1427157456.472,66.59361
1427157456.487,71.36485
1427157456.503,72.669136
1427157456.519,69.50474
1427157456.534,61.80928
1427157456.55,50.524757
1427157456.566,37.356277
1427157456.581,24.206535
1427157456.597,12.546989
1427157456.612,3.0544815
1427157456.628,-4.364746
1427157456.644,-10.293243
1427157456.659,-15.306129
1427157456.675,-19.706047
1427157456.691,-23.440094
1427157456.706,-26.289429
1427157456.722,-28.086472
1427157456.737,-28.914917
1427157456.753,-29.119514
1427157456.769,-29.18612
1427157456.784,-29.539093
1427157456.8,-30.372116
1427157456.816,-31.56372
1427157456.831,-32.78531
1427157456.847,-33.60549
1427157456.862,-33.726204
1427157456.878,-33.074135
1427157456.894,-31.807877
1427157456.909,-30.185143
1427157456.925,-28.446648
1427157456.941,-26.630669
1427157456.956,-24.603683
1427157456.972,-22.09024
1427157456.987,-18.858932
1427157457.003,-14.807533
1427157457.019,-10.081818
1427157457.034,-5.003517
1427157457.05,0.012207031
1427157457.066,4.6220474
1427157457.081,8.654953
1427157457.097,12.1762085
1427157457.112,15.454514
1427157457.128,18.843292
1427157457.144,22.68171
1427157457.159,27.222458
1427157457.175,32.627472
1427157457.191,38.900543
1427157457.206,45.79653
1427157457.222,52.732597
1427157457.237,58.684563
1427157457.253,62.392494
1427157457.269,62.66781
1427157457.284,58.847603
1427157457.3,51.146317
1427157457.316,40.63389
1427157457.331,28.865921
1427157457.347,17.379944
1427157457.362,7.184067
1427157457.378,-1.3843918
1427157457.394,-8.516464
1427157457.409,-14.536301
1427157457.425,-19.641075
1427157457.441,-23.783096
1427157457.456,-26.83918
1427157457.472,-28.778
1427157457.487,-29.79338
1427157457.503,-30.269875
1427157457.519,-30.627533
1427157457.534,-31.158958
1427157457.55,-31.902061
1427157457.566,-32.699913
1427157457.581,-33.33513
1427157457.597,-33.654953
1427157457.612,-33.672493
1427157457.628,-33.49717
1427157457.644,-33.250618
1427157457.659,-32.937317
1427157457.675,-32.400223
1427157457.691,-31.32412
1427157457.706,-29.473526
1427157457.722,-26.75055
1427157457.737,-23.313896
1427157457.753,-19.501183
1427157457.769,-15.676712
1427157457.784,-12.035431
1427157457.8,-8.514526
1427157457.816,-4.8206863
1427157457.831,-0.5969696
1427157457.847,4.34037
1427157457.862,9.900047
1427157457.878,15.703926
1427157457.894,21.241089
1427157457.909,26.085602
1427157457.925,30.079933
1427157457.941,33.432175
1427157457.956,36.612053
1427157457.972,40.242523
1427157457.987,44.85444
1427157458.003,50.724983
1427157458.019,57.653458
1427157458.034,64.88689
1427157458.05,71.121086
1427157458.066,74.8221
1427157458.081,74.61142
1427157458.097,69.79837
1427157458.112,60.661293
1427157458.128,48.402428
1427157458.144,34.770866
1427157458.159,21.430824
1427157458.175,9.506981
1427157458.191,-0.6134796
1427157458.206,-9.135269
1427157458.222,-16.47416
1427157458.237,-22.920563
1427157458.253,-28.466377
1427157458.269,-32.9355
1427157458.284,-36.116608
1427157458.3,-38.039185
1427157458.316,-38.95301
1427157458.331,-39.284424
1427157458.347,-39.464417
1427157458.362,-39.78382
1427157458.378,-40.276924
1427157458.394,-40.797997
1427157458.409,-41.101448
1427157458.425,-40.99794
1427157458.441,-40.451485
1427157458.456,-39.601593
1427157458.472,-38.695297
1427157458.487,-37.93547
1427157458.503,-37.33783
1427157458.519,-36.657913
1427157458.534,-35.44104
1427157458.55,-33.267494
1427157458.566,-29.937294
1427157458.581,-25.658928
1427157458.597,-20.980385
1427157458.612,-16.574562
1427157458.628,-12.925468
1427157458.644,-10.118401
1427157458.659,-7.772888
1427157458.675,-5.280266
1427157458.691,-2.0623703
1427157458.706,2.1289444
1427157458.722,7.149231
1427157458.738,12.532066
1427157458.753,17.737625
1427157458.769,22.355835
1427157458.784,26.28061
1427157458.8,29.70691
1427157458.816,33.026337
1427157458.831,36.67672
1427157458.847,41.070183
1427157458.863,46.479164
1427157458.878,52.982574
1427157458.894,60.33864
1427157458.909,67.87707
1427157458.925,74.4289
1427157458.941,78.49953
1427157458.956,78.66528
1427157458.972,74.07899
1427157458.988,64.86916
1427157459.003,52.221886
1427157459.019,37.990913
1427157459.034,24.089401
1427157459.05,11.870575
1427157459.066,1.8435898
1427157459.081,-6.228325
1427157459.097,-12.927895
1427157459.113,-18.718338
1427157459.128,-23.757904
1427157459.144,-27.909996
1427157459.159,-30.986221
1427157459.175,-32.96662
1427157459.191,-34.076225
1427157459.206,-34.731018
1427157459.222,-35.36264
1427157459.238,-36.24048
1427157459.253,-37.355904
1427157459.269,-38.488777
1427157459.284,-39.29744
1427157459.3,-39.504166
1427157459.316,-38.988167
1427157459.331,-37.831688
1427157459.347,-36.22706
1427157459.363,-34.372894
1427157459.378,-32.38217
1427157459.394,-30.249893
1427157459.409,-27.881516
1427157459.425,-25.110497
1427157459.441,-21.824768
1427157459.456,-17.945885
1427157459.472,-13.491272
1427157459.488,-8.586578
1427157459.503,-3.4133682
1427157459.519,1.8081284
1427157459.534,6.8659134
1427157459.55,11.631935
1427157459.566,16.086792
1427157459.581,20.319588
1427157459.597,24.503326
1427157459.613,28.887413
1427157459.628,33.75135
1427157459.644,39.33544
1427157459.659,45.678272
1427157459.675,52.39812
1427157459.691,58.591545
1427157459.706,62.914673
1427157459.722,63.956142
1427157459.738,60.776478
1427157459.753,53.3338
1427157459.769,42.557114
1427157459.784,30.086693
1427157459.8,17.666264
1427157459.816,6.6027565
1427157459.831,-2.5349655
1427157459.847,-9.863857
1427157459.863,-15.870888
1427157459.878,-20.988224
1427157459.894,-25.371109
1427157459.909,-28.899918
1427157459.925,-31.347092
1427157459.941,-32.622936
1427157459.956,-32.90566
1427157459.972,-32.640865
1427157459.988,-32.353474
1427157460.003,-32.43727
1427157460.019,-33.004932
1427157460.034,-33.81204
1427157460.05,-34.44944
1427157460.066,-34.51419
1427157460.081,-33.823708
1427157460.097,-32.451862
1427157460.113,-30.643517
1427157460.128,-28.628414
1427157460.144,-26.530216
1427157460.159,-24.303825
1427157460.175,-21.778461
1427157460.191,-18.75586
1427157460.206,-15.08173
1427157460.222,-10.676331
1427157460.238,-5.6474075
1427157460.253,-0.22072983
1427157460.269,5.2462463
1427157460.284,10.401314
1427157460.3,15.032238
1427157460.316,19.171505
1427157460.331,23.090237
1427157460.347,27.200066
1427157460.363,31.887947
1427157460.378,37.433796
1427157460.394,43.92905
1427157460.409,51.25342
1427157460.425,58.97383
1427157460.441,66.25355
1427157460.456,71.85327
1427157460.472,74.34004
1427157460.488,72.519394
1427157460.503,65.94841
1427157460.519,55.197853
1427157460.534,41.802345
1427157460.55,27.693188
1427157460.566,14.585531
1427157460.581,3.4474678
1427157460.597,-5.6143856
1427157460.613,-13.097786
1427157460.628,-19.625069
1427157460.644,-25.595102
1427157460.659,-31.024544
1427157460.675,-35.652138
1427157460.691,-39.17997
1427157460.706,-41.49353
1427157460.722,-42.71816
1427157460.738,-43.1557
1427157460.753,-43.156204
1427157460.769,-42.98976
1427157460.784,-42.77272
1427157460.8,-42.550297
1427157460.816,-42.31749
1427157460.831,-42.09606
1427157460.847,-41.857338
1427157460.863,-41.508793
1427157460.878,-40.78105
1427157460.894,-39.35717
1427157460.909,-36.95553
1427157460.925,-33.52871
1427157460.941,-29.33038
1427157460.956,-24.845644
1427157460.972,-20.524956
1427157460.988,-16.589684
1427157461.003,-12.892074
1427157461.019,-9.05687
1427157461.034,-4.676203
1427157461.05,0.4322853
1427157461.066,6.147455
1427157461.081,12.077696
1427157461.097,17.798433
1427157461.113,22.98972
1427157461.128,27.58158
1427157461.144,31.74948
1427157461.159,35.907608
1427157461.175,40.571686
1427157461.191,46.268295
1427157461.206,53.278133
1427157461.222,61.384487
1427157461.238,69.64323
1427157461.253,76.47202
1427157461.269,80.00867
1427157461.284,78.73644
1427157461.3,72.1352
1427157461.316,60.912666
1427157461.331,46.791622
1427157461.347,31.876333
1427157461.363,17.919632
1427157461.378,5.9164333
1427157461.394,-4.0076103
1427157461.41,-12.256222
1427157461.425,-19.32178
1427157461.441,-25.470924
1427157461.456,-30.701313
1427157461.472,-34.81266
1427157461.488,-37.63841
1427157461.503,-39.175686
1427157461.519,-39.638752
1427157461.534,-39.38045
1427157461.55,-38.80433
1427157461.566,-38.21967
1427157461.581,-37.794514
1427157461.597,-37.50793
1427157461.613,-37.219326
1427157461.628,-36.736248
1427157461.644,-35.957283
1427157461.66,-34.85958
1427157461.675,-33.497974
1427157461.691,-31.961798
1427157461.706,-30.2837
1427157461.722,-28.385944
1427157461.738,-26.111706
1427157461.753,-23.213322
1427157461.769,-19.474676
1427157461.785,-14.820301
1427157461.8,-9.405649
1427157461.816,-3.6012344
1427157461.831,2.1104164
1427157461.847,7.32218
1427157461.863,11.836128
1427157461.878,15.78714
1427157461.894,19.5343
1427157461.91,23.535864
1427157461.925,28.208254
1427157461.941,33.8547
1427157461.956,40.580765
1427157461.972,48.236195
1427157461.988,56.263756
1427157462.003,63.67553
1427157462.019,69.075226
1427157462.035,71.013435
1427157462.05,68.43225
1427157462.066,61.138218
1427157462.081,49.94457
1427157462.097,36.463676
1427157462.113,22.544033
1427157462.128,9.7042465
1427157462.144,-1.277771
1427157462.16,-10.348339
1427157462.175,-17.846329
1427157462.191,-24.104843
1427157462.206,-29.17479
1427157462.222,-32.83852
1427157462.238,-34.888233
1427157462.253,-35.389233
1427157462.269,-34.827778
1427157462.285,-33.95413
1427157462.3,-33.51333
1427157462.316,-33.86453
1427157462.331,-34.861324
1427157462.347,-35.942074
1427157462.363,-36.471672
1427157462.378,-36.047134
1427157462.394,-34.719616
1427157462.41,-32.91386
1427157462.425,-31.187672
1427157462.441,-29.894196
1427157462.456,-28.992264
1427157462.472,-28.0085
1427157462.488,-26.297256
1427157462.503,-23.31984
1427157462.519,-18.916607
1427157462.535,-13.364426
1427157462.55,-7.255913
1427157462.566,-1.2225342
1427157462.581,4.3098755
1427157462.597,9.28302
1427157462.613,13.952484
1427157462.628,18.737228
1427157462.644,24.040825
1427157462.66,30.144142
1427157462.675,37.14875
1427157462.691,44.992714
1427157462.706,53.33789
1427157462.722,61.445366
1427157462.738,68.13764
1427157462.753,71.97891
1427157462.769,71.65199
1427157462.785,66.487564
1427157462.8,56.801697
1427157462.816,43.88109
1427157462.831,29.576462
1427157462.847,15.677925
1427157462.863,3.3582382
1427157462.878,-7.0094147
1427157462.894,-15.703842
1427157462.91,-23.2043
1427157462.925,-29.825539
1427157462.941,-35.531
1427157462.956,-40.047173
1427157462.972,-43.129166
1427157462.988,-44.778618
1427157463.003,-45.320923
1427157463.019,-45.26445
1427157463.035,-45.075485
1427157463.05,-45.000145
1427157463.066,-45.023468
1427157463.081,-44.952843
1427157463.097,-44.607193
1427157463.113,-43.907806
1427157463.128,-42.902054
1427157463.144,-41.646965
1427157463.16,-40.13504
1427157463.175,-38.236008
1427157463.191,-35.78572
1427157463.206,-32.707664
1427157463.222,-29.062538
1427157463.238,-25.063133
1427157463.253,-20.915504
1427157463.269,-16.718529
1427157463.285,-12.37545
1427157463.3,-7.682396
1427157463.316,-2.429985
1427157463.331,3.4084396
1427157463.347,9.646996
1427157463.363,15.914207
1427157463.378,21.793678
1427157463.394,26.965904
1427157463.41,31.38263
1427157463.425,35.2648
1427157463.441,39.070915
1427157463.456,43.40245
1427157463.472,48.804253
1427157463.488,55.57773
1427157463.503,63.48188
1427157463.519,71.60464
1427157463.535,78.421074
1427157463.55,82.15073
1427157463.566,81.3392
1427157463.581,75.40174
1427157463.597,64.90572
1427157463.613,51.3394
1427157463.628,36.660065
1427157463.644,22.536598
1427157463.66,9.956062
1427157463.675,-0.8923645
1427157463.691,-10.358032
1427157463.706,-18.879967
1427157463.722,-26.652977
1427157463.738,-33.550964
1427157463.753,-39.26786
1427157463.769,-43.55271
1427157463.785,-46.410347
1427157463.8,-48.165367
1427157463.816,-49.300804
1427157463.831,-50.25196
1427157463.847,-51.223785
1427157463.863,-52.13909
1427157463.878,-52.72351
1427157463.894,-52.758102
1427157463.91,-52.20504
1427157463.925,-51.278687
1427157463.941,-50.290962
1427157463.956,-49.44806
1427157463.972,-48.688873
1427157463.988,-47.704002
1427157464.003,-46.045326
1427157464.019,-43.3916
1427157464.035,-39.64486
1427157464.05,-35.018715
1427157464.066,-29.93148
1427157464.082,-24.885414
1427157464.097,-20.224808
1427157464.113,-16.059227
1427157464.128,-12.1951065
1427157464.144,-8.228462
1427157464.16,-3.7495117
1427157464.175,1.4347916
1427157464.191,7.1935043
1427157464.206,13.078667
1427157464.222,18.566505
1427157464.238,23.3042
1427157464.253,27.305626
1427157464.269,30.935959
1427157464.285,34.802994
1427157464.3,39.484978
1427157464.316,45.40699
1427157464.332,52.7209
1427157464.347,61.216095
1427157464.363,70.20501
1427157464.378,78.47929
1427157464.394,84.412346
1427157464.41,86.38692
1427157464.425,83.31687
1427157464.441,75.13002
1427157464.457,62.873215
1427157464.472,48.379562
1427157464.488,33.6148
1427157464.503,20.040146
1427157464.519,8.287651
1427157464.535,-1.7136765
1427157464.55,-10.380081
1427157464.566,-18.058548
1427157464.582,-24.817856
1427157464.597,-30.500679
1427157464.613,-34.914436
1427157464.628,-38.03131
1427157464.644,-40.03798
1427157464.66,-41.277824
1427157464.675,-42.103737
1427157464.691,-42.760857
1427157464.707,-43.353745
1427157464.722,-43.83866
1427157464.738,-44.162758
1427157464.753,-44.32305
1427157464.769,-44.404823
1427157464.785,-44.507507
1427157464.8,-44.627937
1427157464.816,-44.58062
1427157464.832,-43.98864
1427157464.847,-42.43643
1427157464.863,-39.6379
1427157464.878,-35.593475
1427157464.894,-30.645363
1427157464.91,-25.323044
1427157464.925,-20.172295
1427157464.941,-15.472717
1427157464.957,-11.184006
1427157464.972,-6.9923897
1427157464.988,-2.5028915
1427157465.003,2.509266
1427157465.019,7.9338417
1427157465.035,13.367321
1427157465.05,18.289234
1427157465.066,22.37305
1427157465.082,25.645134
1427157465.097,28.525192
1427157465.113,31.668201
1427157465.128,35.73569
1427157465.144,41.171955
1427157465.16,47.995796
1427157465.175,55.72619
1427157465.191,63.30818
1427157465.207,69.26622
1427157465.222,71.99704
1427157465.238,70.277855
1427157465.253,63.7191
1427157465.269,53.005726
1427157465.285,39.749718
1427157465.3,25.92588
1427157465.316,13.229252
1427157465.332,2.5646667
1427157465.347,-5.9871407
1427157465.363,-12.9276085
1427157465.378,-18.7989
1427157465.394,-23.860512
1427157465.41,-27.98347
1427157465.425,-30.866966
1427157465.441,-32.358574
1427157465.457,-32.656307
1427157465.472,-32.31294
1427157465.488,-32.009533
1427157465.503,-32.29472
1427157465.519,-33.294224
1427157465.535,-34.69452
1427157465.55,-35.917633
1427157465.566,-36.403694
1427157465.582,-35.88326
1427157465.597,-34.48185
1427157465.613,-32.617928
1427157465.628,-30.70673
1427157465.644,-28.961044
1427157465.66,-27.229572
1427157465.675,-25.11547
1427157465.691,-22.17004
1427157465.707,-18.134153
1427157465.722,-13.079025
1427157465.738,-7.368595
1427157465.753,-1.5030174
1427157465.769,4.0862083
1427157465.785,9.172203
1427157465.8,13.783382
1427157465.816,18.140203
1427157465.832,22.531324
1427157465.847,27.252636
1427157465.863,32.53395
1427157465.878,38.54251
1427157465.894,45.343136
1427157465.91,52.769947
1427157465.925,60.251892
1427157465.941,66.768524
1427157465.957,70.94327
1427157465.972,71.42221
1427157465.988,67.363785
1427157466.003,58.847687
1427157466.019,46.902645
1427157466.035,33.199577
1427157466.05,19.491684
1427157466.066,7.0482655
1427157466.082,-3.5550632
1427157466.097,-12.352552
1427157466.113,-19.658747
1427157466.128,-25.739555
1427157466.144,-30.668314
1427157466.16,-34.387566
1427157466.175,-36.88656
1427157466.191,-38.307972
1427157466.207,-38.934967
1427157466.222,-39.12259
1427157466.238,-39.174026
1427157466.253,-39.26313
1427157466.269,-39.44832
1427157466.285,-39.657154
1427157466.3,-39.779503
1427157466.316,-39.64199
1427157466.332,-39.08967
1427157466.347,-38.003128
1427157466.363,-36.344383
1427157466.378,-34.174164
1427157466.394,-31.578373
1427157466.41,-28.637793
1427157466.425,-25.408188
1427157466.441,-21.899855
1427157466.457,-18.121479
1427157466.472,-14.051338
1427157466.488,-9.692291
1427157466.503,-5.0154924
1427157466.519,-0.025732994
1427157466.535,5.2222834
1427157466.55,10.581998
1427157466.566,15.830457
1427157466.582,20.729147
1427157466.597,25.12113
1427157466.613,29.00652
1427157466.628,32.614475
1427157466.644,36.345543
1427157466.66,40.736103
1427157466.675,46.238842
1427157466.691,53.012062
1427157466.707,60.63866
1427157466.722,68.02313
1427157466.738,73.52233
1427157466.753,75.44808
1427157466.769,72.65924
1427157466.785,65.045135
1427157466.8,53.63061
1427157466.816,40.205814
1427157466.832,26.619015
1427157466.847,14.21237
1427157466.863,3.4989254
1427157466.878,-5.6379366
1427157466.894,-13.5845585
1427157466.91,-20.57256
1427157466.925,-26.571072
1427157466.941,-31.345219
1427157466.957,-34.71548
1427157466.972,-36.748226
1427157466.988,-37.807526
1427157467.004,-38.413887
1427157467.019,-39.095192
1427157467.035,-40.146034
1427157467.05,-41.56269
1427157467.066,-43.06244
1427157467.082,-44.27222
1427157467.097,-44.90515
1427157467.113,-44.94497
1427157467.129,-44.589825
1427157467.144,-44.168747
1427157467.16,-43.88002
1427157467.175,-43.70114
1427157467.191,-43.329697
1427157467.207,-42.33719
1427157467.222,-40.345444
1427157467.238,-37.22081
1427157467.254,-33.083557
1427157467.269,-28.307407
1427157467.285,-23.346395
1427157467.3,-18.597605
1427157467.316,-14.262535
1427157467.332,-10.326004
1427157467.347,-6.5405064
1427157467.363,-2.558632
1427157467.379,1.920124
1427157467.394,6.991543
1427157467.41,12.497814
1427157467.425,18.04921
1427157467.441,23.221165
1427157467.457,27.696285
1427157467.472,31.445492
1427157467.488,34.666847
1427157467.504,37.776825
1427157467.519,41.224884
1427157467.535,45.45651
1427157467.55,50.773067
1427157467.566,57.235588
1427157467.582,64.48329
1427157467.597,71.65103
1427157467.613,77.357124
1427157467.629,80.03908
1427157467.644,78.432434
1427157467.66,72.05293
1427157467.675,61.50407
1427157467.691,48.27558
1427157467.707,34.236782
1427157467.722,21.02116
1427157467.738,9.567081
1427157467.754,0.084560394
1427157467.769,-7.719879
1427157467.785,-14.199493
1427157467.8,-19.555332
1427157467.816,-23.764263
1427157467.832,-26.761192
1427157467.847,-28.606178
1427157467.863,-29.584763
1427157467.879,-30.104782
1427157467.894,-30.569286
1427157467.91,-31.192226
1427157467.925,-31.97316
1427157467.941,-32.732075
1427157467.957,-33.296787
1427157467.972,-33.604073
1427157467.988,-33.7336
1427157468.004,-33.86077
1427157468.019,-34.118927
1427157468.035,-34.450752
1427157468.05,-34.60274
1427157468.066,-34.17612
1427157468.082,-32.798428
1427157468.097,-30.305767
1427157468.113,-26.85997
1427157468.129,-22.876366
1427157468.144,-18.884605
1427157468.16,-15.256184
1427157468.175,-12.059555
1427157468.191,-9.0273285
1427157468.207,-5.7392273
1427157468.222,-1.8035583
1427157468.238,2.864357
1427157468.254,8.028374
1427157468.269,13.214745
1427157468.285,17.933212
1427157468.3,21.907265
1427157468.316,25.197197
1427157468.332,28.192978
1427157468.347,31.449646
1427157468.363,35.52043
1427157468.379,40.786606
1427157468.394,47.270004
1427157468.41,54.506393
1427157468.425,61.480804
1427157468.441,66.77074
1427157468.457,68.890114
1427157468.472,66.76825
1427157468.488,60.158707
1427157468.504,49.806633
1427157468.519,37.209007
1427157468.535,24.156868
1427157468.55,12.126228
1427157468.566,1.9395523
1427157468.582,-6.300453
1427157468.597,-12.925804
1427157468.613,-18.362381
1427157468.629,-22.805557
1427157468.644,-26.23191
1427157468.66,-28.496796
1427157468.675,-29.594803
1427157468.691,-29.761421
1427157468.707,-29.48767
1427157468.722,-29.306923
1427157468.738,-29.62648
1427157468.754,-30.522316
1427157468.769,-31.761024
1427157468.785,-32.89328
1427157468.8,-33.481445
1427157468.816,-33.278183
1427157468.832,-32.332657
1427157468.847,-30.8807
1427157468.863,-29.20781
1427157468.879,-27.440659
1427157468.894,-25.480835
1427157468.91,-23.045906
1427157468.925,-19.841011
1427157468.941,-15.730934
1427157468.957,-10.825256
1427157468.972,-5.444748
1427157468.988,-0.018043518
1427157469.004,5.140564
1427157469.019,9.889381
1427157469.035,14.258888
1427157469.05,18.378647
1427157469.066,22.3723
1427157469.082,26.332977
1427157469.097,30.395424
1427157469.113,34.72838
1427157469.129,39.638496
1427157469.144,45.355453
1427157469.16,51.873596
1427157469.175,58.669205
1427157469.191,64.65979
1427157469.207,68.38235
1427157469.222,68.456055
1427157469.238,64.11452
1427157469.254,55.546844
1427157469.269,43.8973
1427157469.285,30.866203
1427157469.3,18.115345
1427157469.316,6.8014984
1427157469.332,-2.634739
1427157469.347,-10.319557
1427157469.363,-16.646706
1427157469.379,-21.925545
1427157469.394,-26.286201
1427157469.41,-29.708168
1427157469.425,-32.174366
1427157469.441,-33.78734
1427157469.457,-34.798595
1427157469.472,-35.477154
1427157469.488,-36.04808
1427157469.504,-36.60693
1427157469.519,-37.122097
1427157469.535,-37.534374
1427157469.55,-37.81244
1427157469.566,-38.00088
1427157469.582,-38.184692
1427157469.597,-38.405075
1427157469.613,-38.59954
1427157469.629,-38.544384
1427157469.644,-37.932163
1427157469.66,-36.462044
1427157469.676,-34.016823
1427157469.691,-30.66869
1427157469.707,-26.704159
1427157469.722,-22.486897
1427157469.738,-18.316368
1427157469.754,-14.285473
1427157469.769,-10.254784
1427157469.785,-5.8975716
1427157469.801,-0.91846466
1427157469.816,4.818447
1427157469.832,11.136505
1427157469.847,17.598953
1427157469.863,23.632565
1427157469.879,28.81361
1427157469.894,33.035114
1427157469.91,36.57298
1427157469.926,40.004105
1427157469.941,44.026978
1427157469.957,49.1996
1427157469.972,55.71998
1427157469.988,63.202923
1427157470.004,70.64082
1427157470.019,76.524445
1427157470.035,79.226715
1427157470.051,77.55606
1427157470.066,71.17291
1427157470.082,60.818115
1427157470.097,48.028965
1427157470.113,34.60857
1427157470.129,22.038013
1427157470.144,11.046642
1427157470.16,1.6943436
1427157470.176,-6.40184
1427157470.191,-13.61697
1427157470.207,-20.08519
1427157470.222,-25.690182
1427157470.238,-30.244606
1427157470.254,-33.665874
1427157470.269,-36.12383
1427157470.285,-37.948486
1427157470.301,-39.489925
1427157470.316,-40.954376
1427157470.332,-42.336746
1427157470.347,-43.44172
1427157470.363,-44.078865
1427157470.379,-44.16829
1427157470.394,-43.83417
1427157470.41,-43.324684
1427157470.426,-42.868187
1427157470.441,-42.463413
1427157470.457,-41.884315
1427157470.472,-40.685978
1427157470.488,-38.48552
1427157470.504,-35.10268
1427157470.519,-30.730259
1427157470.535,-25.823868
1427157470.551,-20.973206
1427157470.566,-16.626436
1427157470.582,-12.932362
1427157470.597,-9.674814
1427157470.613,-6.392256
1427157470.629,-2.5913143
1427157470.644,1.9874
1427157470.66,7.2415714
1427157470.676,12.73106
1427157470.691,17.882195
1427157470.707,22.282494
1427157470.722,25.89657
1427157470.738,29.06498
1427157470.754,32.413235
1427157470.769,36.584732
1427157470.785,42.038803
1427157470.801,48.878677
1427157470.816,56.72406
1427157470.832,64.67234
1427157470.847,71.37275
1427157470.863,75.27559
1427157470.879,75.10859
1427157470.894,70.27537
1427157470.91,61.168888
1427157470.926,49.04391
1427157470.941,35.6295
1427157470.957,22.539461
1427157470.972,10.81037
1427157470.988,0.8014717
1427157471.004,-7.641053
1427157471.019,-14.814746
1427157471.035,-20.87932
1427157471.051,-25.755142
1427157471.066,-29.288347
1427157471.082,-31.44573
1427157471.097,-32.404953
1427157471.113,-32.590523
1427157471.129,-32.53416
1427157471.144,-32.707626
1427157471.16,-33.349636
1427157471.176,-34.428326
1427157471.191,-35.631977
1427157471.207,-36.55786
1427157471.222,-36.848785
1427157471.238,-36.366756
1427157471.254,-35.19996
1427157471.269,-33.618244
1427157471.285,-31.9095
1427157471.301,-30.218733
1427157471.316,-28.50616
1427157471.332,-26.50893
1427157471.347,-23.920765
1427157471.363,-20.502716
1427157471.379,-16.193836
1427157471.394,-11.16992
1427157471.41,-5.7529497
1427157471.426,-0.35205507
1427157471.441,4.7196784
1427157471.457,9.2806635
1427157471.472,13.366492
1427157471.488,17.15895
1427157471.504,20.958408
1427157471.519,25.118511
1427157471.535,30.006184
1427157471.551,35.89466
1427157471.566,42.848785
1427157471.582,50.536438
1427157471.597,58.091267
1427157471.613,64.15958
1427157471.629,67.209885
1427157471.644,66.00284
1427157471.66,60.084484
1427157471.676,50.004105
1427157471.691,37.18408
1427157471.707,23.436232
1427157471.722,10.356003
1427157471.738,-1.1128101
1427157471.754,-10.752916
1427157471.769,-18.854076
1427157471.785,-25.774082
1427157471.801,-31.660593
1427157471.816,-36.396378
1427157471.832,-39.79338
1427157471.847,-41.794533
1427157471.863,-42.64573
1427157471.879,-42.795452
1427157471.894,-42.724762
1427157471.91,-42.71653
1427157471.926,-42.791855
1427157471.941,-42.747902
1427157471.957,-42.384705
1427157471.972,-41.64234
1427157471.988,-40.69658
1427157472.004,-39.859894
1427157472.019,-39.412933
1427157472.035,-39.380295
1427157472.051,-39.460793
1427157472.066,-39.112213
1427157472.082,-37.769035
1427157472.097,-35.07412
1427157472.113,-31.09139
1427157472.129,-26.282171
1427157472.144,-21.342659
1427157472.16,-16.848045
1427157472.176,-13.051584
1427157472.191,-9.717934
1427157472.207,-6.315037
1427157472.222,-2.2938747
1427157472.238,2.5921707
1427157472.254,8.188463
1427157472.269,13.980297
1427157472.285,19.392115
1427157472.301,24.033371
1427157472.316,27.869337
1427157472.332,31.187468
1427157472.348,34.47441
1427157472.363,38.27262
1427157472.379,43.070553
1427157472.394,49.205208
1427157472.41,56.78881
1427157472.426,65.463005
1427157472.441,74.29593
1427157472.457,81.75225
1427157472.472,86.027054
1427157472.488,85.57725
1427157472.504,79.74859
1427157472.519,69.05867
1427157472.535,55.10255
1427157472.551,39.956604
1427157472.566,25.463194
1427157472.582,12.712614
1427157472.598,1.8952751
1427157472.613,-7.4051476
1427157472.629,-15.705009
1427157472.644,-23.257069
1427157472.66,-29.903
1427157472.676,-35.284813
1427157472.691,-39.12684
1427157472.707,-41.506874
1427157472.723,-42.879837
1427157472.738,-43.88139
1427157472.754,-45.037045
1427157472.769,-46.5722
1427157472.785,-48.316803
1427157472.801,-49.90825
1427157472.816,-50.927677
1427157472.832,-51.203545
1427157472.848,-50.814354
1427157472.863,-50.035347
1427157472.879,-49.132187
1427157472.894,-48.22245
1427157472.91,-47.1897
1427157472.926,-45.736652
1427157472.941,-43.554405
1427157472.957,-40.461517
1427157472.973,-36.50044
1427157472.988,-31.932491
1427157473.004,-27.13478
1427157473.019,-22.478035
1427157473.035,-18.169476
1427157473.051,-14.232117
1427157473.066,-10.463739
1427157473.082,-6.5536003
1427157473.098,-2.1888103
1427157473.113,2.8068733
1427157473.129,8.380709
1427157473.144,14.258562
1427157473.16,20.02203
1427157473.176,25.245998
1427157473.191,29.6864
1427157473.207,33.4164
1427157473.223,36.77497
1427157473.238,40.275986
1427157473.254,44.484756
1427157473.269,49.832848
1427157473.285,56.516026
1427157473.301,64.33544
1427157473.316,72.65025
1427157473.332,80.25255
1427157473.348,85.58915
1427157473.363,87.0659
1427157473.379,83.593925
1427157473.394,75.04392
1427157473.41,62.40783
1427157473.426,47.495712
1427157473.441,32.35118
1427157473.457,18.575422
1427157473.473,6.8964157
1427157473.488,-2.7556667
1427157473.504,-10.873202
1427157473.519,-17.926027
1427157473.535,-24.007893
1427157473.551,-28.916405
1427157473.566,-32.378704
1427157473.582,-34.351036
1427157473.598,-35.143288
1427157473.613,-35.315666
1427157473.629,-35.440422
1427157473.644,-35.881073
1427157473.66,-36.69397
1427157473.676,-37.719673
1427157473.691,-38.711586
1427157473.707,-39.487137
1427157473.723,-39.94693
1427157473.738,-40.05892
1427157473.754,-39.7837
1427157473.769,-39.00341
1427157473.785,-37.585724
1427157473.801,-35.481438
1427157473.816,-32.698414
1427157473.832,-29.39377
1427157473.848,-25.73067
1427157473.863,-21.83897
1427157473.879,-17.754303
1427157473.894,-13.443182
1427157473.91,-8.829611
1427157473.926,-3.929779
1427157473.941,1.1734943
1427157473.957,6.3276978
1427157473.973,11.352856
1427157473.988,16.10129
1427157474.004,20.535759
1427157474.019,24.716667
1427157474.035,28.840267
1427157474.051,33.216454
1427157474.066,38.222057
1427157474.082,44.12113
1427157474.098,50.84787
1427157474.113,57.775745
1427157474.129,63.683594
1427157474.144,67.04941
1427157474.16,66.52977
1427157474.176,61.50773
1427157474.191,52.389046
1427157474.207,40.472225
1427157474.223,27.470633
1427157474.238,14.9298935
1427157474.254,3.8282814
1427157474.269,-5.5673447
1427157474.285,-13.437145
1427157474.301,-20.131979
1427157474.316,-25.885479
1427157474.332,-30.72412
1427157474.348,-34.559235
1427157474.363,-37.292255
1427157474.379,-38.961517
1427157474.394,-39.7805
1427157474.41,-40.076214
1427157474.426,-40.216805
1427157474.441,-40.482933
1427157474.457,-40.97639
1427157474.473,-41.600227
1427157474.488,-42.16005
1427157474.504,-42.456367
1427157474.519,-42.35367
1427157474.535,-41.812847
1427157474.551,-40.8002
1427157474.566,-39.22956
1427157474.582,-36.96529
1427157474.598,-33.916386
1427157474.613,-30.109459
1427157474.629,-25.740643
1427157474.644,-21.074997
1427157474.66,-16.325819
1427157474.676,-11.578926
1427157474.691,-6.7257156
1427157474.707,-1.6078892
1427157474.723,3.8680553
1427157474.738,9.617353
1427157474.754,15.432085
1427157474.769,21.004484
1427157474.785,26.136206
1427157474.801,30.799871
1427157474.816,35.145485
1427157474.832,39.525337
1427157474.848,44.40331
1427157474.863,50.224487
1427157474.879,57.149323
1427157474.894,64.82673
1427157474.91,72.228645
1427157474.926,77.778244
1427157474.941,79.77453
1427157474.957,76.994965
1427157474.973,69.22896
1427157474.988,57.407364
1427157475.004,43.30334
1427157475.02,28.8765
1427157475.035,15.648895
1427157475.051,4.2958794
1427157475.066,-5.2377815
1427157475.082,-13.412655
1427157475.098,-20.63225
1427157475.113,-27.026236
1427157475.129,-32.429554
1427157475.144,-36.61158
1427157475.16,-39.468735
1427157475.176,-41.155804
1427157475.191,-42.02816
1427157475.207,-42.49195
1427157475.223,-42.839493
1427157475.238,-43.189255
1427157475.254,-43.493797
1427157475.27,-43.659065
1427157475.285,-43.591606
1427157475.301,-43.308475
1427157475.316,-42.856518
1427157475.332,-42.271103
1427157475.348,-41.504192
1427157475.363,-40.39299
1427157475.379,-38.708427
1427157475.395,-36.27397
1427157475.41,-33.063457
1427157475.426,-29.250467
1427157475.441,-25.139254
1427157475.457,-21.040833
1427157475.473,-17.075323
1427157475.488,-13.13208
1427157475.504,-8.899454
1427157475.52,-4.06464
1427157475.535,1.4942875
1427157475.551,7.573271
1427157475.566,13.749126
1427157475.582,19.536142
1427157475.598,24.648094
1427157475.613,29.145369
1427157475.629,33.374146
1427157475.645,37.852215
1427157475.66,43.09481
1427157475.676,49.47126
1427157475.691,57.03553
1427157475.707,65.33835
1427157475.723,73.33797
1427157475.738,79.483025
1427157475.754,82.08363
1427157475.77,79.82106
1427157475.785,72.33803
1427157475.801,60.411682
1427157475.816,45.765957
1427157475.832,30.447777
1427157475.848,16.202852
1427157475.863,3.9949665
1427157475.879,-6.0339394
1427157475.895,-14.248583
1427157475.91,-21.13382
1427157475.926,-26.988697
1427157475.941,-31.837841
1427157475.957,-35.543243
1427157475.973,-38.008568
1427157475.988,-39.287056
1427157476.004,-39.620476
1427157476.02,-39.39035
1427157476.035,-38.971554
1427157476.051,-38.63055
1427157476.066,-38.426857
1427157476.082,-38.273453
1427157476.098,-37.990852
1427157476.113,-37.470642
1427157476.129,-36.66723
1427157476.145,-35.64891
1427157476.16,-34.47489
1427157476.176,-33.13035
1427157476.191,-31.499542
1427157476.207,-29.4188
1427157476.223,-26.730564
1427157476.238,-23.348253
1427157476.254,-19.28685
1427157476.27,-14.651307
1427157476.285,-9.588851
1427157476.301,-4.3075476
1427157476.316,0.99262047
1427157476.332,6.109412
1427157476.348,10.927569
1427157476.363,15.419916
1427157476.379,19.690784
1427157476.395,23.92951
1427157476.41,28.360384
1427157476.426,33.194748
1427157476.441,38.633102
1427157476.457,44.81051
1427157476.473,51.65371
1427157476.488,58.72999
1427157476.504,65.11433
1427157476.52,69.456375
1427157476.535,70.37066
1427157476.551,66.913216
1427157476.566,59.052425
1427157476.582,47.771305
1427157476.598,34.75706
1427157476.613,21.784904
1427157476.629,10.140455
1427157476.645,0.32339668
1427157476.66,-7.838524
1427157476.676,-14.801278
1427157476.691,-20.886305
1427157476.707,-26.103088
1427157476.723,-30.159153
1427157476.738,-32.770332
1427157476.754,-33.860325
1427157476.77,-33.71976
1427157476.785,-32.928944
1427157476.801,-32.18094
1427157476.816,-31.990192
1427157476.832,-32.50577
1427157476.848,-33.476067
1427157476.863,-34.392563
1427157476.879,-34.724854
1427157476.895,-34.206978
1427157476.91,-32.916557
1427157476.926,-31.20695
1427157476.941,-29.472498
1427157476.957,-27.903315
1427157476.973,-26.358768
1427157476.988,-24.410278
1427157477.004,-21.576023
1427157477.02,-17.581806
1427157477.035,-12.474754
1427157477.051,-6.658121
1427157477.066,-0.6797924
1427157477.082,4.9660835
1427157477.098,10.035692
1427157477.113,14.557795
1427157477.129,18.820614
1427157477.145,23.191809
1427157477.16,28.050352
1427157477.176,33.663822
1427157477.191,40.194313
1427157477.207,47.588554
1427157477.223,55.471313
1427157477.238,63.047577
1427157477.254,69.09343
1427157477.27,72.200745
1427157477.285,71.192154
1427157477.301,65.568726
1427157477.316,55.77896
1427157477.332,43.104996
1427157477.348,29.26508
1427157477.363,15.854984
1427157477.379,3.907072
1427157477.395,-6.252264
1427157477.41,-14.8190975
1427157477.426,-22.16694
1427157477.441,-28.544653
1427157477.457,-33.94416
1427157477.473,-38.17734
1427157477.488,-41.09841
1427157477.504,-42.733612
1427157477.52,-43.363655
1427157477.535,-43.36843
1427157477.551,-43.101166
1427157477.566,-42.777954
1427157477.582,-42.430878
1427157477.598,-42.039516
1427157477.613,-41.60683
1427157477.629,-41.19494
1427157477.645,-40.886803
1427157477.66,-40.670517
1427157477.676,-40.390144
1427157477.691,-39.733917
1427157477.707,-38.355293
1427157477.723,-36.024597
1427157477.738,-32.71635
1427157477.754,-28.617277
1427157477.77,-24.042852
1427157477.785,-19.245533
1427157477.801,-14.338499
1427157477.816,-9.253687
1427157477.832,-3.8557472
1427157477.848,1.8896465
1427157477.863,7.831703
1427157477.879,13.636318
1427157477.895,18.906498
1427157477.91,23.370943
1427157477.926,27.06024
1427157477.942,30.3156
1427157477.957,33.68028
1427157477.973,37.77394
1427157477.988,43.07288
1427157478.004,49.76946
1427157478.02,57.579933
1427157478.035,65.667175
1427157478.051,72.63166
1427157478.067,76.84315
1427157478.082,76.86336
1427157478.098,71.95777
1427157478.113,62.44258
1427157478.129,49.602913
1427157478.145,35.255104
1427157478.16,21.129549
1427157478.176,8.378901
1427157478.192,-2.607647
1427157478.207,-11.983952
1427157478.223,-20.110212
1427157478.238,-27.188902
1427157478.254,-33.153534
1427157478.27,-37.758034
1427157478.285,-40.768272
1427157478.301,-42.14653
1427157478.317,-42.142815
1427157478.332,-41.2831
1427157478.348,-40.18345
1427157478.363,-39.39575
1427157478.379,-39.212524
1427157478.395,-39.643124
1427157478.41,-40.45679
1427157478.426,-41.359768
1427157478.442,-42.13142
1427157478.457,-42.716038
1427157478.473,-43.118763
1427157478.488,-43.325066
1427157478.504,-43.164177
1427157478.52,-42.332184
1427157478.535,-40.512207
1427157478.551,-37.56138
1427157478.567,-33.607662
1427157478.582,-29.042816
1427157478.598,-24.347023
1427157478.613,-19.949118
1427157478.629,-16.037014
1427157478.645,-12.563606
1427157478.66,-9.319154
1427157478.676,-5.9871864
1427157478.692,-2.2979488
1427157478.707,1.9171281
1427157478.723,6.699255
1427157478.738,11.8899765
1427157478.754,17.1903
1427157478.77,22.231794
1427157478.785,26.721115
1427157478.801,30.549068
1427157478.817,33.91477
1427157478.832,37.259605
1427157478.848,41.1745
1427157478.863,46.201904
1427157478.879,52.665833
1427157478.895,60.45488
1427157478.91,68.91952
1427157478.926,76.83452
1427157478.942,82.56149
1427157478.957,84.44656
1427157478.973,81.363396
1427157478.988,73.12388
1427157479.004,60.677834
1427157479.02,45.83504
1427157479.035,30.649355
1427157479.051,16.767242
1427157479.067,5.0496693
1427157479.082,-4.4859486
1427157479.098,-12.244062
1427157479.113,-18.671432
1427157479.129,-23.949072
1427157479.145,-28.007011
1427157479.16,-30.716278
1427157479.176,-32.117813
1427157479.192,-32.50928
1427157479.207,-32.36387
1427157479.223,-32.17119
1427157479.238,-32.24089
1427157479.254,-32.661938
1427157479.27,-33.34825
1427157479.285,-34.131393
1427157479.301,-34.851933
1427157479.317,-35.412228
1427157479.332,-35.737656
1427157479.348,-35.73372
1427157479.363,-35.299828
1427157479.379,-34.32012
1427157479.395,-32.742294
1427157479.41,-30.561216
1427157479.426,-27.833658
1427157479.442,-24.604778
1427157479.457,-20.907164
1427157479.473,-16.72484
1427157479.488,-12.071125
1427157479.504,-7.019497
1427157479.52,-1.7285404
1427157479.535,3.6081123
1427157479.551,8.7865505
1427157479.567,13.669189
1427157479.582,18.200357
1427157479.598,22.41797
1427157479.613,26.48143
1427157479.629,30.66796
1427157479.645,35.35366
1427157479.66,40.89106
1427157479.676,47.432682
1427157479.692,54.69168
1427157479.707,61.7815
1427157479.723,67.32168
1427157479.738,69.766685
1427157479.754,67.937454
1427157479.77,61.48005
1427157479.785,51.043175
1427157479.801,38.10264
1427157479.817,24.433088
1427157479.832,11.529154
1427157479.848,0.25881958
1427157479.863,-9.210226
1427157479.879,-17.123823
1427157479.895,-23.813103
1427157479.91,-29.389881
1427157479.926,-33.769608
1427157479.942,-36.77
1427157479.957,-38.379475
1427157479.973,-38.851547
1427157479.988,-38.64154
1427157480.004,-38.26565
1427157480.02,-38.088676
1427157480.035,-38.203735
1427157480.051,-38.48662
1427157480.067,-38.699806
1427157480.082,-38.705383
1427157480.098,-38.533615
1427157480.113,-38.34434
1427157480.129,-38.28709
1427157480.145,-38.33556
1427157480.16,-38.198196
1427157480.176,-37.41358
1427157480.192,-35.538246
1427157480.207,-32.366875
1427157480.223,-28.055935
1427157480.238,-23.07172
1427157480.254,-17.999493
1427157480.27,-13.282921
1427157480.285,-9.040066
1427157480.301,-5.034588
1427157480.317,-0.8396225
1427157480.332,3.9420433
1427157480.348,9.446236
1427157480.363,15.4545555
1427157480.379,21.490845
1427157480.395,27.027073
1427157480.41,31.74841
1427157480.426,35.652973
1427157480.442,39.079453
1427157480.457,42.574936
1427157480.473,46.68176
1427157480.488,51.783848
1427157480.504,57.970127
1427157480.52,64.89153
1427157480.535,71.71082
1427157480.551,77.13808
1427157480.567,79.71124
1427157480.582,78.17491
1427157480.598,71.9422
1427157480.614,61.39549
1427157480.629,47.821888
1427157480.645,33.00307
1427157480.66,18.653282
1427157480.676,5.9213676
1427157480.692,-4.802704
1427157480.707,-13.729904
1427157480.723,-21.254349
1427157480.739,-27.611515
1427157480.754,-32.72816
1427157480.77,-36.3806
1427157480.785,-38.441326
1427157480.801,-39.13304
1427157480.817,-38.985844
1427157480.832,-38.709576
1427157480.848,-38.845745
1427157480.864,-39.58004
1427157480.879,-40.702656
1427157480.895,-41.796867
1427157480.91,-42.444347
1427157480.926,-42.473877
1427157480.942,-41.996532
1427157480.957,-41.291824
1427157480.973,-40.659622
1427157480.989,-40.181995
1427157481.004,-39.669975
1427157481.02,-38.72883
1427157481.035,-36.88141
1427157481.051,-33.856014
1427157481.067,-29.686234
1427157481.082,-24.761547
1427157481.098,-19.664543
1427157481.114,-14.950443
1427157481.129,-10.901234
1427157481.145,-7.465969
1427157481.16,-4.2821693
1427157481.176,-0.9100685
1427157481.192,3.0091972
1427157481.207,7.5674133
1427157481.223,12.611271
1427157481.239,17.77687
1427157481.254,22.664494
1427157481.27,26.947159
1427157481.285,30.515942
1427157481.301,33.485947
1427157481.317,36.21826
1427157481.332,39.1938
1427157481.348,42.89804
1427157481.364,47.735207
1427157481.379,53.820858
1427157481.395,60.818047
1427157481.41,67.849976
1427157481.426,73.53787
1427157481.442,76.30906
1427157481.457,74.88866
1427157481.473,68.793915
1427157481.489,58.574837
1427157481.504,45.731613
1427157481.52,32.148956
1427157481.535,19.4837
1427157481.551,8.676598
1427157481.567,-0.14633942
1427157481.582,-7.4037247
1427157481.598,-13.598351
1427157481.614,-18.989426
1427157481.629,-23.525406
1427157481.645,-26.992607
1427157481.66,-29.257507
1427157481.676,-30.421188
1427157481.692,-30.813564
1427157481.707,-30.871387
1427157481.723,-30.998528
1427157481.739,-31.418934
1427157481.754,-32.151237
1427157481.77,-33.06105
1427157481.785,-33.912292
1427157481.801,-34.53911
1427157481.817,-34.836765
1427157481.832,-34.799915
1427157481.848,-34.423923
1427157481.864,-33.617474
1427157481.879,-32.172337
1427157481.895,-29.905941
1427157481.91,-26.803322
1427157481.926,-23.053905
1427157481.942,-19.06789
1427157481.957,-15.222885
1427157481.973,-11.683098
1427157481.989,-8.308697
1427157482.004,-4.7853584
1427157482.02,-0.81147766
1427157482.035,3.6887016
1427157482.051,8.535301
1427157482.067,13.430336
1427157482.082,18.134075
1427157482.098,22.576717
1427157482.114,26.898434
1427157482.129,31.348785
1427157482.145,36.21332
1427157482.16,41.766644
1427157482.176,48.086388
1427157482.192,54.92593
1427157482.207,61.533367
1427157482.223,66.67348
1427157482.239,68.92221
1427157482.254,67.132
1427157482.27,60.907772
1427157482.285,50.829456
1427157482.301,38.262028
1427157482.317,24.887257
1427157482.332,12.165535
1427157482.348,0.95573425
1427157482.364,-8.530457
1427157482.379,-16.438534
1427157482.395,-22.994537
1427157482.41,-28.322876
1427157482.426,-32.3938
1427157482.442,-35.16145
1427157482.457,-36.74398
1427157482.473,-37.43655
1427157482.489,-37.68056
1427157482.504,-37.89956
1427157482.52,-38.37624
1427157482.535,-39.150497
1427157482.551,-40.08497
1427157482.567,-40.929626
1427157482.582,-41.503025
1427157482.598,-41.7489
1427157482.614,-41.734478
1427157482.629,-41.52565
1427157482.645,-41.1428
1427157482.66,-40.43838
1427157482.676,-39.16116
1427157482.692,-37.025803
1427157482.707,-33.87759
1427157482.723,-29.788918
1427157482.739,-25.094963
1427157482.754,-20.257977
1427157482.77,-15.697002
1427157482.785,-11.603466
1427157482.801,-7.8335876
1427157482.817,-3.9853745
1427157482.832,0.36544418
1427157482.848,5.451622
1427157482.864,11.151043
1427157482.879,17.059467
1427157482.895,22.655743
1427157482.91,27.58636
1427157482.926,31.78054
1427157482.942,35.51701
1427157482.957,39.28
1427157482.973,43.63027
1427157482.989,49.0377
1427157483.004,55.695995
1427157483.02,63.33096
1427157483.035,71.095474
1427157483.051,77.60028
1427157483.067,81.17088
1427157483.082,80.39976
1427157483.098,74.636734
1427157483.114,64.301186
1427157483.129,50.808163
1427157483.145,36.030556
1427157483.16,21.703629
1427157483.176,8.9225445
1427157483.192,-1.9919701
1427157483.207,-11.2441845
1427157483.223,-19.175653
1427157483.239,-25.943298
1427157483.254,-31.464836
1427157483.27,-35.571495
1427157483.286,-38.236755
1427157483.301,-39.720737
1427157483.317,-40.499405
1427157483.332,-41.085236
1427157483.348,-41.801846
1427157483.364,-42.68161
1427157483.379,-43.506226
1427157483.395,-43.994926
1427157483.411,-43.97566
1427157483.426,-43.524643
1427157483.442,-42.89321
1427157483.457,-42.365547
1427157483.473,-42.05301
1427157483.489,-41.7995
1427157483.504,-41.19081
1427157483.52,-39.75967
1427157483.536,-37.16255
1427157483.551,-33.35916
1427157483.567,-28.630974
1427157483.582,-23.522003
1427157483.598,-18.620125
1427157483.614,-14.337355
1427157483.629,-10.732563
1427157483.645,-7.533285
1427157483.661,-4.251919
1427157483.676,-0.41899872
1427157483.692,4.1667213
1427157483.707,9.359255
1427157483.723,14.776993
1427157483.739,20.013578
1427157483.754,24.833227
1427157483.77,29.23286
1427157483.786,33.426636
1427157483.801,37.702553
1427157483.817,42.359505
1427157483.832,47.675766
1427157483.848,53.881927
1427157483.864,60.99955
1427157483.879,68.65132
1427157483.895,75.83981
1427157483.911,81.04491
1427157483.926,82.61371
1427157483.942,79.347
1427157483.957,71.03317
1427157483.973,58.64023
1427157483.989,43.969376
1427157484.004,29.050808
1427157484.02,15.47842
1427157484.036,4.0151844
1427157484.051,-5.4030895
1427157484.067,-13.244236
1427157484.082,-20.007017
1427157484.098,-25.872665
1427157484.114,-30.684048
1427157484.129,-34.119316
1427157484.145,-36.01312
1427157484.161,-36.553314
1427157484.176,-36.270912
1427157484.192,-35.862854
1427157484.207,-35.90538
1427157484.223,-36.56339
1427157484.239,-37.6066
1427157484.254,-38.55195
1427157484.27,-38.955864
1427157484.286,-38.609306
1427157484.301,-37.574703
1427157484.317,-36.064796
1427157484.332,-34.293724
1427157484.348,-32.342705
1427157484.364,-30.178509
1427157484.379,-27.699646
1427157484.395,-24.826176
1427157484.411,-21.499504
1427157484.426,-17.707226
1427157484.442,-13.473843
1427157484.457,-8.871405
1427157484.473,-4.0408344
1427157484.489,0.8149866
1427157484.504,5.5128865
1427157484.52,9.940124
1427157484.536,14.127752
1427157484.551,18.202417
1427157484.567,22.394966
1427157484.582,26.992697
1427157484.598,32.31292
1427157484.614,38.57044
1427157484.629,45.691624
1427157484.645,53.073574
1427157484.661,59.520046
1427157484.676,63.48655
1427157484.692,63.552475
1427157484.707,58.93903
1427157484.723,49.917267
1427157484.739,37.719288
1427157484.754,24.128956
1427157484.77,10.834125
1427157484.786,-1.0210476
1427157484.801,-11.054372
1427157484.817,-19.397099
1427157484.832,-26.378157
1427157484.848,-32.18077
1427157484.864,-36.7499
1427157484.879,-39.92642
1427157484.895,-41.638245
1427157484.911,-42.085228
1427157484.926,-41.723824
1427157484.942,-41.17226
1427157484.957,-40.964752
1427157484.973,-41.365578
1427157484.989,-42.33949
1427157485.004,-43.562912
1427157485.02,-44.59942
1427157485.036,-45.061386
1427157485.051,-44.748833
1427157485.067,-43.665993
1427157485.082,-41.985664
1427157485.098,-39.953186
1427157485.114,-37.743748
1427157485.129,-35.4122
1427157485.145,-32.86716
1427157485.161,-29.92436
1427157485.176,-26.39317
1427157485.192,-22.125399
1427157485.207,-17.140059
1427157485.223,-11.571769
1427157485.239,-5.6781573
1427157485.254,0.2550966
1427157485.27,5.956456
1427157485.286,11.276356
1427157485.301,16.219181
1427157485.317,20.955761
1427157485.332,25.809229
1427157485.348,31.208004
1427157485.364,37.482735
1427157485.379,44.63152
1427157485.395,52.09008
1427157485.411,58.652946
1427157485.426,62.678474
1427157485.442,62.568382
1427157485.457,57.34852
1427157485.473,47.145164
1427157485.489,33.186096
1427157485.504,17.440239
1427157485.52,1.9393444
1427157485.536,-11.798462
1427157485.551,-23.124401
1427157485.567,-32.053696
1427157485.582,-38.97235
1427157485.598,-44.228985
1427157485.614,-47.970104
1427157485.629,-50.195526
1427157485.645,-50.90162
1427157485.661,-50.25659
1427157485.676,-48.56487
1427157485.692,-46.233788
1427157485.707,-43.631912
1427157485.723,-41.05133
1427157485.739,-38.662457
1427157485.754,-36.55622
1427157485.77,-34.70705
1427157485.786,-32.975616
1427157485.801,-31.13369
1427157485.817,-28.885853
1427157485.832,-26.020466
1427157485.848,-22.441284
1427157485.864,-18.248573
1427157485.879,-13.679436
1427157485.895,-8.998856
1427157485.911,-4.359192
1427157485.926,0.24178314
1427157485.942,4.9483185
1427157485.958,9.937019
1427157485.973,15.262054
1427157485.989,20.808495
1427157486.004,26.326118
1427157486.02,31.546616
1427157486.036,36.30285
1427157486.051,40.57464
1427157486.067,44.507942
1427157486.082,48.30082
1427157486.098,52.18454
1427157486.114,56.383896
1427157486.129,61.181763
1427157486.145,66.77259
1427157486.161,73.14255
1427157486.176,79.80077
1427157486.192,85.674774
1427157486.208,89.202896
1427157486.223,88.80866
1427157486.239,83.51152
1427157486.254,73.355515
1427157486.27,59.53209
1427157486.286,43.95092
1427157486.301,28.576416
1427157486.317,14.792343
1427157486.333,3.093895
1427157486.348,-6.7452545
1427157486.364,-15.207245
1427157486.379,-22.616379
1427157486.395,-28.943382
1427157486.411,-33.941086
1427157486.426,-37.345993
1427157486.442,-39.19055
1427157486.458,-39.788887
1427157486.473,-39.634995
1427157486.489,-39.20665
1427157486.504,-38.76068
1427157486.52,-38.27131
1427157486.536,-37.527504
1427157486.551,-36.25454
1427157486.567,-34.277054
1427157486.583,-31.613594
1427157486.598,-28.44651
1427157486.614,-25.057854
1427157486.629,-21.630249
1427157486.645,-18.180298
1427157486.661,-14.525581
1427157486.676,-10.381577
1427157486.692,-5.4934235
1427157486.708,0.2247467
1427157486.723,6.6282806
1427157486.739,13.375099
1427157486.754,20.040695
1427157486.77,26.229439
1427157486.786,31.751083
1427157486.801,36.63877
1427157486.817,41.2106
1427157486.833,45.932396
1427157486.848,51.32247
1427157486.864,57.765137
1427157486.879,65.47421
1427157486.895,74.364006
1427157486.911,83.964935
1427157486.926,93.37707
1427157486.942,101.24715
1427157486.958,105.96253
1427157486.973,106.02231
1427157486.989,100.567024
1427157487.004,89.77416
1427157487.02,74.91364
1427157487.036,57.98404
1427157487.051,41.05403
1427157487.067,25.63501
1427157487.083,12.354172
1427157487.098,1.1059074
1427157487.114,-8.51165
1427157487.129,-16.767387
1427157487.145,-23.561981
1427157487.161,-28.618408
1427157487.176,-31.77803
1427157487.192,-33.299652
1427157487.208,-33.871902
1427157487.223,-34.38839
1427157487.239,-35.508575
1427157487.254,-37.40416
1427157487.27,-39.720104
1427157487.286,-41.745052
1427157487.301,-42.81768
1427157487.317,-42.61625
1427157487.333,-41.315273
1427157487.348,-39.416706
1427157487.364,-37.50864
1427157487.379,-35.900444
1427157487.395,-34.493095
1427157487.411,-32.794815
1427157487.426,-30.21997
1427157487.442,-26.384142
1427157487.458,-21.321295
1427157487.473,-15.503304
1427157487.489,-9.638252
1427157487.504,-4.3270035
1427157487.52,0.15975952
1427157487.536,4.0327797
1427157487.551,7.8243484
1427157487.567,12.190338
1427157487.583,17.665161
1427157487.598,24.550915
1427157487.614,32.815224
1427157487.629,42.094406
1427157487.645,51.621353
1427157487.661,60.21897
1427157487.676,66.399536
1427157487.692,68.73057
1427157487.708,66.240555
1427157487.723,58.803574
1427157487.739,47.289734
1427157487.754,33.313408
1427157487.77,18.683754
1427157487.786,4.8818665
1427157487.801,-7.335678
1427157487.817,-17.861557
1427157487.833,-26.98793
1427157487.848,-34.974373
1427157487.864,-41.85746
1427157487.879,-47.40306
1427157487.895,-51.372627
1427157487.911,-53.727684
1427157487.926,-54.746063
1427157487.942,-54.962997
1427157487.958,-54.954636
1427157487.973,-55.12018
1427157487.989,-55.596252
1427157488.004,-56.25392
1427157488.02,-56.904755
1427157488.036,-57.348877
1427157488.051,-57.51773
1427157488.067,-57.372818
1427157488.083,-56.892563
1427157488.098,-55.93538
1427157488.114,-54.302536
1427157488.129,-51.796783
1427157488.145,-48.34085
1427157488.161,-44.058365
1427157488.176,-39.294205
1427157488.192,-34.47609
1427157488.208,-29.958847
1427157488.223,-25.823273
1427157488.239,-21.83844
1427157488.254,-17.524063
1427157488.27,-12.415344
1427157488.286,-6.2790985
1427157488.301,0.6770325
1427157488.317,7.9331665
1427157488.333,14.811768
1427157488.348,20.828491
1427157488.364,25.863602
1427157488.379,30.2388
1427157488.395,34.585907
1427157488.411,39.66887
1427157488.426,46.170135
1427157488.442,54.451355
1427157488.458,64.29849
1427157488.473,74.787506
1427157488.489,84.22839
1427157488.504,90.544205
1427157488.52,91.844376
1427157488.536,87.09677
1427157488.551,76.5459
1427157488.567,61.67679
1427157488.583,44.669098
1427157488.598,27.664642
1427157488.614,12.107758
1427157488.629,-1.4575043
1427157488.645,-13.219727
1427157488.661,-23.632034
1427157488.676,-32.9765
1427157488.692,-41.17566
1427157488.708,-47.92073
1427157488.723,-52.924988
1427157488.739,-56.196503
1427157488.754,-58.143692
1427157488.77,-59.398697
1427157488.786,-60.57794
1427157488.801,-62.002518
1427157488.817,-63.58081
1427157488.833,-64.935455
1427157488.848,-65.65355
1427157488.864,-65.54199
1427157488.88,-64.68692
1427157488.895,-63.41768
1427157488.911,-62.0459
1427157488.926,-60.708008
1427157488.942,-59.227814
1427157488.958,-57.26497
1427157488.973,-54.448227
1427157488.989,-50.60829
1427157489.005,-45.81198
1427157489.02,-40.37004
1427157489.036,-34.65663
1427157489.051,-29.041061
1427157489.067,-23.781555
1427157489.083,-18.958847
1427157489.098,-14.458313
1427157489.114,-10.01152
1427157489.13,-5.2728577
1427157489.145,0.051818848
1427157489.161,6.076584
1427157489.176,12.616501
1427157489.192,19.242783
1427157489.208,25.40158
1427157489.223,30.661087
1427157489.239,34.87961
1427157489.255,38.308655
1427157489.27,41.515747
1427157489.286,45.201126
1427157489.301,49.980774
1427157489.317,56.246964
1427157489.333,63.975372
1427157489.348,72.62007
1427157489.364,81.005356
1427157489.38,87.44687
1427157489.395,90.12076
1427157489.411,87.598404
1427157489.426,79.40172
1427157489.442,66.28894
1427157489.458,50.014297
1427157489.473,32.801804
1427157489.489,16.618256
1427157489.505,2.6544647
1427157489.52,-8.798843
1427157489.536,-18.04683
1427157489.551,-25.590027
1427157489.567,-31.716171
1427157489.583,-36.430176
1427157489.598,-39.60666
1427157489.614,-41.240494
1427157489.63,-41.619965
1427157489.645,-41.356445
1427157489.661,-41.11084
1427157489.676,-41.348755
1427157489.692,-42.171616
1427157489.708,-43.336014
1427157489.723,-44.426834
1427157489.739,-45.17491
1427157489.755,-45.543808
1427157489.77,-45.717636
1427157489.786,-45.873535
1427157489.801,-45.99797
1427157489.817,-45.79004
1427157489.833,-44.798286
1427157489.848,-42.617477
1427157489.864,-39.135117
1427157489.88,-34.608276
1427157489.895,-29.553314
1427157489.911,-24.528992
1427157489.926,-19.910767
1427157489.942,-15.700233
1427157489.958,-11.607384
1427157489.973,-7.178772
1427157489.989,-2.0530243
1427157490.005,3.843605
1427157490.02,10.199272
1427157490.036,16.479996
1427157490.051,22.10897
1427157490.067,26.783318
1427157490.083,30.595642
1427157490.098,34.039787
1427157490.114,37.82094
1427157490.13,42.698814
1427157490.145,49.159256
1427157490.161,57.179085
1427157490.176,66.0623
1427157490.192,74.410416
1427157490.208,80.36612
1427157490.223,82.14489
1427157490.239,78.6602
1427157490.255,69.934235
1427157490.27,57.12094
1427157490.286,42.121613
1427157490.301,26.877716
1427157490.317,12.802956
1427157490.333,0.50748444
1427157490.348,-9.996674
1427157490.364,-18.964836
1427157490.38,-26.498055
1427157490.395,-32.51198
1427157490.411,-36.804283
1427157490.426,-39.336716
1427157490.442,-40.35592
1427157490.458,-40.40129
1427157490.473,-40.08049
1427157490.489,-39.863396
1427157490.505,-39.913185
1427157490.52,-40.08873
1427157490.536,-40.073036
1427157490.551,-39.615974
1427157490.567,-38.706192
1427157490.583,-37.573627
1427157490.598,-36.58454
1427157490.614,-36.057373
1427157490.63,-36.017834
1427157490.645,-36.15731
1427157490.661,-35.916416
1427157490.676,-34.73364
1427157490.692,-32.251183
1427157490.708,-28.530777
1427157490.723,-24.010181
1427157490.739,-19.369946
1427157490.755,-15.156113
1427157490.77,-11.606705
1427157490.786,-8.4869995
1427157490.801,-5.265896
1427157490.817,-1.3216553
1427157490.833,3.6730995
1427157490.848,9.606201
1427157490.864,15.980534
1427157490.88,22.169506
1427157490.895,27.65939
1427157490.911,32.29379
1427157490.926,36.245815
1427157490.942,39.932472
1427157490.958,43.862198
1427157490.973,48.53485
1427157490.989,54.34024
1427157491.005,61.46128
1427157491.02,69.55736
1427157491.036,77.63651
1427157491.051,84.04667
1427157491.067,86.891235
1427157491.083,84.6492
1427157491.098,76.85614
1427157491.114,64.34182
1427157491.13,48.998993
1427157491.145,33.08414
1427157491.161,18.43523
1427157491.176,5.9731903
1427157491.192,-4.2943845
1427157491.208,-12.869066
1427157491.223,-20.255733
1427157491.239,-26.601385
1427157491.255,-31.718185
1427157491.27,-35.35573
1427157491.286,-37.47616
1427157491.301,-38.40159
1427157491.317,-38.68892
1427157491.333,-38.90552
1427157491.348,-39.369316
1427157491.364,-40.107292
1427157491.38,-40.893845
1427157491.395,-41.459442
1427157491.411,-41.658787
1427157491.426,-41.534767
1427157491.442,-41.282207
1427157491.458,-41.112617
1427157491.473,-41.094097
1427157491.489,-41.081493
1427157491.505,-40.723915
1427157491.52,-39.568237
1427157491.536,-37.265327
1427157491.552,-33.738556
1427157491.567,-29.229813
1427157491.583,-24.237797
1427157491.598,-19.324963
1427157491.614,-14.887308
1427157491.63,-10.957468
1427157491.645,-7.2923965
1427157491.661,-3.4427853
1427157491.677,0.96494484
1427157491.692,6.0792484
1427157491.708,11.756884
1427157491.723,17.615068
1427157491.739,23.172237
1427157491.755,28.068321
1427157491.77,32.15265
1427157491.786,35.556038
1427157491.802,38.66585
1427157491.817,42.028477
1427157491.833,46.22241
1427157491.848,51.704624
1427157491.864,58.583748
1427157491.88,66.422226
1427157491.895,74.136734
1427157491.911,80.11869
1427157491.927,82.60635
1427157491.942,80.282974
1427157491.958,72.756744
1427157491.973,60.78064
1427157491.989,46.028214
1427157492.005,30.53836
1427157492.02,16.032314
1427157492.036,3.532467
1427157492.052,-6.7314377
1427157492.067,-15.044086
1427157492.083,-21.796806
1427157492.098,-27.189304
1427157492.114,-31.191456
1427157492.13,-33.663578
1427157492.145,-34.619503
1427157492.161,-34.318436
1427157492.177,-33.2737
1427157492.192,-32.056973
1427157492.208,-31.112183
1427157492.223,-30.614819
1427157492.239,-30.475372
1427157492.255,-30.46732
1427157492.27,-30.359718
1427157492.286,-30.055218
1427157492.302,-29.541748
1427157492.317,-28.837654
1427157492.333,-27.912567
1427157492.348,-26.68052
1427157492.364,-25.031044
1427157492.38,-22.89323
1427157492.395,-20.310589
1427157492.411,-17.371391
1427157492.427,-14.153709
1427157492.442,-10.675938
1427157492.458,-6.885067
1427157492.473,-2.7267075
1427157492.489,1.7968102
1427157492.505,6.5984497
1427157492.52,11.509335
1427157492.536,16.359386
1427157492.552,20.989689
1427157492.567,25.332577
1427157492.583,29.425694
1427157492.598,33.455547
1427157492.614,37.748795
1427157492.63,42.691174
1427157492.645,48.54781
1427157492.661,55.202534
1427157492.677,61.939205
1427157492.692,67.43563
1427157492.708,70.06296
1427157492.723,68.45476
1427157492.739,62.032127
1427157492.755,51.352844
1427157492.77,37.939896
1427157492.786,23.75499
1427157492.802,10.530056
1427157492.817,-0.71580887
1427157492.833,-9.776043
1427157492.848,-16.985622
1427157492.864,-22.808037
1427157492.88,-27.479092
1427157492.895,-30.978645
1427157492.911,-33.155067
1427157492.927,-33.992428
1427157492.942,-33.759373
1427157492.958,-32.976795
1427157492.973,-32.25008
1427157492.989,-32.052197
1427157493.005,-32.52059
1427157493.02,-33.453487
1427157493.036,-34.368652
1427157493.052,-34.75726
1427157493.067,-34.291336
1427157493.083,-32.96991
1427157493.098,-31.088387
1427157493.114,-29.084251
1427157493.13,-27.274296
1427157493.145,-25.677563
1427157493.161,-23.96679
1427157493.177,-21.636608
1427157493.192,-18.2524
1427157493.208,-13.680428
1427157493.223,-8.185173
1427157493.239,-2.3281631
1427157493.255,3.3264542
1427157493.27,8.365826
1427157493.286,12.738323
1427157493.302,16.686058
1427157493.317,20.61642
1427157493.333,24.917118
1427157493.348,29.871712
1427157493.364,35.662605
1427157493.38,42.40962
1427157493.395,50.06854
1427157493.411,58.273796
1427157493.427,66.14997
1427157493.442,72.33234
1427157493.458,75.23977
1427157493.473,73.64783
1427157493.489,67.17636
1427157493.505,56.544632
1427157493.52,43.336216
1427157493.536,29.470524
1427157493.552,16.523777
1427157493.567,5.340065
1427157493.583,-4.008625
1427157493.598,-11.888138
1427157493.614,-18.709518
1427157493.63,-24.626186
1427157493.645,-29.534882
1427157493.661,-33.239082
1427157493.677,-35.6667
1427157493.692,-36.993614
1427157493.708,-37.561085
1427157493.723,-37.76255
1427157493.739,-37.882893
1427157493.755,-38.009438
1427157493.77,-38.11059
1427157493.786,-38.09919
1427157493.802,-37.97911
1427157493.817,-37.822094
1427157493.833,-37.715855
1427157493.848,-37.634453
1427157493.864,-37.406696
1427157493.88,-36.723698
1427157493.895,-35.29779
1427157493.911,-32.986107
1427157493.927,-29.861645
1427157493.942,-26.146564
1427157493.958,-22.075073
1427157493.973,-17.749828
1427157493.989,-13.1263275
1427157494.005,-8.068703
1427157494.02,-2.5073357
1427157494.036,3.4927292
1427157494.052,9.673626
1427157494.067,15.723734
1427157494.083,21.377083
1427157494.098,26.547028
1427157494.114,31.336487
1427157494.13,36.027817
1427157494.145,41.00918
1427157494.161,46.734406
1427157494.177,53.503414
1427157494.192,61.292824
1427157494.208,69.4966
1427157494.224,76.87553
1427157494.239,81.72857
1427157494.255,82.45811
1427157494.27,78.13935
1427157494.286,68.95772
1427157494.302,56.181515
1427157494.317,41.700047
1427157494.333,27.347942
1427157494.349,14.348562
1427157494.364,3.0941162
1427157494.38,-6.6067505
1427157494.395,-15.132978
1427157494.411,-22.658213
1427157494.427,-29.082407
1427157494.442,-34.13196
1427157494.458,-37.656815
1427157494.474,-39.749325
1427157494.489,-40.831223
1427157494.505,-41.396637
1427157494.52,-41.881897
1427157494.536,-42.450844
1427157494.552,-43.011684
1427157494.567,-43.334946
1427157494.583,-43.23284
1427157494.599,-42.73008
1427157494.614,-42.02756
1427157494.63,-41.393013
1427157494.645,-40.945152
1427157494.661,-40.548973
1427157494.677,-39.835472
1427157494.692,-38.408245
1427157494.708,-36.0588
1427157494.724,-32.858227
1427157494.739,-29.153904
1427157494.755,-25.317034
1427157494.77,-21.574562
1427157494.786,-17.827597
1427157494.802,-13.776555
1427157494.817,-9.051886
1427157494.833,-3.519802
1427157494.849,2.6678154
1427157494.864,9.06251
1427157494.88,15.147619
1427157494.895,20.56356
1427157494.911,25.258251
1427157494.927,29.522871
1427157494.942,33.893627
1427157494.958,38.94562
1427157494.974,45.172783
1427157494.989,52.715706
1427157495.005,61.234383
1427157495.02,69.74631
1427157495.036,76.73794
1427157495.052,80.45851
1427157495.067,79.505806
1427157495.083,73.33626
1427157495.099,62.549416
1427157495.114,48.72792
1427157495.13,33.88452
1427157495.145,19.78718
1427157495.161,7.474903
1427157495.177,-2.8395786
1427157495.192,-11.464445
1427157495.208,-18.84251
1427157495.224,-25.187988
1427157495.239,-30.42199
1427157495.255,-34.325058
1427157495.27,-36.78803
1427157495.286,-37.942
1427157495.302,-38.20751
1427157495.317,-38.111736
1427157495.333,-38.133133
1427157495.349,-38.509766
1427157495.364,-39.23943
1427157495.38,-40.148495
1427157495.395,-40.983658
1427157495.411,-41.544685
1427157495.427,-41.726402
1427157495.442,-41.450066
1427157495.458,-40.66929
1427157495.474,-39.310905
1427157495.489,-37.311882
1427157495.505,-34.664497
1427157495.52,-31.430073
1427157495.536,-27.692162
1427157495.552,-23.550367
1427157495.567,-19.007454
1427157495.583,-14.051983
1427157495.599,-8.685223
1427157495.614,-3.0143623
1427157495.63,2.7481918
1427157495.645,8.335915
1427157495.661,13.556206
1427157495.677,18.334965
1427157495.692,22.830326
1427157495.708,27.345951
1427157495.724,32.29707
1427157495.739,38.098824
1427157495.755,45.044052
1427157495.77,53.108864
1427157495.786,61.771545
1427157495.802,69.91495
1427157495.817,75.98372
1427157495.833,78.35085
1427157495.849,75.909645
1427157495.864,68.48738
1427157495.88,56.976456
1427157495.895,43.006084
1427157495.911,28.390083
1427157495.927,14.52914
1427157495.942,2.14423
1427157495.958,-8.7066
1427157495.974,-18.224651
1427157495.989,-26.575005
1427157496.005,-33.686844
1427157496.02,-39.341892
1427157496.036,-43.351692
1427157496.052,-45.76541
1427157496.067,-46.926174
1427157496.083,-47.362064
1427157496.099,-47.59165
1427157496.114,-47.93141
1427157496.13,-48.42743
1427157496.145,-48.857693
1427157496.161,-48.92345
1427157496.177,-48.43427
1427157496.192,-47.431774
1427157496.208,-46.1869
1427157496.224,-45.00636
1427157496.239,-44.037376
1427157496.255,-43.092373
1427157496.27,-41.72142
1427157496.286,-39.40911
1427157496.302,-35.912735
1427157496.317,-31.357307
1427157496.333,-26.278854
1427157496.349,-21.307503
1427157496.364,-16.884872
1427157496.38,-13.030937
1427157496.395,-9.367619
1427157496.411,-5.3119698
1427157496.427,-0.4159851
1427157496.442,5.3885574
1427157496.458,11.749626
1427157496.474,18.06628
1427157496.489,23.77686
1427157496.505,28.594318
1427157496.52,32.597317
1427157496.536,36.191753
1427157496.552,39.926125
1427157496.567,44.371925
1427157496.583,50.0118
1427157496.599,57.142517
1427157496.614,65.65921
1427157496.63,74.91158
1427157496.645,83.568474
1427157496.661,89.83894
1427157496.677,91.91733
1427157496.692,88.618286
1427157496.708,79.854004
1427157496.724,66.71358
1427157496.739,51.085804
1427157496.755,34.992012
1427157496.77,19.966087
1427157496.786,6.7493515
1427157496.802,-4.6497993
1427157496.817,-14.568836
1427157496.833,-23.360176
1427157496.849,-31.127384
1427157496.864,-37.747036
1427157496.88,-42.970093
1427157496.896,-46.66776
1427157496.911,-48.903656
1427157496.927,-49.97977
1427157496.942,-50.35584
1427157496.958,-50.498684
1427157496.974,-50.74662
1427157496.989,-51.225742
1427157497.005,-51.851288
1427157497.02,-52.44148
1427157497.036,-52.8042
1427157497.052,-52.822098
1427157497.067,-52.44774
1427157497.083,-51.681683
1427157497.099,-50.507824
1427157497.114,-48.923878
1427157497.13,-46.88788
1427157497.146,-44.409405
1427157497.161,-41.44664
1427157497.177,-37.999847
1427157497.192,-34.08409
1427157497.208,-29.788136
1427157497.224,-25.290562
1427157497.239,-20.839443
1427157497.255,-16.655796
1427157497.271,-12.82061
1427157497.286,-9.180698
1427157497.302,-5.4252853
1427157497.317,-1.202261
1427157497.333,3.708807
1427157497.349,9.29167
1427157497.364,15.235994
1427157497.38,21.101105
1427157497.396,26.466988
1427157497.411,31.139668
1427157497.427,35.1701
1427157497.442,38.873947
1427157497.458,42.715317
1427157497.474,47.16507
1427157497.489,52.628685
1427157497.505,59.349316
1427157497.521,67.270195
1427157497.536,75.89657
1427157497.552,84.1454
1427157497.567,90.43682
1427157497.583,93.01883
1427157497.599,90.55633
1427157497.614,82.61531
1427157497.63,69.97206
1427157497.646,54.352207
1427157497.661,37.918766
1427157497.677,22.481775
1427157497.692,9.068279
1427157497.708,-2.228632
1427157497.724,-11.875092
1427157497.739,-20.41314
1427157497.755,-28.06871
1427157497.771,-34.65742
1427157497.786,-39.78484
1427157497.802,-43.16488
1427157497.817,-44.83892
1427157497.833,-45.240417
1427157497.849,-44.98471
1427157497.864,-44.6229
1427157497.88,-44.46559
1427157497.896,-44.526356
1427157497.911,-44.585144
1427157497.927,-44.47532
1427157497.942,-44.148117
1427157497.958,-43.708984
1427157497.974,-43.303
1427157497.989,-42.977955
1427157498.005,-42.560318
1427157498.021,-41.76866
1427157498.036,-40.264145
1427157498.052,-37.84984
1427157498.067,-34.574074
1427157498.083,-30.684488
1427157498.099,-26.533443
1427157498.114,-22.502829
1427157498.13,-18.832922
1427157498.146,-15.5609255
1427157498.161,-12.499779
1427157498.177,-9.299118
1427157498.192,-5.5459647
1427157498.208,-0.96905994
1427157498.224,4.416895
1427157498.239,10.288176
1427157498.255,16.117405
1427157498.271,21.376537
1427157498.286,25.814054
1427157498.302,29.511354
1427157498.317,32.87053
1427157498.333,36.439564
1427157498.349,40.732872
1427157498.364,46.164944
1427157498.38,52.887566
1427157498.396,60.671696
1427157498.411,68.76056
1427157498.427,75.786644
1427157498.442,80.050026
1427157498.458,79.94494
1427157498.474,74.66375
1427157498.489,64.55133
1427157498.505,51.076126
1427157498.521,36.2745
1427157498.536,22.078876
1427157498.552,9.685693
1427157498.567,-0.55337715
1427157498.583,-8.916113
1427157498.599,-15.833978
1427157498.614,-21.55178
1427157498.63,-26.07698
1427157498.646,-29.28153
1427157498.661,-31.16111
1427157498.677,-31.946033
1427157498.692,-32.10678
1427157498.708,-32.173862
1427157498.724,-32.56982
1427157498.739,-33.463863
1427157498.755,-34.695137
1427157498.771,-35.89099
1427157498.786,-36.610004
1427157498.802,-36.58704
1427157498.817,-35.796764
1427157498.833,-34.499638
1427157498.849,-33.036396
1427157498.864,-31.639923
1427157498.88,-30.272469
1427157498.896,-28.652422
1427157498.911,-26.366535
1427157498.927,-23.082516
1427157498.942,-18.688963
1427157498.958,-13.376824
1427157498.974,-7.563425
1427157498.989,-1.7320528
1427157499.005,3.7289314
1427157499.021,8.620523
1427157499.036,13.037821
1427157499.052,17.222652
1427157499.067,21.513762
1427157499.083,26.168869
1427157499.099,31.401653
1427157499.114,37.34356
1427157499.13,44.055214
1427157499.146,51.387646
1427157499.161,58.807575
1427157499.177,65.26497
1427157499.192,69.34018
1427157499.208,69.61974
1427157499.224,65.24526
1427157499.239,56.334938
1427157499.255,44.012318
1427157499.271,30.04864
1427157499.286,16.223854
1427157499.302,3.7140417
1427157499.317,-7.0814314
1427157499.333,-16.418499
1427157499.349,-24.709578
1427157499.364,-32.19026
1427157499.38,-38.732323
1427157499.396,-43.99879
1427157499.411,-47.693504
1427157499.427,-49.77331
1427157499.442,-50.488434
1427157499.458,-50.27231
1427157499.474,-49.588936
1427157499.489,-48.800343
1427157499.505,-48.08988
1427157499.521,-47.47084
1427157499.536,-46.803566
1427157499.552,-45.87035
1427157499.568,-44.40979
1427157499.583,-42.23897
1427157499.599,-39.303917
1427157499.614,-35.70845
1427157499.63,-31.705492
1427157499.646,-27.560022
1427157499.661,-23.410189
1427157499.677,-19.273836
1427157499.692,-15.018965
1427157499.708,-10.504328
1427157499.724,-5.659416
1427157499.739,-0.54816055
1427157499.755,4.6889973
1427157499.771,9.821087
1427157499.786,14.699263
1427157499.802,19.237476
1427157499.818,23.483526
1427157499.833,27.566774
1427157499.849,31.721638
1427157499.864,36.21667
1427157499.88,41.373875
1427157499.896,47.491783
1427157499.911,54.695007
1427157499.927,62.74079
1427157499.943,70.80599
1427157499.958,77.522095
1427157499.974,81.24083
1427157499.989,80.55803
1427157500.005,74.87584
1427157500.021,64.70535
1427157500.036,51.62069
1427157500.052,37.721027
1427157500.068,24.948986
1427157500.083,14.500282
1427157500.099,6.556095
1427157500.114,0.4988327
1427157500.13,-4.5539894
1427157500.146,-9.281345
1427157500.161,-13.804729
1427157500.177,-17.857063
1427157500.193,-21.154392
1427157500.208,-23.860558
1427157500.224,-26.634064
1427157500.239,-30.422482
1427157500.255,-35.880074
1427157500.271,-42.91978
1427157500.286,-50.622543
1427157500.302,-57.632317
1427157500.318,-62.726215
1427157500.333,-65.3817
1427157500.349,-65.83003
1427157500.364,-64.77446
1427157500.38,-62.85168
1427157500.396,-60.35384
1427157500.411,-57.160755
1427157500.427,-53.006027
1427157500.443,-47.781548
1427157500.458,-41.700905
1427157500.474,-35.214878
1427157500.489,-28.82611
1427157500.505,-22.857517
1427157500.521,-17.440987
1427157500.536,-12.523163
1427157500.552,-7.9976044
1427157500.568,-3.7790337
1427157500.583,0.11929703
1427157500.599,3.6525002
1427157500.614,6.7863503
1427157500.63,9.658733
1427157500.646,12.597824
1427157500.661,16.146255
1427157500.677,20.862389
1427157500.693,27.02047
1427157500.708,34.256195
1427157500.724,41.448593
1427157500.739,46.91765
1427157500.755,48.955116
1427157500.771,46.498672
1427157500.786,39.62477
1427157500.802,29.51387
1427157500.818,18.07431
1427157500.833,7.1790237
1427157500.849,-1.8832092
1427157500.864,-8.727905
1427157500.88,-13.60762
1427157500.896,-17.071175
1427157500.911,-19.514671
1427157500.927,-21.09909
1427157500.943,-21.764984
1427157500.958,-21.488815
1427157500.974,-20.442955
1427157500.989,-18.987389
1427157501.005,-17.555717
1427157501.021,-16.447624
1427157501.036,-15.717667
1427157501.052,-15.085419
1427157501.068,-14.103912
1427157501.083,-12.376633
1427157501.099,-9.723267
1427157501.114,-6.3095093
1427157501.13,-2.5670624
1427157501.146,1.0011902
1427157501.161,4.110199
1427157501.177,6.816086
1427157501.193,9.544006
1427157501.208,12.828842
1427157501.224,17.082733
1427157501.239,22.333893
1427157501.255,28.23172
1427157501.271,34.17737
1427157501.286,39.621597
1427157501.302,44.29538
1427157501.318,48.3033
1427157501.333,52.062546
1427157501.349,56.04442
1427157501.364,60.56601
1427157501.38,65.72949
1427157501.396,71.45097
1427157501.411,77.504364
1427157501.427,83.48622
1427157501.443,88.749146
1427157501.458,92.26749
1427157501.474,92.807205
1427157501.489,89.26378
1427157501.505,81.19446
1427157501.521,69.110245
1427157501.536,54.437363
1427157501.552,39.086014
1427157501.568,24.778915
1427157501.583,12.48275
1427157501.599,2.3170776
1427157501.614,-6.233177
1427157501.63,-13.787598
1427157501.646,-20.650352
1427157501.661,-26.626778
1427157501.677,-31.284225
1427157501.693,-34.240204
1427157501.708,-35.545174
1427157501.724,-35.66034
1427157501.739,-35.339844
1427157501.755,-35.2594
1427157501.771,-35.74108
1427157501.786,-36.617516
1427157501.802,-37.388573
1427157501.818,-37.501526
1427157501.833,-36.64438
1427157501.849,-34.89602
1427157501.864,-32.637184
1427157501.88,-30.303902
1427157501.896,-28.14875
1427157501.911,-26.08773
1427157501.927,-23.760902
1427157501.943,-20.692856
1427157501.958,-16.54448
1427157501.974,-11.276688
1427157501.989,-5.198578
1427157502.005,1.1391602
1427157502.021,7.1737823
1427157502.036,12.523682
1427157502.052,17.113731
1427157502.068,21.199242
1427157502.083,25.220268
1427157502.099,29.70522
1427157502.114,35.12216
1427157502.13,41.807186
1427157502.146,49.75754
1427157502.161,58.532715
1427157502.177,67.111465
1427157502.193,73.99211
1427157502.208,77.46344
1427157502.224,76.174835
1427157502.239,69.58457
1427157502.255,58.286003
1427157502.271,43.80589
1427157502.286,28.144064
1427157502.302,13.106439
1427157502.318,-0.18678379
1427157502.333,-11.43985
1427157502.349,-20.9999
1427157502.364,-29.394299
1427157502.38,-36.96739
1427157502.396,-43.733303
1427157502.411,-49.40835
1427157502.427,-53.700943
1427157502.443,-56.51996
1427157502.458,-58.07443
1427157502.474,-58.749264
1427157502.49,-58.918995
1427157502.505,-58.78294
1427157502.521,-58.354156
1427157502.536,-57.586174
1427157502.552,-56.52704
1427157502.568,-55.39827
1427157502.583,-54.484207
1427157502.599,-53.9144
1427157502.615,-53.540092
1427157502.63,-52.902832
1427157502.646,-51.408592
1427157502.661,-48.57184
1427157502.677,-44.22625
1427157502.693,-38.59567
1427157502.708,-32.25168
1427157502.724,-25.890049
1427157502.74,-20.1241
1427157502.755,-15.218658
1427157502.771,-11.03104
1427157502.786,-7.0602913
1427157502.802,-2.7213707
1427157502.818,2.377613
1427157502.833,8.208031
1427157502.849,14.334007
1427157502.865,20.15012
1427157502.88,25.24221
1427157502.896,29.570335
1427157502.911,33.563156
1427157502.927,37.9009
1427157502.943,43.282703
1427157502.958,50.14376
1427157502.974,58.478325
1427157502.99,67.64801
1427157503.005,76.453575
1427157503.021,83.228516
1427157503.036,86.26805
1427157503.052,84.3698
1427157503.068,77.220764
1427157503.083,65.58599
1427157503.099,51.06451
1427157503.115,35.52424
1427157503.13,20.544327
1427157503.146,7.0036736
1427157503.161,-4.883148
1427157503.177,-15.32045
1427157503.193,-24.51569
1427157503.208,-32.490166
1427157503.224,-39.051502
1427157503.24,-44.009254
1427157503.255,-47.34571
1427157503.271,-49.350426
1427157503.286,-50.503883
1427157503.302,-51.314514
1427157503.318,-52.117897
1427157503.333,-52.93596
1427157503.349,-53.563248
1427157503.365,-53.741974
1427157503.38,-53.35746
1427157503.396,-52.590424
1427157503.411,-51.745117
1427157503.427,-51.075096
1427157503.443,-50.55947
1427157503.458,-49.87065
1427157503.474,-48.504753
1427157503.49,-46.083153
1427157503.505,-42.53676
1427157503.521,-38.1513
1427157503.536,-33.444473
1427157503.552,-28.888298
1427157503.568,-24.731949
1427157503.583,-20.894623
1427157503.599,-17.041466
1427157503.615,-12.73407
1427157503.63,-7.6080093
1427157503.646,-1.5856094
1427157503.661,5.1255264
1427157503.677,12.029106
1427157503.693,18.527443
1427157503.708,24.130608
1427157503.724,28.659317
1427157503.74,32.29917
1427157503.755,35.580704
1427157503.771,39.219017
1427157503.786,43.940872
1427157503.802,50.303688
1427157503.818,58.39515
1427157503.833,67.60874
1427157503.849,76.53407
1427157503.865,83.158844
1427157503.88,85.43666
1427157503.896,82.02528
1427157503.911,72.88176
1427157503.927,59.31733
1427157503.943,43.54368
1427157503.958,27.822952
1427157503.974,13.740013
1427157503.99,1.8810425
1427157504.005,-7.9801483
1427157504.021,-16.389763
1427157504.036,-23.718513
1427157504.052,-29.926178
1427157504.068,-34.731377
1427157504.083,-37.8676
1427157504.099,-39.338623
1427157504.115,-39.538673
1427157504.13,-39.105797
1427157504.146,-38.70749
1427157504.161,-38.796104
1427157504.177,-39.437943
1427157504.193,-40.324722
1427157504.208,-41.019386
1427157504.224,-41.15377
1427157504.24,-40.632225
1427157504.255,-39.624474
1427157504.271,-38.424484
1427157504.286,-37.198868
1427157504.302,-35.893898
1427157504.318,-34.23548
1427157504.333,-31.880623
1427157504.349,-28.586594
1427157504.365,-24.273628
1427157504.38,-19.010193
1427157504.396,-13.003433
1427157504.411,-6.5623016
1427157504.427,-0.098716736
1427157504.443,5.943016
1427157504.458,11.192238
1427157504.474,15.557678
1427157504.49,19.242516
1427157504.505,22.796928
1427157504.521,26.885475
1427157504.536,32.105255
1427157504.552,38.783867
1427157504.568,46.791603
1427157504.583,55.44127
1427157504.599,63.49916
1427157504.615,69.37073
1427157504.63,71.48661
1427157504.646,68.78368
1427157504.661,61.13684
1427157504.677,49.429565
1427157504.693,35.349518
1427157504.708,20.771729
1427157504.724,7.2257233
1427157504.74,-4.4428177
1427157504.755,-14.056587
1427157504.771,-21.870186
1427157504.786,-28.207008
1427157504.802,-33.29184
1427157504.818,-37.231705
1427157504.833,-40.094383
1427157504.849,-41.992027
1427157504.865,-43.128258
1427157504.88,-43.71427
1427157504.896,-43.973465
1427157504.911,-44.081085
1427157504.927,-44.10762
1427157504.943,-44.05903
1427157504.958,-43.944244
1427157504.974,-43.726364
1427157504.99,-43.43512
1427157505.005,-43.064568
1427157505.021,-42.556343
1427157505.036,-41.72888
1427157505.052,-40.32463
1427157505.068,-38.114983
1427157505.083,-35.01229
1427157505.099,-31.145264
1427157505.115,-26.78379
1427157505.13,-22.218758
1427157505.146,-17.628075
1427157505.162,-13.007832
1427157505.177,-8.215626
1427157505.193,-3.0921211
1427157505.208,2.4156914
1427157505.224,8.179581
1427157505.24,13.936657
1427157505.255,19.418015
1427157505.271,24.4534
1427157505.287,29.09525
1427157505.302,33.61577
1427157505.318,38.437138
1427157505.333,44.010765
1427157505.349,50.69141
1427157505.365,58.56665
1427157505.38,67.25479
1427157505.396,75.79007
1427157505.412,82.69299
1427157505.427,86.27766
1427157505.443,85.16031
1427157505.458,78.79753
1427157505.474,67.77124
1427157505.49,53.633793
1427157505.505,38.40125
1427157505.521,23.831955
1427157505.537,10.948734
1427157505.552,-0.07330704
1427157505.568,-9.579338
1427157505.583,-17.996414
1427157505.599,-25.495644
1427157505.615,-31.933453
1427157505.63,-37.032784
1427157505.646,-40.66563
1427157505.662,-42.963905
1427157505.677,-44.25586
1427157505.693,-44.94706
1427157505.708,-45.3947
1427157505.724,-45.78434
1427157505.74,-46.176567
1427157505.755,-46.525356
1427157505.771,-46.745766
1427157505.787,-46.77109
1427157505.802,-46.59736
1427157505.818,-46.280975
1427157505.833,-45.893806
1427157505.849,-45.417515
1427157505.865,-44.71237
1427157505.88,-43.445843
1427157505.896,-41.26785
1427157505.912,-37.933895
1427157505.927,-33.502815
1427157505.943,-28.348242
1427157505.958,-23.06584
1427157505.974,-18.22025
1427157505.99,-14.150646
1427157506.005,-10.792281
1427157506.021,-7.7677846
1427157506.037,-4.528508
1427157506.052,-0.6249399
1427157506.068,4.154232
1427157506.083,9.690677
1427157506.099,15.606843
1427157506.115,21.407166
1427157506.13,26.68475
1427157506.146,31.228222
1427157506.162,35.106846
1427157506.177,38.61245
1427157506.193,42.186817
1427157506.208,46.316
1427157506.224,51.451157
1427157506.24,57.879684
1427157506.255,65.50196
1427157506.271,73.599106
1427157506.287,80.79132
1427157506.302,85.28277
1427157506.318,85.3882
1427157506.333,80.19722
1427157506.349,70.00401
1427157506.365,56.227375
1427157506.38,40.939796
1427157506.396,26.08583
1427157506.412,12.95821
1427157506.427,1.9752865
1427157506.443,-7.042467
1427157506.458,-14.482906
1427157506.474,-20.594006
1427157506.49,-25.436157
1427157506.505,-28.998386
1427157506.521,-31.39059
1427157506.537,-32.870037
1427157506.552,-33.803574
1427157506.568,-34.523113
1427157506.583,-35.23532
1427157506.599,-35.984837
1427157506.615,-36.69408
1427157506.63,-37.2141
1427157506.646,-37.43698
1427157506.662,-37.328156
1427157506.677,-36.954838
1427157506.693,-36.41807
1427157506.708,-35.77534
1427157506.724,-34.90288
1427157506.74,-33.57463
1427157506.755,-31.492035
1427157506.771,-28.529503
1427157506.787,-24.783459
1427157506.802,-20.56992
1427157506.818,-16.311893
1427157506.833,-12.2986145
1427157506.849,-8.580162
1427157506.865,-4.954422
1427157506.88,-1.1081886
1427157506.896,3.2025719
1427157506.912,7.991688
1427157506.927,13.020798
1427157506.943,17.903778
1427157506.958,22.267715
1427157506.974,25.912384
1427157506.99,28.92743
1427157507.005,31.651924
1427157507.021,34.608463
1427157507.037,38.388966
1427157507.052,43.407173
1427157507.068,49.74748
1427157507.083,56.913948
1427157507.099,63.82066
1427157507.115,68.92236
1427157507.13,70.644615
1427157507.146,67.87941
1427157507.162,60.40852
1427157507.177,49.062984
1427157507.193,35.398354
1427157507.208,21.194561
1427157507.224,7.9120827
1427157507.24,-3.6179504
1427157507.255,-13.1784935
1427157507.271,-20.904427
1427157507.287,-26.989632
1427157507.302,-31.518215
1427157507.318,-34.518036
1427157507.333,-36.066734
1427157507.349,-36.398876
1427157507.365,-35.904716
1427157507.38,-35.042892
1427157507.396,-34.19035
1427157507.412,-33.583878
1427157507.427,-33.291332
1427157507.443,-33.23355
1427157507.458,-33.293133
1427157507.474,-33.36349
1427157507.49,-33.386276
1427157507.505,-33.335697
1427157507.521,-33.151367
1427157507.537,-32.689083
1427157507.552,-31.748672
1427157507.568,-30.106491
1427157507.583,-27.671158
1427157507.599,-24.504005
1427157507.615,-20.839706
1427157507.63,-16.938957
1427157507.646,-13.0232315
1427157507.662,-9.147743
1427157507.677,-5.2208405
1427157507.693,-1.0865555
1427157507.708,3.3507233
1427157507.724,8.080139
1427157507.74,12.972809
1427157507.755,17.871613
1427157507.771,22.626305
1427157507.787,27.194695
1427157507.802,31.639244
1427157507.818,36.169838
1427157507.834,41.11006
1427157507.849,46.831673
1427157507.865,53.556107
1427157507.88,61.080116
1427157507.896,68.5569
1427157507.912,74.57036
1427157507.927,77.42569
1427157507.943,75.79771
1427157507.958,69.21911
1427157507.974,58.357483
1427157507.99,44.75891
1427157508.005,30.329659
1427157508.021,16.662804
1427157508.037,4.696739
1427157508.052,-5.3730392
1427157508.068,-13.7593155
1427157508.084,-20.761307
1427157508.099,-26.528473
1427157508.115,-31.068642
1427157508.13,-34.354523
1427157508.146,-36.50161
1427157508.162,-37.765656
1427157508.177,-38.53315
1427157508.193,-39.098427
1427157508.209,-39.632813
1427157508.224,-40.095856
1427157508.24,-40.350143
1427157508.255,-40.25772
1427157508.271,-39.82779
1427157508.287,-39.232544
1427157508.302,-38.732582
1427157508.318,-38.500336
1427157508.334,-38.451035
1427157508.349,-38.2388
1427157508.365,-37.349373
1427157508.38,-35.317642
1427157508.396,-31.998032
1427157508.412,-27.637619
1427157508.427,-22.786446
1427157508.443,-18.058342
1427157508.459,-13.88829
1427157508.474,-10.351204
1427157508.49,-7.1825943
1427157508.505,-3.8722305
1427157508.521,0.051589966
1427157508.537,4.8552704
1427157508.552,10.417938
1427157508.568,16.299988
1427157508.584,21.900238
1427157508.599,26.691406
1427157508.615,30.457779
1427157508.63,33.395866
1427157508.646,36.06286
1427157508.662,39.214066
1427157508.677,43.557358
1427157508.693,49.5063
1427157508.709,56.977783
1427157508.724,65.23841
1427157508.74,72.92305
1427157508.755,78.32281
1427157508.771,79.81648
1427157508.787,76.39836
1427157508.802,68.06544
1427157508.818,55.8273
1427157508.834,41.413635
1427157508.849,26.699867
1427157508.865,13.1492
1427157508.88,1.5619888
1427157508.896,-7.910858
1427157508.912,-15.544464
1427157508.927,-21.716667
1427157508.943,-26.713776
1427157508.959,-30.67997
1427157508.974,-33.67917
1427157508.99,-35.78794
1427157509.005,-37.11663
1427157509.021,-37.824158
1427157509.037,-38.047104
1427157509.052,-37.896767
1427157509.068,-37.437027
1427157509.084,-36.726616
1427157509.099,-35.86519
1427157509.115,-35.015182
1427157509.13,-34.319603
1427157509.146,-33.86747
1427157509.162,-33.559723
1427157509.177,-33.132362
1427157509.193,-32.264114
1427157509.209,-30.69954
1427157509.224,-28.375854
1427157509.24,-25.426872
1427157509.255,-22.083382
1427157509.271,-18.565598
1427157509.287,-14.967419
1427157509.302,-11.243637
1427157509.318,-7.236229
1427157509.334,-2.8159142
1427157509.349,2.0658836
1427157509.365,7.281742
1427157509.38,12.583321
1427157509.396,17.668697
1427157509.412,22.337181
1427157509.427,26.572586
1427157509.443,30.591003
1427157509.459,34.77227
1427157509.474,39.56807
1427157509.49,45.323944
1427157509.505,52.07979
1427157509.521,59.38865
1427157509.537,66.276405
1427157509.552,71.339294
1427157509.568,73.096535
1427157509.584,70.4769
1427157509.599,63.228046
1427157509.615,52.071205
1427157509.63,38.553196
1427157509.646,24.470245
1427157509.662,11.36116
1427157509.677,0.072216034
1427157509.693,-9.259899
1427157509.709,-16.94585
1427157509.724,-23.343155
1427157509.74,-28.593811
1427157509.755,-32.566822
1427157509.771,-35.07909
1427157509.787,-36.088924
1427157509.802,-35.87383
1427157509.818,-34.956493
1427157509.834,-33.97655
1427157509.849,-33.420906
1427157509.865,-33.472004
1427157509.88,-33.958702
1427157509.896,-34.48912
1427157509.912,-34.610058
1427157509.927,-34.06134
1427157509.943,-32.830635
1427157509.959,-31.163227
1427157509.974,-29.357174
1427157509.99,-27.55885
1427157510.005,-25.658386
1427157510.021,-23.286484
1427157510.037,-20.023666
1427157510.052,-15.60112
1427157510.068,-10.116104
1427157510.084,-4.012581
1427157510.099,2.0918217
1427157510.115,7.589321
1427157510.13,12.206564
1427157510.146,16.006765
1427157510.162,19.419514
1427157510.177,23.006924
1427157510.193,27.32154
1427157510.209,32.753666
1427157510.224,39.419907
1427157510.24,47.09057
1427157510.255,55.161705
1427157510.271,62.604996
1427157510.287,68.12411
1427157510.302,70.37508
1427157510.318,68.39514
1427157510.334,61.924202
1427157510.349,51.57341
1427157510.365,38.690887
1427157510.38,24.921165
1427157510.396,11.682109
1427157510.412,-0.16245556
1427157510.427,-10.381783
1427157510.443,-19.091194
1427157510.459,-26.50104
1427157510.474,-32.63867
1427157510.49,-37.4201
1427157510.506,-40.749905
1427157510.521,-42.734818
1427157510.537,-43.693108
1427157510.552,-44.012238
1427157510.568,-44.02317
1427157510.584,-43.912052
1427157510.599,-43.720833
1427157510.615,-43.455795
1427157510.63,-43.148556
1427157510.646,-42.875267
1427157510.662,-42.67534
1427157510.677,-42.481804
1427157510.693,-42.094635
1427157510.709,-41.22273
1427157510.724,-39.571697
1427157510.74,-36.969234
1427157510.756,-33.421528
1427157510.771,-29.141273
1427157510.787,-24.479362
1427157510.802,-19.799656
1427157510.818,-15.337086
1427157510.834,-11.128162
1427157510.849,-6.984414
1427157510.865,-2.6250744
1427157510.881,2.21625
1427157510.896,7.603917
1427157510.912,13.383751
1427157510.927,19.234648
1427157510.943,24.806982
1427157510.959,29.880045
1427157510.974,34.44672
1427157510.99,38.762558
1427157511.006,43.276165
1427157511.021,48.524544
1427157511.037,54.94347
1427157511.052,62.539654
1427157511.068,70.70097
1427157511.084,78.06784
1427157511.099,82.872025
1427157511.115,83.46824
1427157511.131,78.952736
1427157511.146,69.52555
1427157511.162,56.441116
1427157511.177,41.523163
1427157511.193,26.545704
1427157511.209,12.707313
1427157511.224,0.5336809
1427157511.24,-9.991546
1427157511.256,-19.088633
1427157511.271,-26.883446
1427157511.287,-33.345
1427157511.302,-38.35062
1427157511.318,-41.858864
1427157511.334,-44.032265
1427157511.349,-45.24157
1427157511.365,-45.98568
1427157511.381,-46.72905
1427157511.396,-47.76675
1427157511.412,-49.08996
1427157511.427,-50.450356
1427157511.443,-51.472134
1427157511.459,-51.88706
1427157511.474,-51.64932
1427157511.49,-50.90357
1427157511.506,-49.835083
1427157511.521,-48.50721
1427157511.537,-46.789143
1427157511.552,-44.396587
1427157511.568,-41.08293
1427157511.584,-36.842644
1427157511.599,-31.924461
1427157511.615,-26.786446
1427157511.631,-21.896952
1427157511.646,-17.54916
1427157511.662,-13.705797
1427157511.677,-10.031542
1427157511.693,-6.030384
1427157511.709,-1.3034916
1427157511.724,4.28047
1427157511.74,10.46633
1427157511.756,16.73041
1427157511.771,22.487724
1427157511.787,27.36232
1427157511.802,31.329878
1427157511.818,34.732872
1427157511.834,38.15114
1427157511.849,42.220863
1427157511.865,47.467606
1427157511.881,54.17563
1427157511.896,62.141197
1427157511.912,70.57022
1427157511.927,78.07619
1427157511.943,82.92497
1427157511.959,83.53349
1427157511.974,79.03218
1427157511.99,69.59833
1427157512.006,56.438156
1427157512.021,41.36813
1427157512.037,26.226988
1427157512.052,12.395435
1427157512.068,0.57125854
1427157512.084,-9.165569
1427157512.099,-17.078407
1427157512.115,-23.50621
1427157512.131,-28.679623
1427157512.146,-32.682053
1427157512.162,-35.4999
1427157512.177,-37.156273
1427157512.193,-37.77704
1427157512.209,-37.641426
1427157512.224,-37.128166
1427157512.24,-36.587513
1427157512.256,-36.208927
1427157512.271,-36.015106
1427157512.287,-35.89838
1427157512.302,-35.70607
1427157512.318,-35.345425
1427157512.334,-34.77609
1427157512.349,-33.961494
1427157512.365,-32.849243
1427157512.381,-31.343836
1427157512.396,-29.38464
1427157512.412,-26.987904
1427157512.427,-24.220911
1427157512.443,-21.145761
1427157512.459,-17.787647
1427157512.474,-14.140224
1427157512.49,-10.163826
1427157512.506,-5.87854
1427157512.521,-1.3602791
1427157512.537,3.2691498
1427157512.552,7.856182
1427157512.568,12.27935
1427157512.584,16.45924
1427157512.599,20.41793
1427157512.615,24.299824
1427157512.631,28.410671
1427157512.646,33.177784
1427157512.662,39.02878
1427157512.677,46.138966
1427157512.693,54.171135
1427157512.709,62.12245
1427157512.724,68.45303
1427157512.74,71.47989
1427157512.756,69.96091
1427157512.771,63.552933
1427157512.787,52.9513
1427157512.802,39.680428
1427157512.818,25.544521
1427157512.834,12.043205
1427157512.849,0.0301857
1427157512.865,-10.279766
1427157512.881,-19.019333
1427157512.896,-26.359932
1427157512.912,-32.30772
1427157512.927,-36.76884
1427157512.943,-39.71399
1427157512.959,-41.362415
1427157512.974,-42.158394
1427157512.99,-42.59749
1427157513.006,-43.03043
1427157513.021,-43.561726
1427157513.037,-44.0571
1427157513.052,-44.325607
1427157513.068,-44.28036
1427157513.084,-44.019547
1427157513.099,-43.762177
1427157513.115,-43.715904
1427157513.131,-43.877544
1427157513.146,-44.00259
1427157513.162,-43.634613
1427157513.177,-42.278175
1427157513.193,-39.598793
1427157513.209,-35.602215
1427157513.224,-30.63118
1427157513.24,-25.238186
1427157513.256,-19.963745
1427157513.271,-15.104675
1427157513.287,-10.585823
1427157513.302,-6.0697403
1427157513.318,-1.1325645
1427157513.334,4.439453
1427157513.349,10.552464
1427157513.365,16.824455
1427157513.381,22.80225
1427157513.396,28.151932
1427157513.412,32.817093
1427157513.428,36.99889
1427157513.443,41.083275
1427157513.459,45.517128
1427157513.474,50.69435
1427157513.49,56.819653
1427157513.506,63.76702
1427157513.521,70.89348
1427157513.537,77.053566
1427157513.553,80.789825
1427157513.568,80.756
1427157513.584,76.19586
1427157513.599,67.25893
1427157513.615,55.01093
1427157513.631,41.032433
1427157513.646,26.89938
1427157513.662,13.728119
1427157513.678,2.0029984
1427157513.693,-8.2598
1427157513.709,-17.251217
1427157513.724,-25.079432
1427157513.74,-31.646929
1427157513.756,-36.761723
1427157513.771,-40.304157
1427157513.787,-42.370205
1427157513.803,-43.32666
1427157513.818,-43.695244
1427157513.834,-43.98313
1427157513.849,-44.509098
1427157513.865,-45.32778
1427157513.881,-46.248497
1427157513.896,-47.001358
1427157513.912,-47.363495
1427157513.928,-47.292686
1427157513.943,-46.9206
1427157513.959,-46.44332
1427157513.974,-45.95812
1427157513.99,-45.335167
1427157514.006,-44.21942
1427157514.021,-42.18608
1427157514.037,-38.97023
1427157514.053,-34.650215
1427157514.068,-29.660711
1427157514.084,-24.637865
1427157514.099,-20.133396
1427157514.115,-16.321964
1427157514.131,-12.923025
1427157514.146,-9.366072
1427157514.162,-5.0821075
1427157514.178,0.17166519
1427157514.193,6.2231274
1427157514.209,12.526829
1427157514.224,18.46064
1427157514.24,23.546093
1427157514.256,27.685856
1427157514.271,31.12632
1427157514.287,34.35508
1427157514.303,37.95459
1427157514.318,42.44781
1427157514.334,48.18388
1427157514.349,55.255634
1427157514.365,63.351723
1427157514.381,71.65261
1427157514.396,78.8411
1427157514.412,83.33803
1427157514.428,83.673195
1427157514.443,79.01599
1427157514.459,69.49487
1427157514.474,56.217926
1427157514.49,40.97802
1427157514.506,25.673655
1427157514.521,11.760221
1427157514.537,-0.032630444
1427157514.553,-9.704325
1427157514.568,-17.650513
1427157514.584,-24.30533
1427157514.599,-29.854078
1427157514.615,-34.24694
1427157514.631,-37.31909
1427157514.646,-39.03152
1427157514.662,-39.566643
1427157514.678,-39.3332
1427157514.693,-38.793797
1427157514.709,-38.326008
1427157514.724,-38.101814
1427157514.74,-38.12794
1427157514.756,-38.321484
1427157514.771,-38.588593
1427157514.787,-38.81143
1427157514.803,-38.885338
1427157514.818,-38.59289
1427157514.834,-37.690334
1427157514.849,-35.959743
1427157514.865,-33.293903
1427157514.881,-29.77743
1427157514.896,-25.710804
1427157514.912,-21.45087
1427157514.928,-17.296545
1427157514.943,-13.342128
1427157514.959,-9.450823
1427157514.974,-5.3533754
1427157514.99,-0.8317385
1427157515.006,4.1347466
1427157515.021,9.295877
1427157515.037,14.233541
1427157515.053,18.622013
1427157515.068,22.393387
1427157515.084,25.780987
1427157515.099,29.255322
1427157515.115,33.285275
1427157515.131,38.17176
1427157515.146,43.897194
1427157515.162,50.1006
1427157515.178,55.98915
1427157515.193,60.4512
1427157515.209,62.181164
1427157515.224,60.106895
1427157515.24,53.756893
1427157515.256,43.545906
1427157515.271,30.693914
1427157515.287,16.78558
1427157515.303,3.1383877
1427157515.318,-9.715309
1427157515.334,-22.071293
1427157515.349,-34.662483
1427157515.365,-48.042923
1427157515.381,-61.983902
1427157515.396,-75.40329
1427157515.412,-86.66323
1427157515.428,-94.23365
1427157515.443,-97.29637
1427157515.459,-96.08077
1427157515.474,-91.69183
1427157515.49,-85.65995
1427157515.506,-79.35802
1427157515.521,-73.64063
1427157515.537,-68.749405
1427157515.553,-64.51971
1427157515.568,-60.6504
1427157515.584,-56.942463
1427157515.599,-53.262047
1427157515.615,-49.454018
1427157515.631,-45.257797
1427157515.646,-40.34517
1427157515.662,-34.42182
1427157515.678,-27.376015
1427157515.693,-19.326988
1427157515.709,-10.588173
1427157515.724,-1.5284576
1427157515.74,7.474449
1427157515.756,16.100769
1427157515.771,24.117104
1427157515.787,31.414063
1427157515.803,38.05114
1427157515.818,44.277252
1427157515.834,50.441536
1427157515.849,56.88166
1427157515.865,63.821762
1427157515.881,71.315475
1427157515.896,79.23742
1427157515.912,87.26969
1427157515.928,94.77695
1427157515.943,100.8358
1427157515.959,104.277695
1427157515.974,104.02673
1427157515.99,99.53551
1427157516.006,91.09158
1427157516.021,79.76776
1427157516.037,67.109634
1427157516.053,54.510025
1427157516.068,42.835358
1427157516.084,32.245087
1427157516.1,22.477554
1427157516.115,13.225479
1427157516.131,4.4536743
1427157516.146,-3.5693054
1427157516.162,-10.413422
1427157516.178,-15.730804
1427157516.193,-19.415695
1427157516.209,-21.640274
1427157516.225,-22.778702
1427157516.24,-23.2603
1427157516.256,-23.44101
1427157516.271,-23.534607
1427157516.287,-23.575882
1427157516.303,-23.482086
1427157516.318,-23.106812
1427157516.334,-22.328354
1427157516.35,-21.071686
1427157516.365,-19.3154
1427157516.381,-17.079315
1427157516.396,-14.44046
1427157516.412,-11.51442
1427157516.428,-8.448959
1427157516.443,-5.3756714
1427157516.459,-2.3040924
1427157516.475,0.8647766
1427157516.49,4.3108063
1427157516.506,8.176422
1427157516.521,12.438187
1427157516.537,16.922775
1427157516.553,21.357956
1427157516.568,25.567245
1427157516.584,29.49295
1427157516.6,33.275528
1427157516.615,37.117325
1427157516.631,41.28801
1427157516.646,46.04895
1427157516.662,51.616074
1427157516.678,57.989548
1427157516.693,64.76582
1427157516.709,70.9948
1427157516.725,75.294876
1427157516.74,76.23549
1427157516.756,72.89334
1427157516.771,65.236206
1427157516.787,54.205124
1427157516.803,41.31343
1427157516.818,28.131653
1427157516.834,15.724274
1427157516.85,4.579712
1427157516.865,-5.3215485
1427157516.881,-14.09967
1427157516.896,-21.755676
1427157516.912,-28.04216
1427157516.928,-32.603806
1427157516.943,-35.198776
1427157516.959,-35.9086
1427157516.975,-35.193054
1427157516.99,-33.801086
1427157517.006,-32.529366
1427157517.021,-31.986565
1427157517.037,-32.380196
1427157517.053,-33.521355
1427157517.068,-34.9264
1427157517.084,-36.12004
1427157517.1,-36.79644
1427157517.115,-36.885704
1427157517.131,-36.463165
1427157517.146,-35.622612
1427157517.162,-34.328583
1427157517.178,-32.428627
1427157517.193,-29.727684
1427157517.209,-26.076607
1427157517.225,-21.480995
1427157517.24,-16.109413
1427157517.256,-10.283546
1427157517.271,-4.374237
1427157517.287,1.3018494
1427157517.303,6.6334305
1427157517.318,11.709526
1427157517.334,16.770325
1427157517.35,22.084518
1427157517.365,27.836899
1427157517.381,34.137016
1427157517.396,41.059357
1427157517.412,48.654495
1427157517.428,56.776787
1427157517.443,64.88143
1427157517.459,71.84322
1427157517.475,76.15937
1427157517.49,76.448006
1427157517.506,72.01035
1427157517.521,63.203415
1427157517.537,51.324474
1427157517.553,38.107388
1427157517.568,25.061905
1427157517.584,13.049469
1427157517.6,2.2869873
1427157517.615,-7.411907
1427157517.631,-16.182144
1427157517.646,-23.929428
1427157517.662,-30.347782
1427157517.678,-35.1168
1427157517.693,-38.15668
1427157517.709,-39.719757
1427157517.725,-40.277905
1427157517.74,-40.340706
1427157517.756,-40.244514
1427157517.771,-40.043465
1427157517.787,-39.56336
1427157517.803,-38.603733
1427157517.818,-37.076042
1427157517.834,-35.137753
1427157517.85,-33.12222
1427157517.865,-31.322262
1427157517.881,-29.780169
1427157517.896,-28.231745
1427157517.912,-26.15578
1427157517.928,-23.033611
1427157517.943,-18.589102
1427157517.959,-12.930358
1427157517.975,-6.510582
1427157517.99,0.044298172
1427157518.006,6.177885
1427157518.021,11.584856
1427157518.037,16.302244
1427157518.053,20.712801
1427157518.068,25.406977
1427157518.084,30.95156
1427157518.1,37.740303
1427157518.115,45.781044
1427157518.131,54.57197
1427157518.146,63.052193
1427157518.162,69.78172
1427157518.178,73.156555
1427157518.193,71.95119
1427157518.209,65.69205
1427157518.225,54.936592
1427157518.24,41.155518
1427157518.256,26.276466
1427157518.271,12.0231285
1427157518.287,-0.54179764
1427157518.303,-11.184486
1427157518.318,-20.218483
1427157518.334,-28.052414
1427157518.35,-34.7946
1427157518.365,-40.21341
1427157518.381,-43.946297
1427157518.396,-45.86119
1427157518.412,-46.266785
1427157518.428,-45.826477
1427157518.443,-45.257935
1427157518.459,-44.998573
1427157518.475,-45.064392
1427157518.49,-45.093628
1427157518.506,-44.61863
1427157518.521,-43.36136
1427157518.537,-41.396843
1427157518.553,-39.138657
1427157518.568,-37.123436
1427157518.584,-35.71608
1427157518.6,-34.872032
1427157518.615,-34.027443
1427157518.631,-32.322174
1427157518.646,-28.965553
1427157518.662,-23.607956
1427157518.678,-16.5904
1427157518.693,-8.782356
1427157518.709,-1.2533722
1427157518.725,5.242317
1427157518.74,10.504784
1427157518.756,14.930939
1427157518.772,19.257698
1427157518.787,24.25164
1427157518.803,30.51587
1427157518.818,38.348236
1427157518.834,47.66652
1427157518.85,57.917053
1427157518.865,67.980804
1427157518.881,76.21352
1427157518.896,80.79068
1427157518.912,80.28638
1427157518.928,74.15564
1427157518.943,63.07431
1427157518.959,48.65146
1427157518.975,32.946716
1427157518.99,17.74083
1427157519.006,4.163788
1427157519.022,-7.468338
1427157519.037,-17.365631
1427157519.053,-25.914673
1427157519.068,-33.384933
1427157519.084,-39.816315
1427157519.1,-45.097504
1427157519.115,-49.137955
1427157519.131,-51.967102
1427157519.147,-53.795563
1427157519.162,-54.92125
1427157519.178,-55.604324
1427157519.193,-55.95903
1427157519.209,-55.972412
1427157519.225,-55.586823
1427157519.24,-54.866547
1427157519.256,-54.01387
1427157519.272,-53.324936
1427157519.287,-52.93718
1427157519.303,-52.720352
1427157519.318,-52.230362
1427157519.334,-50.8925
1427157519.35,-48.283035
1427157519.365,-44.292526
1427157519.381,-39.17943
1427157519.397,-33.43138
1427157519.412,-27.517502
1427157519.428,-21.69815
1427157519.443,-15.987701
1427157519.459,-10.172485
1427157519.475,-4.0031433
1427157519.49,2.647522
1427157519.506,9.680771
1427157519.522,16.763123
1427157519.537,23.473083
1427157519.553,29.505524
1427157519.568,34.83638
1427157519.584,39.79492
1427157519.6,44.99431
1427157519.615,51.12195
1427157519.631,58.717438
1427157519.647,67.83934
1427157519.662,77.92001
1427157519.678,87.64415
1427157519.693,95.1642
1427157519.709,98.52794
1427157519.725,96.32559
1427157519.74,88.23758
1427157519.756,75.17128
1427157519.772,58.978622
1427157519.787,41.743057
1427157519.803,25.113632
1427157519.818,9.91275
1427157519.834,-3.7683258
1427157519.85,-16.151535
1427157519.865,-27.356033
1427157519.881,-37.166687
1427157519.897,-45.226074
1427157519.912,-51.27539
1427157519.928,-55.352478
1427157519.943,-57.84778
1427157519.959,-59.30458
1427157519.975,-60.21382
1427157519.99,-60.890366
1427157520.006,-61.43866
1427157520.022,-61.797775
1427157520.037,-61.864548
1427157520.053,-61.58055
1427157520.068,-60.97969
1427157520.084,-60.17256
1427157520.1,-59.248123
1427157520.115,-58.147476
1427157520.131,-56.625458
1427157520.147,-54.313904
1427157520.162,-50.906235
1427157520.178,-46.3284
1427157520.193,-40.840546
1427157520.209,-34.972305
1427157520.225,-29.304214
1427157520.24,-24.244812
1427157520.256,-19.832245
1427157520.272,-15.74588
1427157520.287,-11.45137
1427157520.303,-6.4360657
1427157520.318,-0.4541626
1427157520.334,6.3475647
1427157520.35,13.485535
1427157520.365,20.330948
1427157520.381,26.365952
1427157520.397,31.423798
1427157520.412,35.754105
1427157520.428,39.93921
1427157520.443,44.701874
1427157520.459,50.661255
1427157520.475,58.13147
1427157520.49,66.94273
1427157520.506,76.307205
1427157520.522,84.82114
1427157520.537,90.69098
1427157520.553,92.1476
1427157520.568,88.07527
1427157520.584,78.425476
1427157520.6,64.316635
1427157520.615,47.655457
1427157520.631,30.525085
1427157520.647,14.510941
1427157520.662,0.42071533
1427157520.678,-11.579819
1427157520.693,-21.678574
1427157520.709,-30.050842
1427157520.725,-36.721985
1427157520.74,-41.674026
1427157520.756,-44.988358
1427157520.772,-46.96823
1427157520.787,-48.064163
1427157520.803,-48.736526
1427157520.818,-49.28749
1427157520.834,-49.849625
1427157520.85,-50.372726
1427157520.865,-50.708694
1427157520.881,-50.66606
1427157520.897,-50.11885
1427157520.912,-49.03688
1427157520.928,-47.50949
1427157520.943,-45.71547
1427157520.959,-43.79619
1427157520.975,-41.7706
1427157520.99,-39.527527
1427157521.006,-36.8515
1427157521.022,-33.546143
1427157521.037,-29.493622
1427157521.053,-24.660217
1427157521.068,-19.086136
1427157521.084,-12.871414
1427157521.1,-6.179062
1427157521.115,0.7229614
1427157521.131,7.503113
1427157521.147,13.811661
1427157521.162,19.415344
1427157521.178,24.275574
1427157521.193,28.625854
1427157521.209,32.89882
1427157521.225,37.66028
1427157521.24,43.452393
1427157521.256,50.58345
1427157521.272,58.8573
1427157521.287,67.397736
1427157521.303,74.69154
1427157521.318,78.90329
1427157521.334,78.45662
1427157521.35,72.62286
1427157521.365,61.810608
1427157521.381,47.451492
1427157521.397,31.471176
1427157521.412,15.702744
1427157521.428,1.4124908
1427157521.444,-10.799805
1427157521.459,-20.904434
1427157521.475,-29.150406
1427157521.49,-35.796722
1427157521.506,-41.008026
1427157521.522,-44.83812
1427157521.537,-47.32585
1427157521.553,-48.614014
1427157521.568,-48.966064
1427157521.584,-48.781845
1427157521.6,-48.460434
1427157521.615,-48.247604
1427157521.631,-48.1613
1427157521.647,-48.036957
1427157521.662,-47.672165
1427157521.678,-46.971466
1427157521.694,-45.957397
1427157521.709,-44.730286
1427157521.725,-43.30104
1427157521.74,-41.550995
1427157521.756,-39.276
1427157521.772,-36.334366
1427157521.787,-32.76918
1427157521.803,-28.716629
1427157521.819,-24.340042
1427157521.834,-19.721222
1427157521.85,-14.8004
1427157521.865,-9.492607
1427157521.881,-3.7752762
1427157521.897,2.2263412
1427157521.912,8.290207
1427157521.928,14.159218
1427157521.944,19.6475
1427157521.959,24.695168
1427157521.975,29.399391
1427157521.99,34.012978
1427157522.006,38.945145
1427157522.022,44.68622
1427157522.037,51.674896
1427157522.053,60.03698
1427157522.069,69.26751
1427157522.084,78.122795
1427157522.1,84.809135
1427157522.115,87.46074
1427157522.131,84.80526
1427157522.147,76.68184
1427157522.162,64.16688
1427157522.178,49.176414
1427157522.194,33.80584
1427157522.209,19.604424
1427157522.225,7.255539
1427157522.24,-3.3410873
1427157522.256,-12.616631
1427157522.272,-20.907158
1427157522.287,-28.187782
1427157522.303,-34.214386
1427157522.319,-38.745216
1427157522.334,-41.82139
1427157522.35,-43.791786
1427157522.365,-45.10608
1427157522.381,-46.107285
1427157522.397,-46.93493
1427157522.412,-47.507446
1427157522.428,-47.744164
1427157522.444,-47.644558
1427157522.459,-47.33857
1427157522.475,-46.97619
1427157522.49,-46.65993
1427157522.506,-46.32101
1427157522.522,-45.798927
1427157522.537,-44.868214
1427157522.553,-43.289528
1427157522.569,-40.866093
1427157522.584,-37.53496
1427157522.6,-33.362877
1427157522.615,-28.59552
1427157522.631,-23.643532
1427157522.647,-18.936306
1427157522.662,-14.753216
1427157522.678,-11.133768
1427157522.694,-7.7652817
1427157522.709,-4.16971
1427157522.725,0.12215614
1427157522.74,5.334879
1427157522.756,11.312067
1427157522.772,17.557487
1427157522.787,23.437218
1427157522.803,28.468311
1427157522.819,32.52434
1427157522.834,35.894344
1427157522.85,39.14079
1427157522.865,42.83603
1427157522.881,47.411472
1427157522.897,53.038395
1427157522.912,59.63579
1427157522.928,66.85883
1427157522.944,74.039505
1427157522.959,80.10171
1427157522.975,83.66516
1427157522.99,83.36519
1427157523.006,78.354095
1427157523.022,68.72964
1427157523.037,55.623096
1427157523.053,40.83266
1427157523.069,26.227198
1427157523.084,13.13192
1427157523.1,2.0922012
1427157523.115,-6.9984493
1427157523.131,-14.50528
1427157523.147,-20.746555
1427157523.162,-25.808434
1427157523.178,-29.669842
1427157523.194,-32.351135
1427157523.209,-34.05955
1427157523.225,-35.136913
1427157523.24,-36.00062
1427157523.256,-36.950916
1427157523.272,-38.089554
1427157523.287,-39.279587
1427157523.303,-40.242935
1427157523.319,-40.71251
1427157523.334,-40.58032
1427157523.35,-39.968628
1427157523.365,-39.166557
1427157523.381,-38.474922
1427157523.397,-38.010147
1427157523.412,-37.59605
1427157523.428,-36.810867
1427157523.444,-35.180695
1427157523.459,-32.39718
1427157523.475,-28.488075
1427157523.49,-23.806488
1427157523.506,-18.888
1427157523.522,-14.253433
1427157523.537,-10.171997
1427157523.553,-6.584709
1427157523.569,-3.142311
1427157523.584,0.6007767
1427157523.6,4.9613495
1427157523.615,9.956955
1427157523.631,15.257767
1427157523.647,20.336914
1427157523.662,24.683197
1427157523.678,28.070892
1427157523.694,30.65377
1427157523.709,32.881836
1427157523.725,35.374023
1427157523.74,38.722565
1427157523.756,43.323685
1427157523.772,49.258873
1427157523.787,56.143227
1427157523.803,63.065086
1427157523.819,68.65842
1427157523.834,71.38466
1427157523.85,70.02581
1427157523.865,64.16645
1427157523.881,54.414925
1427157523.897,42.22386
1427157523.912,29.395912
1427157523.928,17.426682
1427157523.944,7.1253815
1427157523.959,-1.4367447
1427157523.975,-8.573784
1427157523.99,-14.653076
1427157524.006,-19.737045
1427157524.022,-23.632965
1427157524.037,-26.070831
1427157524.053,-26.986298
1427157524.069,-26.63855
1427157524.084,-25.591232
1427157524.1,-24.492645
1427157524.115,-23.850357
1427157524.131,-23.835068
1427157524.147,-24.295227
1427157524.162,-24.832764
1427157524.178,-25.059631
1427157524.194,-24.726334
1427157524.209,-23.843277
1427157524.225,-22.624191
1427157524.24,-21.28865
1427157524.256,-19.93695
1427157524.272,-18.481186
1427157524.287,-16.684952
1427157524.303,-14.30365
1427157524.319,-11.226669
1427157524.334,-7.5169373
1427157524.35,-3.3984222
1427157524.366,0.8323059
1427157524.381,4.942337
1427157524.397,8.749649
1427157524.412,12.204636
1427157524.428,15.333435
1427157524.444,18.250198
1427157524.459,21.112457
1427157524.475,24.177902
1427157524.491,27.78476
1427157524.506,32.246063
1427157524.522,37.693756
1427157524.537,43.871353
1427157524.553,49.968292
1427157524.569,54.726364
1427157524.584,56.774506
1427157524.6,55.088364
1427157524.616,49.432434
1427157524.631,40.49205
1427157524.647,29.607391
1427157524.662,18.332901
1427157524.678,7.859833
1427157524.694,-1.1927338
1427157524.709,-8.763489
1427157524.725,-15.076187
1427157524.741,-20.355713
1427157524.756,-24.631393
1427157524.772,-27.792435
1427157524.787,-29.716965
1427157524.803,-30.393738
1427157524.819,-30.024475
1427157524.834,-28.966614
1427157524.85,-27.674866
1427157524.866,-26.570602
1427157524.881,-25.909576
1427157524.897,-25.742401
1427157524.912,-25.886063
1427157524.928,-26.052368
1427157524.944,-25.95755
1427157524.959,-25.456833
1427157524.975,-24.551376
1427157524.991,-23.361221
1427157525.006,-21.960815
1427157525.022,-20.337555
1427157525.037,-18.376343
1427157525.053,-15.939941
1427157525.069,-12.913925
1427157525.084,-9.306046
1427157525.1,-5.2233734
1427157525.116,-0.81770325
1427157525.131,3.730957
1427157525.147,8.255234
1427157525.162,12.603806
1427157525.178,16.646973
1427157525.194,20.343063
1427157525.209,23.729126
1427157525.225,26.991028
1427157525.241,30.399994
1427157525.256,34.32515
1427157525.272,39.094315
1427157525.287,44.86177
1427157525.303,51.35486
1427157525.319,57.790558
1427157525.334,62.92621
1427157525.35,65.353165
1427157525.366,63.9906
1427157525.381,58.4915
1427157525.397,49.380905
1427157525.412,37.955505
1427157525.428,25.75682
1427157525.444,14.14415
1427157525.459,3.9141083
1427157525.475,-4.6754456
1427157525.491,-11.768097
1427157525.506,-17.574326
1427157525.522,-22.233719
1427157525.537,-25.74559
1427157525.553,-28.095963
1427157525.569,-29.342682
1427157525.584,-29.6669
1427157525.6,-29.360687
1427157525.616,-28.756378
1427157525.631,-28.155441
1427157525.647,-27.772308
1427157525.662,-27.68216
1427157525.678,-27.868256
1427157525.694,-28.209534
1427157525.709,-28.55655
1427157525.725,-28.742981
1427157525.741,-28.631836
1427157525.756,-28.079193
1427157525.772,-27.029419
1427157525.787,-25.468338
1427157525.803,-23.464157
1427157525.819,-21.09665
1427157525.834,-18.452606
1427157525.85,-15.537491
1427157525.866,-12.31131
1427157525.881,-8.685532
1427157525.897,-4.6229706
1427157525.912,-0.17805481
1427157525.928,4.499817
1427157525.944,9.214783
1427157525.959,13.776367
1427157525.975,18.080093
1427157525.991,22.096924
1427157526.006,25.924973
1427157526.022,29.746292
1427157526.037,33.88307
1427157526.053,38.689667
1427157526.069,44.42189
1427157526.084,51.001648
1427157526.1,57.774475
1427157526.116,63.56044
1427157526.131,66.868515
1427157526.147,66.42212
1427157526.162,61.651703
1427157526.178,52.952682
1427157526.194,41.57524
1427157526.209,29.127625
1427157526.225,17.087158
1427157526.241,6.3191223
1427157526.256,-2.90596
1427157526.272,-10.719086
1427157526.287,-17.318817
1427157526.303,-22.728912
1427157526.319,-26.77005
1427157526.334,-29.28836
1427157526.35,-30.320862
1427157526.366,-30.196259
1427157526.381,-29.469025
1427157526.397,-28.708542
1427157526.412,-28.286484
1427157526.428,-28.27504
1427157526.444,-28.444077
1427157526.459,-28.44696
1427157526.475,-27.98262
1427157526.491,-26.972305
1427157526.506,-25.596512
1427157526.522,-24.19133
1427157526.537,-23.052292
1427157526.553,-22.265533
1427157526.569,-21.619751
1427157526.584,-20.646912
1427157526.6,-18.82721
1427157526.616,-15.815903
1427157526.631,-11.55159
1427157526.647,-6.347107
1427157526.662,-0.74461365
1427157526.678,4.6557617
1427157526.694,9.4449005
1427157526.709,13.479538
1427157526.725,16.979279
1427157526.741,20.345459
1427157526.756,24.084625
1427157526.772,28.631668
1427157526.787,34.242065
1427157526.803,40.87024
1427157526.819,48.08641
1427157526.834,55.003143
1427157526.85,60.38446
1427157526.866,62.903534
1427157526.881,61.577057
1427157526.897,56.106583
1427157526.912,47.0567
1427157526.928,35.65265
1427157526.944,23.381271
1427157526.959,11.482697
1427157526.975,0.6927872
1427157526.991,-8.75528
1427157527.006,-16.866203
1427157527.022,-23.632324
1427157527.038,-28.861282
1427157527.053,-32.303642
1427157527.069,-33.87301
1427157527.084,-33.822212
1427157527.1,-32.724525
1427157527.116,-31.308395
1427157527.131,-30.157486
1427157527.147,-29.519478
1427157527.163,-29.257202
1427157527.178,-29.007011
1427157527.194,-28.377838
1427157527.209,-27.220695
1427157527.225,-25.634415
1427157527.241,-23.92595
1427157527.256,-22.385117
1427157527.272,-21.076591
1427157527.288,-19.775322
1427157527.303,-18.039474
1427157527.319,-15.412895
1427157527.334,-11.670517
1427157527.35,-6.932976
1427157527.366,-1.6556854
1427157527.381,3.5956116
1427157527.397,8.346275
1427157527.413,12.437073
1427157527.428,16.018303
1427157527.444,19.49833
1427157527.459,23.38314
1427157527.475,28.135712
1427157527.491,34.032715
1427157527.506,41.049843
1427157527.522,48.715797
1427157527.538,56.050636
1427157527.553,61.692802
1427157527.569,64.20296
1427157527.584,62.543404
1427157527.6,56.488403
1427157527.616,46.73442
1427157527.631,34.68692
1427157527.647,21.955894
1427157527.663,9.885902
1427157527.678,-0.7943535
1427157527.694,-9.882523
1427157527.709,-17.529446
1427157527.725,-23.911896
1427157527.741,-29.080013
1427157527.756,-32.983543
1427157527.772,-35.566628
1427157527.788,-36.916084
1427157527.803,-37.300056
1427157527.819,-37.147392
1427157527.834,-36.909267
1427157527.85,-36.920586
1427157527.866,-37.314854
1427157527.881,-37.96009
1427157527.897,-38.573086
1427157527.913,-38.80781
1427157527.928,-38.435688
1427157527.944,-37.407173
1427157527.959,-35.848423
1427157527.975,-33.93946
1427157527.991,-31.8293
1427157528.006,-29.519356
1427157528.022,-26.876225
1427157528.038,-23.682236
1427157528.053,-19.730705
1427157528.069,-14.935177
1427157528.084,-9.386913
1427157528.1,-3.3628616
1427157528.116,2.7496681
1427157528.131,8.601448
1427157528.147,13.978239
1427157528.163,18.889183
1427157528.178,23.527786
1427157528.194,28.232944
1427157528.209,33.352562
1427157528.225,39.22703
1427157528.241,46.098045
1427157528.256,53.95835
1427157528.272,62.388657
1427157528.288,70.37263
1427157528.303,76.40407
1427157528.319,78.86278
1427157528.334,76.57866
1427157528.35,69.3479
1427157528.366,58.04805
1427157528.381,44.361588
1427157528.397,30.092766
1427157528.413,16.614286
1427157528.428,4.5417285
1427157528.444,-6.133236
1427157528.459,-15.671608
1427157528.475,-24.250862
1427157528.491,-31.781147
1427157528.506,-37.9848
1427157528.522,-42.59025
1427157528.538,-45.51448
1427157528.553,-46.90865
1427157528.569,-47.151627
1427157528.584,-46.727413
1427157528.6,-46.13662
1427157528.616,-45.750652
1427157528.631,-45.72544
1427157528.647,-46.005577
1427157528.663,-46.369972
1427157528.678,-46.603214
1427157528.694,-46.547974
1427157528.709,-46.150066
1427157528.725,-45.347694
1427157528.741,-44.046402
1427157528.756,-42.073036
1427157528.772,-39.337727
1427157528.788,-35.879578
1427157528.803,-31.945206
1427157528.819,-27.827042
1427157528.834,-23.705284
1427157528.85,-19.50551
1427157528.866,-14.964867
1427157528.881,-9.7860565
1427157528.897,-3.8320637
1427157528.913,2.7083492
1427157528.928,9.434803
1427157528.944,15.914846
1427157528.959,21.883392
1427157528.975,27.407963
1427157528.991,32.801796
1427157529.006,38.550934
1427157529.022,45.103344
1427157529.038,52.7476
1427157529.053,61.41427
1427157529.069,70.541565
1427157529.084,79.01728
1427157529.1,85.28821
1427157529.116,87.75398
1427157529.131,85.280365
1427157529.147,77.66521
1427157529.163,65.78406
1427157529.178,51.29496
1427157529.194,36.12003
1427157529.209,21.781334
1427157529.225,9.090427
1427157529.241,-1.8843575
1427157529.256,-11.438564
1427157529.272,-19.867142
1427157529.288,-27.141354
1427157529.303,-32.995354
1427157529.319,-37.08944
1427157529.334,-39.33938
1427157529.35,-40.00943
1427157529.366,-39.743412
1427157529.381,-39.29347
1427157529.397,-39.251556
1427157529.413,-39.853584
1427157529.428,-40.91258
1427157529.444,-41.953945
1427157529.459,-42.48071
1427157529.475,-42.185135
1427157529.491,-41.105415
1427157529.506,-39.523865
1427157529.522,-37.78589
1427157529.538,-36.03485
1427157529.553,-34.16018
1427157529.569,-31.813011
1427157529.584,-28.62024
1427157529.6,-24.357552
1427157529.616,-19.065834
1427157529.631,-13.009438
1427157529.647,-6.5760193
1427157529.663,-0.17797852
1427157529.678,5.871315
1427157529.694,11.403511
1427157529.71,16.410942
1427157529.725,21.071487
1427157529.741,25.701157
1427157529.756,30.743805
1427157529.772,36.64781
1427157529.788,43.700203
1427157529.803,51.776237
1427157529.819,60.1948
1427157529.835,67.68704
1427157529.85,72.66986
1427157529.866,73.68367
1427157529.881,69.86648
1427157529.897,61.29924
1427157529.913,49.027046
1427157529.928,34.69657
1427157529.944,20.058464
1427157529.96,6.4356613
1427157529.975,-5.5068893
1427157529.991,-15.681786
1427157530.006,-24.291275
1427157530.022,-31.552673
1427157530.038,-37.480736
1427157530.053,-41.96431
1427157530.069,-44.890312
1427157530.085,-46.33969
1427157530.1,-46.632477
1427157530.116,-46.246063
1427157530.131,-45.701027
1427157530.147,-45.35772
1427157530.163,-45.355133
1427157530.178,-45.630363
1427157530.194,-45.965675
1427157530.21,-46.12361
1427157530.225,-45.89321
1427157530.241,-45.15027
1427157530.256,-43.82441
1427157530.272,-41.928505
1427157530.288,-39.518196
1427157530.303,-36.70125
1427157530.319,-33.566895
1427157530.335,-30.164192
1427157530.35,-26.46695
1427157530.366,-22.40178
1427157530.381,-17.880013
1427157530.397,-12.873856
1427157530.413,-7.4405975
1427157530.428,-1.7285004
1427157530.444,4.075836
1427157530.46,9.806595
1427157530.475,15.363068
1427157530.491,20.723335
1427157530.506,25.97461
1427157530.522,31.2733
1427157530.538,36.88662
1427157530.553,43.120567
1427157530.569,50.311737
1427157530.585,58.564804
1427157530.6,67.52084
1427157530.616,76.15432
1427157530.631,82.87179
1427157530.647,85.89515
1427157530.663,83.87965
1427157530.678,76.45507
1427157530.694,64.42487
1427157530.71,49.48973
1427157530.725,33.64553
1427157530.741,18.523758
1427157530.756,5.0422745
1427157530.772,-6.5949554
1427157530.788,-16.57531
1427157530.803,-25.16539
1427157530.819,-32.45054
1427157530.835,-38.39251
1427157530.85,-42.90648
1427157530.866,-46.040627
1427157530.881,-47.985184
1427157530.897,-49.10034
1427157530.913,-49.792557
1427157530.928,-50.411804
1427157530.944,-51.161423
1427157530.96,-52.034218
1427157530.975,-52.865273
1427157530.991,-53.426704
1427157531.006,-53.58967
1427157531.022,-53.3575
1427157531.038,-52.84884
1427157531.053,-52.159744
1427157531.069,-51.196526
1427157531.085,-49.670486
1427157531.1,-47.200996
1427157531.116,-43.543907
1427157531.131,-38.74285
1427157531.147,-33.197357
1427157531.163,-27.454063
1427157531.178,-22.009102
1427157531.194,-17.057823
1427157531.21,-12.42527
1427157531.225,-7.6886826
1427157531.241,-2.4497604
1427157531.256,3.4596481
1427157531.272,9.841408
1427157531.288,16.237228
1427157531.303,22.142143
1427157531.319,27.26323
1427157531.335,31.659637
1427157531.35,35.708633
1427157531.366,39.997696
1427157531.381,45.103973
1427157531.397,51.454666
1427157531.413,59.14434
1427157531.428,67.79996
1427157531.444,76.480865
1427157531.46,83.70976
1427157531.475,87.752754
1427157531.491,87.07902
1427157531.506,80.90853
1427157531.522,69.60076
1427157531.538,54.61693
1427157531.553,38.045433
1427157531.569,21.936813
1427157531.585,7.6834717
1427157531.6,-4.209694
1427157531.616,-13.984795
1427157531.631,-22.14692
1427157531.647,-29.08345
1427157531.663,-34.839058
1427157531.678,-39.216064
1427157531.694,-42.024193
1427157531.71,-43.31256
1427157531.725,-43.4477
1427157531.741,-42.97116
1427157531.756,-42.427505
1427157531.772,-42.123276
1427157531.788,-42.071266
1427157531.803,-42.11348
1427157531.819,-42.037933
1427157531.835,-41.78704
1427157531.85,-41.429794
1427157531.866,-41.07585
1427157531.881,-40.714523
1427157531.897,-40.10665
1427157531.913,-38.810028
1427157531.928,-36.412613
1427157531.944,-32.770172
1427157531.96,-28.158844
1427157531.975,-23.146484
1427157531.991,-18.348854
1427157532.006,-14.10157
1427157532.022,-10.288582
1427157532.038,-6.433037
1427157532.053,-1.9951019
1427157532.069,3.2888412
1427157532.085,9.2476425
1427157532.1,15.381844
1427157532.116,21.051888
1427157532.131,25.861092
1427157532.147,29.75
1427157532.163,33.030277
1427157532.178,36.217094
1427157532.194,39.916325
1427157532.21,44.640774
1427157532.225,50.656105
1427157532.241,57.77335
1427157532.256,65.20337
1427157532.272,71.54291
1427157532.288,75.092026
1427157532.303,74.35661
1427157532.319,68.62209
1427157532.335,58.270634
1427157532.35,44.69418
1427157532.366,29.828491
1427157532.382,15.524204
1427157532.397,2.9946327
1427157532.413,-7.3208275
1427157532.428,-15.653477
1427157532.444,-22.45523
1427157532.46,-28.138035
1427157532.475,-32.783115
1427157532.491,-36.261936
1427157532.506,-38.385284
1427157532.522,-39.130013
1427157532.538,-38.735935
1427157532.553,-37.676792
1427157532.569,-36.508278
1427157532.585,-35.6523
1427157532.6,-35.258816
1427157532.616,-35.247364
1427157532.632,-35.352787
1427157532.647,-35.34998
1427157532.663,-35.063843
1427157532.678,-34.447067
1427157532.694,-33.45756
1427157532.71,-32.07939
1427157532.725,-30.208195
1427157532.741,-27.766815
1427157532.757,-24.67098
1427157532.772,-20.899776
1427157532.788,-16.462584
1427157532.803,-11.429646
1427157532.819,-5.912018
1427157532.835,-0.1001873
1427157532.85,5.75436
1427157532.866,11.398266
1427157532.882,16.640799
1427157532.897,21.3874
1427157532.913,25.685375
1427157532.928,29.66234
1427157532.944,33.58725
1427157532.96,37.78363
1427157532.975,42.660534
1427157532.991,48.521126
1427157533.007,55.380516
1427157533.022,62.680305
1427157533.038,69.246025
1427157533.053,73.45918
1427157533.069,73.76141
1427157533.085,69.22718
1427157533.1,59.987263
1427157533.116,47.209442
1427157533.132,32.740376
1427157533.147,18.437721
1427157533.163,5.6350994
1427157533.178,-5.1172037
1427157533.194,-13.903497
1427157533.21,-21.139835
1427157533.225,-27.175694
1427157533.241,-32.158237
1427157533.257,-36.038925
1427157533.272,-38.758373
1427157533.288,-40.391026
1427157533.303,-41.184536
1427157533.319,-41.451645
1427157533.335,-41.476105
1427157533.35,-41.3748
1427157533.366,-41.13733
1427157533.382,-40.68008
1427157533.397,-39.97873
1427157533.413,-39.11611
1427157533.428,-38.25731
1427157533.444,-37.528336
1427157533.46,-36.929707
1427157533.475,-36.237694
1427157533.491,-35.09451
1427157533.507,-33.11984
1427157533.522,-30.115993
1427157533.538,-26.160065
1427157533.553,-21.566847
1427157533.569,-16.784771
1427157533.585,-12.199074
1427157533.6,-7.9445553
1427157533.616,-3.9034777
1427157533.632,0.2137661
1427157533.647,4.681238
1427157533.663,9.607718
1427157533.678,14.861976
1427157533.694,20.17268
1427157533.71,25.22044
1427157533.725,29.797115
1427157533.741,33.884987
1427157533.757,37.693947
1427157533.772,41.636
1427157533.788,46.253067
1427157533.803,52.00293
1427157533.819,58.956917
1427157533.835,66.51701
1427157533.85,73.36076
1427157533.866,77.70556
1427157533.882,77.90317
1427157533.897,73.07173
1427157533.913,63.487244
1427157533.928,50.500237
1427157533.944,36.008865
1427157533.96,21.789377
1427157533.975,8.989492
1427157533.991,-2.022892
1427157534.007,-11.387815
1427157534.022,-19.407404
1427157534.038,-26.223585
1427157534.053,-31.80309
1427157534.069,-35.989933
1427157534.085,-38.74169
1427157534.1,-40.209953
1427157534.116,-40.73568
1427157534.132,-40.668785
1427157534.147,-40.32264
1427157534.163,-39.847343
1427157534.178,-39.28968
1427157534.194,-38.652786
1427157534.21,-38.0246
1427157534.225,-37.54474
1427157534.241,-37.34778
1427157534.257,-37.420593
1427157534.272,-37.549107
1427157534.288,-37.343697
1427157534.303,-36.368484
1427157534.319,-34.333534
1427157534.335,-31.229622
1427157534.35,-27.30466
1427157534.366,-23.01337
1427157534.382,-18.773003
1427157534.397,-14.839649
1427157534.413,-11.194618
1427157534.428,-7.5935555
1427157534.444,-3.676262
1427157534.46,0.81803894
1427157534.475,5.9468765
1427157534.491,11.465729
1427157534.507,16.956295
1427157534.522,21.971367
1427157534.538,26.244942
1427157534.553,29.813732
1427157534.569,32.97545
1427157534.585,36.24814
1427157534.6,40.199677
1427157534.616,45.25595
1427157534.632,51.537342
1427157534.647,58.635105
1427157534.663,65.52059
1427157534.678,70.67595
1427157534.694,72.50224
1427157534.71,69.80395
1427157534.725,62.35201
1427157534.741,51.011105
1427157534.757,37.48524
1427157534.772,23.728786
1427157534.788,11.300404
1427157534.803,0.95002747
1427157534.819,-7.3270226
1427157534.835,-13.999367
1427157534.85,-19.5075
1427157534.866,-24.033897
1427157534.882,-27.449745
1427157534.897,-29.533619
1427157534.913,-30.20203
1427157534.928,-29.699375
1427157534.944,-28.540974
1427157534.96,-27.38961
1427157534.975,-26.755798
1427157534.991,-26.833832
1427157535.007,-27.385235
1427157535.022,-27.965313
1427157535.038,-28.102436
1427157535.053,-27.597755
1427157535.069,-26.563526
1427157535.085,-25.346725
1427157535.1,-24.28183
1427157535.116,-23.461067
1427157535.132,-22.608017
1427157535.147,-21.21434
1427157535.163,-18.795277
1427157535.178,-15.122417
1427157535.194,-10.335674
1427157535.21,-4.943321
1427157535.225,0.46489334
1427157535.241,5.4027557
1427157535.257,9.692909
1427157535.272,13.468681
1427157535.288,17.113987
1427157535.304,21.063995
1427157535.319,25.706547
1427157535.335,31.284061
1427157535.35,37.858936
1427157535.366,45.256084
1427157535.382,52.94186
1427157535.397,59.98539
1427157535.413,65.08429
1427157535.429,66.87418
1427157535.444,64.34708
1427157535.46,57.249245
1427157535.475,46.29083
1427157535.491,32.91778
1427157535.507,18.890804
1427157535.522,5.7172394
1427157535.538,-5.671379
1427157535.554,-14.968819
1427157535.569,-22.263199
1427157535.585,-27.717281
1427157535.6,-31.416817
1427157535.616,-33.372143
1427157535.632,-33.695255
1427157535.647,-32.73167
1427157535.663,-31.082539
1427157535.679,-29.474072
1427157535.694,-28.490978
1427157535.71,-28.403378
1427157535.725,-29.069191
1427157535.741,-30.053951
1427157535.757,-30.796818
1427157535.772,-30.91351
1427157535.788,-30.286034
1427157535.804,-29.094852
1427157535.819,-27.665653
1427157535.835,-26.307411
1427157535.85,-25.078262
1427157535.866,-23.736591
1427157535.882,-21.81176
1427157535.897,-18.823425
1427157535.913,-14.472973
1427157535.929,-8.826511
1427157535.944,-2.354866
1427157535.96,4.2763443
1427157535.975,10.420757
1427157535.991,15.73473
1427157536.007,20.31335
1427157536.022,24.578705
1427157536.038,29.135536
1427157536.054,34.48855
1427157536.069,40.874977
1427157536.085,48.151333
1427157536.1,55.75582
1427157536.116,62.73239
1427157536.132,67.86458
1427157536.147,69.90257
1427157536.163,67.8755
1427157536.179,61.430843
1427157536.194,51.023766
1427157536.21,37.84121
1427157536.225,23.509365
1427157536.241,9.603535
1427157536.257,-2.7075787
1427157536.272,-12.910517
1427157536.288,-21.041399
1427157536.304,-27.45688
1427157536.319,-32.544834
1427157536.335,-36.55027
1427157536.35,-39.539337
1427157536.366,-41.50325
1427157536.382,-42.4523
1427157536.397,-42.595577
1427157536.413,-42.257168
1427157536.429,-41.84166
1427157536.444,-41.631527
1427157536.46,-41.694138
1427157536.475,-41.861504
1427157536.491,-41.86007
1427157536.507,-41.457054
1427157536.522,-40.597267
1427157536.538,-39.353714
1427157536.554,-37.816505
1427157536.569,-35.985687
1427157536.585,-33.714287
1427157536.6,-30.814816
1427157536.616,-27.251305
1427157536.632,-23.177658
1427157536.647,-18.902624
1427157536.663,-14.701637
1427157536.679,-10.664263
1427157536.694,-6.5758247
1427157536.71,-2.1186218
1427157536.725,2.9623222
1427157536.741,8.635033
1427157536.757,14.571529
1427157536.772,20.282608
1427157536.788,25.350155
1427157536.804,29.594994
1427157536.819,33.14415
1427157536.835,36.369503
1427157536.85,39.780975
1427157536.866,43.914333
1427157536.882,49.238575
1427157536.897,55.90784
1427157536.913,63.57056
1427157536.929,71.15024
1427157536.944,76.96988
1427157536.96,79.15559
1427157536.975,76.33653
1427157536.991,68.195274
1427157537.007,55.686882
1427157537.022,40.69165
1427157537.038,25.34037
1427157537.054,11.300816
1427157537.069,-0.5972271
1427157537.085,-10.328714
1427157537.1,-18.283695
1427157537.116,-24.84489
1427157537.132,-30.182873
1427157537.147,-34.234623
1427157537.163,-36.919212
1427157537.179,-38.36688
1427157537.194,-38.895424
1427157537.21,-38.966408
1427157537.225,-38.962845
1427157537.241,-39.111935
1427157537.257,-39.416603
1427157537.272,-39.756874
1427157537.288,-39.99939
1427157537.304,-40.095833
1427157537.319,-40.10563
1427157537.335,-40.077385
1427157537.35,-39.99542
1427157537.366,-39.70198
1427157537.382,-38.923958
1427157537.397,-37.354397
1427157537.413,-34.820496
1427157537.429,-31.365147
1427157537.444,-27.197462
1427157537.46,-22.680763
1427157537.475,-18.109774
1427157537.491,-13.646595
1427157537.507,-9.238256
1427157537.522,-4.6948547
1427157537.538,0.21824265
1427157537.554,5.5822906
1427157537.569,11.268242
1427157537.585,16.932184
1427157537.6,22.14305
1427157537.616,26.594206
1427157537.632,30.274998
1427157537.647,33.473186
1427157537.663,36.769245
1427157537.679,40.808636
1427157537.694,46.109257
1427157537.71,52.78289
1427157537.725,60.36851
1427157537.741,67.74964
1427157537.757,73.35495
1427157537.772,75.50885
1427157537.788,73.01837
1427157537.804,65.60727
1427157537.819,54.08252
1427157537.835,40.105522
1427157537.85,25.624868
1427157537.866,12.266943
1427157537.882,0.9126339
1427157537.897,-8.305422
1427157537.913,-15.712677
1427157537.929,-21.724714
1427157537.944,-26.52765
1427157537.96,-30.084986
1427157537.976,-32.26238
1427157537.991,-33.071518
1427157538.007,-32.76165
1427157538.022,-31.810051
1427157538.038,-30.761745
1427157538.054,-30.07238
1427157538.069,-29.935514
1427157538.085,-30.264282
1427157538.101,-30.752348
1427157538.116,-31.041248
1427157538.132,-30.862099
1427157538.147,-30.144747
1427157538.163,-29.009773
1427157538.179,-27.663815
1427157538.194,-26.213913
1427157538.21,-24.583471
1427157538.226,-22.502966
1427157538.241,-19.622408
1427157538.257,-15.696545
1427157538.272,-10.742367
1427157538.288,-5.0529556
1427157538.304,0.8433571
1427157538.319,6.43318
1427157538.335,11.343691
1427157538.351,15.521882
1427157538.366,19.194218
1427157538.382,22.827755
1427157538.397,26.89899
1427157538.413,31.812946
1427157538.429,37.79554
1427157538.444,44.842186
1427157538.46,52.59002
1427157538.476,60.242764
1427157538.491,66.55216
1427157538.507,70.03719
1427157538.522,69.37196
1427157538.538,63.890102
1427157538.554,53.89829
1427157538.569,40.663425
1427157538.585,25.982279
1427157538.601,11.662423
1427157538.616,-1.0459967
1427157538.632,-11.658777
1427157538.647,-20.28984
1427157538.663,-27.262743
1427157538.679,-32.820705
1427157538.694,-36.98235
1427157538.71,-39.62611
1427157538.726,-40.719536
1427157538.741,-40.49056
1427157538.757,-39.403202
1427157538.772,-38.081596
1427157538.788,-37.06848
1427157538.804,-36.691628
1427157538.819,-36.958782
1427157538.835,-37.624683
1427157538.851,-38.264645
1427157538.866,-38.50938
1427157538.882,-38.093616
1427157538.897,-36.964615
1427157538.913,-35.213142
1427157538.929,-33.020454
1427157538.944,-30.528976
1427157538.96,-27.791695
1427157538.976,-24.76548
1427157538.991,-21.355618
1427157539.007,-17.458416
1427157539.022,-13.026272
1427157539.038,-8.095653
1427157539.054,-2.785554
1427157539.069,2.7301836
1427157539.085,8.236135
1427157539.101,13.5928545
1427157539.116,18.740356
1427157539.132,23.7844
1427157539.147,28.913448
1427157539.163,34.40524
1427157539.179,40.55359
1427157539.194,47.582268
1427157539.21,55.495926
1427157539.226,63.907303
1427157539.241,71.87559
1427157539.257,77.92327
1427157539.272,80.377884
1427157539.288,77.889145
1427157539.304,70.02166
1427157539.319,57.512394
1427157539.335,42.088715
1427157539.351,25.91588
1427157539.366,10.854116
1427157539.382,-2.0311356
1427157539.397,-12.515892
1427157539.413,-20.90404
1427157539.429,-27.639442
1427157539.444,-32.960148
1427157539.46,-36.9217
1427157539.476,-39.531178
1427157539.491,-40.979126
1427157539.507,-41.67016
1427157539.522,-42.073875
1427157539.538,-42.571323
1427157539.554,-43.259052
1427157539.569,-43.947346
1427157539.585,-44.33114
1427157539.601,-44.17885
1427157539.616,-43.500973
1427157539.632,-42.56307
1427157539.647,-41.71634
1427157539.663,-41.14651
1427157539.679,-40.7553
1427157539.694,-40.13429
1427157539.71,-38.766888
1427157539.726,-36.281265
1427157539.741,-32.684757
1427157539.757,-28.32147
1427157539.772,-23.711897
1427157539.788,-19.306389
1427157539.804,-15.26103
1427157539.819,-11.375397
1427157539.835,-7.257513
1427157539.851,-2.5273476
1427157539.866,2.9304485
1427157539.882,8.899948
1427157539.897,14.889917
1427157539.913,20.392105
1427157539.929,25.07271
1427157539.944,28.96468
1427157539.96,32.40155
1427157539.976,35.962524
1427157539.991,40.240196
1427157540.007,45.767258
1427157540.022,52.8078
1427157540.038,61.235954
1427157540.054,70.3176
1427157540.069,78.66958
1427157540.085,84.44763
1427157540.101,85.850845
1427157540.116,81.735916
1427157540.132,72.11548
1427157540.147,58.211792
1427157540.163,42.08326
1427157540.179,25.891678
1427157540.194,11.242722
1427157540.21,-1.1766357
1427157540.226,-11.414448
1427157540.241,-19.941452
1427157540.257,-27.134644
1427157540.272,-33.110825
1427157540.288,-37.711624
1427157540.304,-40.769115
1427157540.319,-42.29499
1427157540.335,-42.581097
1427157540.351,-42.125443
1427157540.366,-41.45734
1427157540.382,-40.96555
1427157540.397,-40.833717
1427157540.413,-41.00282
1427157540.429,-41.32688
1427157540.444,-41.61325
1427157540.46,-41.728012
1427157540.476,-41.56886
1427157540.491,-41.040764
1427157540.507,-39.97648
1427157540.522,-38.219604
1427157540.538,-35.64234
1427157540.554,-32.248974
1427157540.569,-28.180733
1427157540.585,-23.67049
1427157540.601,-18.933662
1427157540.616,-14.091911
1427157540.632,-9.126709
1427157540.648,-3.9223366
1427157540.663,1.610527
1427157540.679,7.455536
1427157540.694,13.440632
1427157540.71,19.279255
1427157540.726,24.706379
1427157540.741,29.57727
1427157540.757,33.968403
1427157540.773,38.196968
1427157540.788,42.765472
1427157540.804,48.194283
1427157540.819,54.827732
1427157540.835,62.499947
1427157540.851,70.32275
1427157540.866,76.72977
1427157540.882,79.83066
1427157540.898,78.019455
1427157540.913,70.66577
1427157540.929,58.385212
1427157540.944,42.903748
1427157540.96,26.460999
1427157540.976,11.052429
1427157540.991,-2.1216202
1427157541.007,-12.763855
1427157541.023,-21.19698
1427157541.038,-27.902126
1427157541.054,-33.137638
1427157541.069,-36.8776
1427157541.085,-39.012325
1427157541.101,-39.56884
1427157541.116,-38.89625
1427157541.132,-37.61056
1427157541.148,-36.40609
1427157541.163,-35.792988
1427157541.179,-35.94775
1427157541.194,-36.6611
1427157541.21,-37.507698
1427157541.226,-37.998104
1427157541.241,-37.813694
1427157541.257,-36.90326
1427157541.273,-35.463383
1427157541.288,-33.794014
1427157541.304,-32.144024
1427157541.319,-30.553337
1427157541.335,-28.806732
1427157541.351,-26.522484
1427157541.366,-23.317036
1427157541.382,-18.968384
1427157541.398,-13.567406
1427157541.413,-7.4477997
1427157541.429,-1.1076393
1427157541.444,5.0228233
1427157541.46,10.662281
1427157541.476,15.80611
1427157541.491,20.623745
1427157541.507,25.418083
1427157541.523,30.53054
1427157541.538,36.32913
1427157541.554,43.125816
1427157541.569,51.079697
1427157541.585,59.93271
1427157541.601,68.82469
1427157541.616,76.27961
1427157541.632,80.5001
1427157541.648,79.89222
1427157541.663,73.715675
1427157541.679,62.41252
1427157541.694,47.53499
1427157541.71,31.196884
1427157541.726,15.395592
1427157541.741,1.4085999
1427157541.757,-10.3077545
1427157541.773,-19.94439
1427157541.788,-27.847038
1427157541.804,-34.23403
1427157541.819,-39.074852
1427157541.835,-42.27639
1427157541.851,-43.899933
1427157541.866,-44.29152
1427157541.882,-44.01391
1427157541.898,-43.626404
1427157541.913,-43.48719
1427157541.929,-43.638474
1427157541.944,-43.885834
1427157541.96,-43.97754
1427157541.976,-43.783615
1427157541.991,-43.36979
1427157542.007,-42.878197
1427157542.023,-42.43387
1427157542.038,-41.933243
1427157542.054,-41.076607
1427157542.069,-39.441948
1427157542.085,-36.737144
1427157542.101,-32.964462
1427157542.116,-28.467545
1427157542.132,-23.816856
1427157542.148,-19.5046
1427157542.163,-15.753571
1427157542.179,-12.377762
1427157542.194,-8.919868
1427157542.21,-4.862976
1427157542.226,0.11911011
1427157542.241,5.9645157
1427157542.257,12.318939
1427157542.273,18.647789
1427157542.288,24.501892
1427157542.304,29.67833
1427157542.319,34.333023
1427157542.335,38.934334
1427157542.351,44.109444
1427157542.366,50.479225
1427157542.382,58.422684
1427157542.398,67.79209
1427157542.413,77.7222
1427157542.429,86.65292
1427157542.444,92.62128
1427157542.46,93.81413
1427157542.476,89.22956
1427157542.491,79.02882
1427157542.507,64.56647
1427157542.523,47.878014
1427157542.538,31.054039
1427157542.554,15.605934
1427157542.569,2.2533722
1427157542.585,-8.998886
1427157542.601,-18.492378
1427157542.616,-26.561539
1427157542.632,-33.33544
1427157542.648,-38.76625
1427157542.663,-42.801727
1427157542.679,-45.50531
1427157542.694,-47.123367
1427157542.71,-47.998215
1427157542.726,-48.4562
1427157542.741,-48.74382
1427157542.757,-48.95835
1427157542.773,-49.131523
1427157542.788,-49.254982
1427157542.804,-49.36345
1427157542.819,-49.477493
1427157542.835,-49.585037
1427157542.851,-49.534447
1427157542.866,-49.04606
1427157542.882,-47.779465
1427157542.898,-45.47995
1427157542.913,-42.127182
1427157542.929,-37.927444
1427157542.944,-33.23391
1427157542.96,-28.311539
1427157542.976,-23.260956
1427157542.991,-17.966858
1427157543.007,-12.200966
1427157543.023,-5.8413086
1427157543.038,1.0375519
1427157543.054,8.14254
1427157543.069,15.072166
1427157543.085,21.492256
1427157543.101,27.240013
1427157543.116,32.371056
1427157543.132,37.150314
1427157543.148,41.97763
1427157543.163,47.359398
1427157543.179,53.743607
1427157543.194,61.316963
1427157543.21,69.68938
1427157543.226,77.72077
1427157543.241,83.63428
1427157543.257,85.53601
1427157543.273,82.06103
1427157543.288,73.017654
1427157543.304,59.52054
1427157543.32,43.627274
1427157543.335,27.573372
1427157543.351,13.024666
1427157543.366,0.6934738
1427157543.382,-9.559959
1427157543.398,-18.25122
1427157543.413,-25.774193
1427157543.429,-32.125137
1427157543.444,-37.000435
1427157543.46,-40.095284
1427157543.476,-41.40754
1427157543.491,-41.36708
1427157543.507,-40.663956
1427157543.523,-40.012497
1427157543.538,-39.849434
1427157543.554,-40.212585
1427157543.57,-40.755867
1427157543.585,-40.992867
1427157543.601,-40.49848
1427157543.616,-39.157677
1427157543.632,-37.141495
1427157543.648,-34.83763
1427157543.663,-32.58937
1427157543.679,-30.53302
1427157543.695,-28.497269
1427157543.71,-26.07573
1427157543.726,-22.809433
1427157543.741,-18.427673
1427157543.757,-12.955933
1427157543.773,-6.7507477
1427157543.788,-0.3318329
1427157543.804,5.7902527
1427157543.82,11.295204
1427157543.835,16.154327
1427157543.851,20.585373
1427157543.866,24.926239
1427157543.882,29.58371
1427157543.898,34.906677
1427157543.913,41.15838
1427157543.929,48.411232
1427157543.945,56.397102
1427157543.96,64.33151
1427157543.976,70.87208
1427157543.991,74.38378
1427157544.007,73.43782
1427157544.023,67.385315
1427157544.038,56.725685
1427157544.054,42.949837
1427157544.07,28.087181
1427157544.085,13.919022
1427157544.101,1.5041275
1427157544.116,-8.949707
1427157544.132,-17.739174
1427157544.148,-25.215324
1427157544.163,-31.430344
1427157544.179,-36.13382
1427157544.195,-39.044174
1427157544.21,-40.177338
1427157544.226,-39.980614
1427157544.241,-39.175682
1427157544.257,-38.48648
1427157544.273,-38.312958
1427157544.288,-38.62075
1427157544.304,-39.061638
1427157544.32,-39.199387
1427157544.335,-38.774582
1427157544.351,-37.76223
1427157544.366,-36.379585
1427157544.382,-34.862892
1427157544.398,-33.332054
1427157544.413,-31.654083
1427157544.429,-29.501938
1427157544.445,-26.49414
1427157544.46,-22.343636
1427157544.476,-17.014664
1427157544.491,-10.773453
1427157544.507,-4.1273346
1427157544.523,2.3443375
1427157544.538,8.193405
1427157544.554,13.262192
1427157544.57,17.744392
1427157544.585,22.122253
1427157544.601,27.019028
1427157544.616,32.9834
1427157544.632,40.34738
1427157544.648,49.022697
1427157544.663,58.415665
1427157544.679,67.376076
1427157544.695,74.35165
1427157544.71,77.714134
1427157544.726,76.27965
1427157544.741,69.74302
1427157544.757,58.86345
1427157544.773,45.23613
1427157544.788,30.748291
1427157544.804,16.978798
1427157544.82,4.7634735
1427157544.835,-5.8131943
1427157544.851,-15.065483
1427157544.866,-23.273605
1427157544.882,-30.361656
1427157544.898,-35.93863
1427157544.913,-39.571022
1427157544.929,-41.151733
1427157544.945,-41.07023
1427157544.96,-40.148445
1427157544.976,-39.317642
1427157544.991,-39.21969
1427157545.007,-39.958748
1427157545.023,-41.113106
1427157545.038,-41.98777
1427157545.054,-42.001442
1427157545.07,-40.967865
1427157545.085,-39.176743
1427157545.101,-37.178444
1427157545.116,-35.466972
1427157545.132,-34.13308
1427157545.148,-32.803696
1427157545.163,-30.787384
1427157545.179,-27.381325
1427157545.195,-22.23124
1427157545.21,-15.522919
1427157545.226,-7.8717346
1427157545.241,-0.16313171
1427157545.257,6.8599167
1427157545.273,12.847099
1427157545.288,17.92656
1427157545.304,22.641571
1427157545.32,27.689384
1427157545.335,33.68943
1427157545.351,41.012283
1427157545.366,49.67694
1427157545.382,59.29731
1427157545.398,68.99467
1427157545.413,77.429924
1427157545.429,82.98329
1427157545.445,84.16849
1427157545.46,80.1188
1427157545.476,71.01517
1427157545.491,58.065422
1427157545.507,43.1547
1427157545.523,28.1846
1427157545.538,14.476898
1427157545.554,2.5158691
1427157545.57,-7.905281
1427157545.585,-17.234917
1427157545.601,-25.693375
1427157545.616,-33.110626
1427157545.632,-39.03801
1427157545.648,-43.07885
1427157545.663,-45.210945
1427157545.679,-45.870796
1427157545.695,-45.770393
1427157545.71,-45.645638
1427157545.726,-45.87155
1427157545.741,-46.414795
1427157545.757,-46.874413
1427157545.773,-46.787346
1427157545.788,-45.89476
1427157545.804,-44.30426
1427157545.82,-42.384193
1427157545.835,-40.54621
1427157545.851,-38.943718
1427157545.866,-37.35598
1427157545.882,-35.243088
1427157545.898,-31.988113
1427157545.913,-27.188988
1427157545.929,-20.892365
1427157545.945,-13.57058
1427157545.96,-5.9926376
1427157545.976,1.0583496
1427157545.992,7.093361
1427157546.007,12.0409775
1427157546.023,16.254486
1427157546.038,20.36132
1427157546.054,25.058273
1427157546.07,30.932114
1427157546.085,38.309715
1427157546.101,47.16662
1427157546.116,56.94816
1427157546.132,66.509834
1427157546.148,74.19509
1427157546.163,78.18461
1427157546.179,77.050316
1427157546.195,70.346695
1427157546.21,58.84443
1427157546.226,44.349075
1427157546.242,29.015099
1427157546.257,14.638824
1427157546.273,2.1129684
1427157546.288,-8.520515
1427157546.304,-17.740997
1427157546.32,-25.920013
1427157546.335,-33.060837
1427157546.351,-38.78656
1427157546.367,-42.68183
1427157546.382,-44.643288
1427157546.398,-45.02807
1427157546.413,-44.512268
1427157546.429,-43.810028
1427157546.445,-43.321495
1427157546.46,-43.04178
1427157546.476,-42.66472
1427157546.492,-41.810127
1427157546.507,-40.24752
1427157546.523,-38.063454
1427157546.538,-35.55789
1427157546.554,-33.131027
1427157546.57,-31.026749
1427157546.585,-29.203476
1427157546.601,-27.272797
1427157546.617,-24.667221
1427157546.632,-20.832977
1427157546.648,-15.531715
1427157546.663,-8.963409
1427157546.679,-1.7482605
1427157546.695,5.2839127
1427157546.71,11.408096
1427157546.726,16.313988
1427157546.742,20.207222
1427157546.757,23.718925
1427157546.773,27.6436
1427157546.788,32.689766
1427157546.804,39.237984
1427157546.82,47.27295
1427157546.835,56.290237
1427157546.851,65.266594
1427157546.867,72.744
1427157546.882,77.10546
1427157546.898,76.967804
1427157546.913,71.69561
1427157546.929,61.64943
1427157546.945,48.15954
1427157546.96,33.07843
1427157546.976,18.168747
1427157546.992,4.6125946
1427157547.007,-7.136574
1427157547.023,-17.183815
1427157547.038,-25.78379
1427157547.054,-33.054123
1427157547.07,-38.86812
1427157547.085,-43.020477
1427157547.101,-45.438736
1427157547.117,-46.357452
1427157547.132,-46.26764
1427157547.148,-45.80378
1427157547.163,-45.484795
1427157547.179,-45.580605
1427157547.195,-46.05581
1427157547.21,-46.63713
1427157547.226,-46.948395
1427157547.242,-46.669304
1427157547.257,-45.63099
1427157547.273,-43.847786
1427157547.288,-41.472893
1427157547.304,-38.72782
1427157547.32,-35.795204
1427157547.335,-32.732315
1427157547.351,-29.420082
1427157547.367,-25.61634
1427157547.382,-21.031113
1427157547.398,-15.498642
1427157547.413,-9.049988
1427157547.429,-1.9920044
1427157547.445,5.211685
1427157547.46,12.088661
1427157547.476,18.309608
1427157547.492,23.802727
1427157547.507,28.731949
1427157547.523,33.41426
1427157547.538,38.254017
1427157547.554,43.678726
1427157547.57,50.068756
1427157547.585,57.601646
1427157547.601,66.04414
1427157547.617,74.508514
1427157547.632,81.51126
1427157547.648,85.23241
1427157547.663,84.13881
1427157547.679,77.55614
1427157547.695,66.04497
1427157547.71,51.200893
1427157547.726,35.13604
1427157547.742,19.70465
1427157547.757,6.024494
1427157547.773,-5.647171
1427157547.788,-15.634708
1427157547.804,-24.365112
1427157547.82,-32.019577
1427157547.835,-38.451103
1427157547.851,-43.367256
1427157547.867,-46.603817
1427157547.882,-48.28711
1427157547.898,-48.897934
1427157547.913,-49.061073
1427157547.929,-49.325466
1427157547.945,-49.937225
1427157547.96,-50.81168
1427157547.976,-51.584454
1427157547.992,-51.85099
1427157548.007,-51.36871
1427157548.023,-50.183884
1427157548.038,-48.57817
1427157548.054,-46.9181
1427157548.07,-45.40344
1427157548.085,-43.997494
1427157548.101,-42.374245
1427157548.117,-40.149612
1427157548.132,-37.004448
1427157548.148,-32.912514
1427157548.163,-28.09063
1427157548.179,-22.96848
1427157548.195,-17.960201
1427157548.21,-13.36956
1427157548.226,-9.256901
1427157548.242,-5.495777
1427157548.257,-1.826096
1427157548.273,2.046507
1427157548.288,6.3094816
1427157548.304,11.005987
1427157548.32,16.022448
1427157548.335,21.126795
1427157548.351,26.074139
1427157548.367,30.691532
1427157548.382,34.926197
1427157548.398,38.861023
1427157548.413,42.677868
1427157548.429,46.593575
1427157548.445,50.92994
1427157548.46,56.013687
1427157548.476,62.11522
1427157548.492,69.22981
1427157548.507,76.8277
1427157548.523,83.70856
1427157548.538,88.182556
1427157548.554,88.528366
1427157548.57,83.669556
1427157548.585,73.649284
1427157548.601,59.725964
1427157548.617,43.935738
1427157548.632,28.339874
1427157548.648,14.381325
1427157548.663,2.5935822
1427157548.679,-7.2592964
1427157548.695,-15.658394
1427157548.71,-22.94954
1427157548.726,-29.107086
1427157548.742,-33.907795
1427157548.757,-37.19559
1427157548.773,-39.14037
1427157548.788,-40.224052
1427157548.804,-41.058613
1427157548.82,-42.092567
1427157548.835,-43.43091
1427157548.851,-44.78105
1427157548.867,-45.7085
1427157548.882,-45.83545
1427157548.898,-45.12688
1427157548.914,-43.891388
1427157548.929,-42.663372
1427157548.945,-41.885445
1427157548.96,-41.677414
1427157548.976,-41.718193
1427157548.992,-41.384933
1427157549.007,-40.020645
1427157549.023,-37.23092
1427157549.039,-33.070168
1427157549.054,-28.030457
1427157549.07,-22.804794
1427157549.085,-18.022278
1427157549.101,-13.946167
1427157549.117,-10.414009
1427157549.132,-6.937546
1427157549.148,-2.973343
1427157549.164,1.8295975
1427157549.179,7.402832
1427157549.195,13.3318405
1427157549.21,19.010017
1427157549.226,23.93599
1427157549.242,27.911072
1427157549.257,31.100304
1427157549.273,33.937683
1427157549.289,36.952454
1427157549.304,40.618645
1427157549.32,45.295845
1427157549.335,51.152428
1427157549.351,58.088432
1427157549.367,65.55613
1427157549.382,72.426384
1427157549.398,77.108635
1427157549.414,77.97876
1427157549.429,73.91883
1427157549.445,64.89863
1427157549.46,52.0493
1427157549.476,37.33574
1427157549.492,22.827599
1427157549.507,10.051605
1427157549.523,-0.41435242
1427157549.539,-8.75457
1427157549.554,-15.502724
1427157549.57,-21.07846
1427157549.585,-25.562584
1427157549.601,-28.77147
1427157549.617,-30.532616
1427157549.632,-30.902351
1427157549.648,-30.267403
1427157549.664,-29.19992
1427157549.679,-28.281364
1427157549.695,-27.861214
1427157549.71,-28.020401
1427157549.726,-28.573349
1427157549.742,-29.230888
1427157549.757,-29.725105
1427157549.773,-29.93013
1427157549.789,-29.79882
1427157549.804,-29.361916
1427157549.82,-28.593834
1427157549.835,-27.390808
1427157549.851,-25.616257
1427157549.867,-23.139343
1427157549.882,-19.89122
1427157549.898,-15.888596
1427157549.914,-11.219055
1427157549.929,-6.0828857
1427157549.945,-0.7241516
1427157549.96,4.5569916
1427157549.976,9.46373
1427157549.992,13.834351
1427157550.007,17.686493
1427157550.023,21.21022
1427157550.039,24.723724
1427157550.054,28.550034
1427157550.07,32.984085
1427157550.085,38.228775
1427157550.101,44.369858
1427157550.117,51.215607
1427157550.132,58.14914
1427157550.148,64.03616
1427157550.164,67.43585
1427157550.179,67.035324
1427157550.195,62.196793
1427157550.21,53.273132
1427157550.226,41.572357
1427157550.242,28.826645
1427157550.257,16.593826
1427157550.273,5.785446
1427157550.289,-3.392868
1427157550.304,-11.178253
1427157550.32,-17.863098
1427157550.335,-23.559158
1427157550.351,-28.146301
1427157550.367,-31.47992
1427157550.382,-33.52646
1427157550.398,-34.490707
1427157550.414,-34.694366
1427157550.429,-34.530365
1427157550.445,-34.298813
1427157550.46,-34.18602
1427157550.476,-34.238678
1427157550.492,-34.411697
1427157550.507,-34.61696
1427157550.523,-34.757706
1427157550.539,-34.736893
1427157550.554,-34.463104
1427157550.57,-33.80237
1427157550.585,-32.568787
1427157550.601,-30.583023
1427157550.617,-27.74704
1427157550.632,-24.160568
1427157550.648,-20.145905
1427157550.664,-16.105392
1427157550.679,-12.342392
1427157550.695,-8.878586
1427157550.71,-5.4542236
1427157550.726,-1.615921
1427157550.742,2.9369202
1427157550.757,8.2391815
1427157550.773,13.967087
1427157550.789,19.632751
1427157550.804,24.797531
1427157550.82,29.29634
1427157550.835,33.257446
1427157550.851,37.04042
1427157550.867,41.116714
1427157550.882,45.95102
1427157550.898,51.829056
1427157550.914,58.720734
1427157550.929,66.00203
1427157550.945,72.47
1427157550.96,76.45404
1427157550.976,76.37154
1427157550.992,71.32141
1427157551.007,61.566467
1427157551.023,48.4718
1427157551.039,34.019196
1427157551.054,20.070786
1427157551.07,7.754883
1427157551.085,-2.684616
1427157551.101,-11.564957
1427157551.117,-19.296295
1427157551.132,-25.96814
1427157551.148,-31.349808
1427157551.164,-35.10643
1427157551.179,-37.142914
1427157551.195,-37.78424
1427157551.21,-37.695313
1427157551.226,-37.584274
1427157551.242,-37.914017
1427157551.257,-38.730255
1427157551.273,-39.71248
1427157551.289,-40.386337
1427157551.304,-40.417053
1427157551.32,-39.73999
1427157551.335,-38.604218
1427157551.351,-37.39586
1427157551.367,-36.431244
1427157551.382,-35.75801
1427157551.398,-35.1268
1427157551.414,-34.108
1427157551.429,-32.26085
1427157551.445,-29.36
1427157551.46,-25.521881
1427157551.476,-21.104416
1427157551.492,-16.6557
1427157551.507,-12.608002
1427157551.523,-9.138992
1427157551.539,-6.082855
1427157551.554,-2.9950714
1427157551.57,0.6060028
1427157551.586,4.97789
1427157551.601,10.010773
1427157551.617,15.285721
1427157551.632,20.259323
1427157551.648,24.532639
1427157551.664,28.045471
1427157551.679,31.05922
1427157551.695,34.06743
1427157551.711,37.583755
1427157551.726,42.059692
1427157551.742,47.780136
1427157551.757,54.782364
1427157551.773,62.664566
1427157551.789,70.50151
1427157551.804,76.812454
1427157551.82,79.9337
1427157551.836,78.554214
1427157551.851,72.23715
1427157551.867,61.654068
1427157551.882,48.38759
1427157551.898,34.34886
1427157551.914,21.113083
1427157551.929,9.567032
1427157551.945,-0.16539001
1427157551.961,-8.362335
1427157551.976,-15.327499
1427157551.992,-21.162064
1427157552.007,-25.717026
1427157552.023,-28.83548
1427157552.039,-30.51361
1427157552.054,-31.046112
1427157552.07,-30.886047
1427157552.086,-30.57312
1427157552.101,-30.499146
1427157552.117,-30.82994
1427157552.132,-31.470688
1427157552.148,-32.182312
1427157552.164,-32.687927
1427157552.179,-32.78694
1427157552.195,-32.42453
1427157552.211,-31.628433
1427157552.226,-30.488281
1427157552.242,-29.051575
1427157552.257,-27.32994
1427157552.273,-25.270172
1427157552.289,-22.770584
1427157552.304,-19.695541
1427157552.32,-15.928139
1427157552.336,-11.442566
1427157552.351,-6.316086
1427157552.367,-0.82421875
1427157552.382,4.6475677
1427157552.398,9.706955
1427157552.414,14.125381
1427157552.429,17.899849
1427157552.445,21.266342
1427157552.461,24.604248
1427157552.476,28.317719
1427157552.492,32.770035
1427157552.507,38.24417
1427157552.523,44.81758
1427157552.539,52.220108
1427157552.554,59.58107
1427157552.57,65.47453
1427157552.586,68.17937
1427157552.601,66.3113
1427157552.617,59.39737
1427157552.632,48.22013
1427157552.648,34.561714
1427157552.664,20.534454
1427157552.679,7.8241653
1427157552.695,-2.8401108
1427157552.711,-11.592583
1427157552.726,-18.964157
1427157552.742,-25.346375
1427157552.757,-30.685043
1427157552.773,-34.58255
1427157552.789,-36.663445
1427157552.804,-36.946404
1427157552.82,-35.89176
1427157552.836,-34.291206
1427157552.851,-32.932533
1427157552.867,-32.315018
1427157552.882,-32.509598
1427157552.898,-33.24135
1427157552.914,-34.01349
1427157552.929,-34.37037
1427157552.945,-34.06305
1427157552.961,-33.108772
1427157552.976,-31.74128
1427157552.992,-30.25875
1427157553.007,-28.786446
1427157553.023,-27.216408
1427157553.039,-25.160835
1427157553.054,-22.202003
1427157553.07,-18.03289
1427157553.086,-12.678123
1427157553.101,-6.4743576
1427157553.117,0.022575378
1427157553.132,6.277397
1427157553.148,11.907253
1427157553.164,16.797207
1427157553.179,21.08273
1427157553.195,25.080055
1427157553.211,29.202038
1427157553.226,33.8939
1427157553.242,39.560738
1427157553.257,46.436428
1427157553.273,54.390606
1427157553.289,62.79468
1427157553.304,70.41017
1427157553.32,75.636215
1427157553.336,76.92283
1427157553.351,73.34283
1427157553.367,64.96576
1427157553.382,52.949963
1427157553.398,39.13598
1427157553.414,25.391518
1427157553.429,13.046169
1427157553.445,2.5453262
1427157553.461,-6.3649673
1427157553.476,-14.199163
1427157553.492,-21.293032
1427157553.507,-27.54641
1427157553.523,-32.555153
1427157553.539,-35.906464
1427157553.554,-37.527275
1427157553.57,-37.749302
1427157553.586,-37.23005
1427157553.601,-36.63369
1427157553.617,-36.400894
1427157553.632,-36.583614
1427157553.648,-36.946568
1427157553.664,-37.10418
1427157553.679,-36.723274
1427157553.695,-35.632545
1427157553.711,-33.84416
1427157553.726,-31.554873
1427157553.742,-28.994495
1427157553.757,-26.34925
1427157553.773,-23.68124
1427157553.789,-20.786612
1427157553.804,-17.324436
1427157553.82,-12.9107
1427157553.836,-7.3778543
1427157553.851,-0.8678694
1427157553.867,6.0999775
1427157553.882,12.914337
1427157553.898,19.082977
1427157553.914,24.487526
1427157553.929,29.4083
1427157553.945,34.32376
1427157553.961,39.676914
1427157553.976,45.772274
1427157553.992,52.755253
1427157554.007,60.653553
1427157554.023,69.39495
1427157554.039,78.58608
1427157554.054,87.301155
1427157554.07,94.1032
1427157554.086,97.33554
1427157554.101,95.71829
1427157554.117,88.850586
1427157554.132,77.47878
1427157554.148,63.186325
1427157554.164,47.80169
1427157554.179,32.768646
1427157554.195,18.819984
1427157554.211,6.067932
1427157554.226,-5.6432114
1427157554.242,-16.383339
1427157554.258,-25.997993
1427157554.273,-34.22361
1427157554.289,-40.897667
1427157554.304,-46.130928
1427157554.32,-50.28051
1427157554.336,-53.776398
1427157554.351,-56.919327
1427157554.367,-59.79805
1427157554.382,-62.246254
1427157554.398,-63.998306
1427157554.414,-64.86501
1427157554.429,-64.87816
1427157554.445,-64.25455
1427157554.461,-63.321167
1427157554.476,-62.264603
1427157554.492,-60.971725
1427157554.508,-59.009247
1427157554.523,-55.76715
1427157554.539,-50.778534
1427157554.554,-43.97621
1427157554.57,-35.8002
1427157554.586,-27.055481
1427157554.601,-18.5943
1427157554.617,-11.002243
1427157554.633,-4.359329
1427157554.648,1.7128906
1427157554.664,7.888336
1427157554.679,14.856705
1427157554.695,23.125214
1427157554.711,32.792587
1427157554.726,43.458908
1427157554.742,54.12079
1427157554.758,63.313324
1427157554.773,69.35695
1427157554.789,70.85161
1427157554.804,67.13907
1427157554.82,58.584152
1427157554.836,46.442947
1427157554.851,32.45468
1427157554.867,18.245987
1427157554.883,4.903824
1427157554.898,-7.135086
1427157554.914,-17.831848
1427157554.929,-27.246567
1427157554.945,-35.26335
1427157554.961,-41.641556
1427157554.976,-46.15808
1427157554.992,-48.860596
1427157555.008,-50.08206
1427157555.023,-50.360565
1427157555.039,-50.21202
1427157555.054,-49.916565
1427157555.07,-49.50789
1427157555.086,-48.84201
1427157555.101,-47.72876
1427157555.117,-46.10765
1427157555.133,-44.08658
1427157555.148,-41.9265
1427157555.164,-39.858948
1427157555.179,-37.98059
1427157555.195,-36.089233
1427157555.211,-33.73987
1427157555.226,-30.35521
1427157555.242,-25.519974
1427157555.258,-19.152237
1427157555.273,-11.641693
1427157555.289,-3.7169037
1427157555.304,3.809616
1427157555.32,10.412781
1427157555.336,16.026077
1427157555.351,21.072098
1427157555.367,26.25682
1427157555.383,32.319733
1427157555.398,39.771576
1427157555.414,48.703888
1427157555.429,58.644104
1427157555.445,68.5152
1427157555.461,76.710175
1427157555.476,81.439865
1427157555.492,81.202835
1427157555.508,75.38965
1427157555.523,64.512375
1427157555.539,50.117004
1427157555.554,34.212677
1427157555.57,18.606277
1427157555.586,4.345413
1427157555.601,-8.320221
1427157555.617,-19.619736
1427157555.633,-29.767471
1427157555.648,-38.665176
1427157555.664,-45.894974
1427157555.679,-51.01468
1427157555.695,-53.903763
1427157555.711,-54.916046
1427157555.726,-54.795227
1427157555.742,-54.39563
1427157555.758,-54.335815
1427157555.773,-54.80606
1427157555.789,-55.521515
1427157555.804,-55.92079
1427157555.82,-55.43698
1427157555.836,-53.780792
1427157555.851,-51.050232
1427157555.867,-47.70288
1427157555.883,-44.296326
1427157555.898,-41.164673
1427157555.914,-38.21576
1427157555.929,-34.92331
1427157555.945,-30.587677
1427157555.961,-24.710754
1427157555.976,-17.268097
1427157555.992,-8.797974
1427157556.008,-0.16012573
1427157556.023,7.829956
1427157556.039,14.747009
1427157556.054,20.675598
1427157556.07,26.093658
1427157556.086,31.628021
1427157556.101,37.822357
1427157556.117,44.98578
1427157556.133,53.248535
1427157556.148,62.44052
1427157556.164,72.03781
1427157556.179,81.02307
1427157556.195,87.904205
1427157556.211,90.99942
1427157556.226,89.00473
1427157556.242,81.50256
1427157556.258,69.20389
1427157556.273,53.747284
1427157556.289,37.107697
1427157556.304,20.905792
1427157556.32,6.0218506
1427157556.336,-7.4086304
1427157556.351,-19.625977
1427157556.367,-30.817612
1427157556.383,-40.870255
1427157556.398,-49.420563
1427157556.414,-56.10176
1427157556.429,-60.80371
1427157556.445,-63.759445
1427157556.461,-65.45889
1427157556.476,-66.41809
1427157556.492,-66.977585
1427157556.508,-67.20233
1427157556.523,-66.96863
1427157556.539,-66.13463
1427157556.554,-64.704254
1427157556.57,-62.877396
1427157556.586,-60.953354
1427157556.601,-59.1055
1427157556.617,-57.272675
1427157556.633,-55.1015
1427157556.648,-52.141052
1427157556.664,-48.062225
1427157556.679,-42.90248
1427157556.695,-37.061356
1427157556.711,-31.164047
1427157556.726,-25.737442
1427157556.742,-20.943192
1427157556.758,-16.512634
1427157556.773,-11.872665
1427157556.789,-6.4199677
1427157556.804,0.11955261
1427157556.82,7.582428
1427157556.836,15.403656
1427157556.851,22.875946
1427157556.867,29.43605
1427157556.883,34.911224
1427157556.898,39.550262
1427157556.914,43.923645
1427157556.93,48.728714
1427157556.945,54.60582
1427157556.961,61.90518
1427157556.976,70.53613
1427157556.992,79.7514
1427157557.008,88.155975
1427157557.023,93.890305
1427157557.039,95.1774
1427157557.054,90.89748
1427157557.07,81.1311
1427157557.086,67.101
1427157557.101,50.79767
1427157557.117,34.253418
1427157557.133,18.902618
1427157557.148,5.33226
1427157557.164,-6.5344543
1427157557.18,-17.029938
1427157557.195,-26.315079
1427157557.211,-34.24498
1427157557.226,-40.50035
1427157557.242,-44.80931
1427157557.258,-47.223434
1427157557.273,-48.134872
1427157557.289,-48.137634
1427157557.305,-47.83249
1427157557.32,-47.589264
1427157557.336,-47.521347
1427157557.351,-47.460068
1427157557.367,-47.16658
1427157557.383,-46.407547
1427157557.398,-45.114807
1427157557.414,-43.339554
1427157557.43,-41.259323
1427157557.445,-39.023575
1427157557.461,-36.70201
1427157557.476,-34.239166
1427157557.492,-31.476028
1427157557.508,-28.197906
1427157557.523,-24.224655
1427157557.539,-19.475601
1427157557.555,-14.026962
1427157557.57,-8.075912
1427157557.586,-1.973465
1427157557.601,3.9558563
1427157557.617,9.444885
1427157557.633,14.414185
1427157557.648,18.957962
1427157557.664,23.350296
1427157557.68,27.94786
1427157557.695,33.165573
1427157557.711,39.36479
1427157557.726,46.762314
1427157557.742,55.246826
1427157557.758,64.191864
1427157557.773,72.35777
1427157557.789,78.11613
1427157557.805,79.82267
1427157557.82,76.396286
1427157557.836,67.783
1427157557.851,55.035065
1427157557.867,39.988503
1427157557.883,24.665634
1427157557.898,10.608917
1427157557.914,-1.470314
1427157557.93,-11.63134
1427157557.945,-20.320518
1427157557.961,-27.948593
1427157557.976,-34.576317
1427157557.992,-39.97477
1427157558.008,-43.84246
1427157558.023,-46.11447
1427157558.039,-47.06469
1427157558.055,-47.21901
1427157558.07,-47.1308
1427157558.086,-47.148544
1427157558.101,-47.319008
1427157558.117,-47.46074
1427157558.133,-47.34967
1427157558.148,-46.885742
1427157558.164,-46.12481
1427157558.18,-45.20131
1427157558.195,-44.185616
1427157558.211,-42.998543
1427157558.226,-41.411713
1427157558.242,-39.164513
1427157558.258,-36.072285
1427157558.273,-32.16148
1427157558.289,-27.624798
1427157558.305,-22.77655
1427157558.32,-17.859558
1427157558.336,-12.960911
1427157558.351,-7.9654846
1427157558.367,-2.6612778
1427157558.383,3.1021996
1427157558.398,9.271938
1427157558.414,15.577099
1427157558.43,21.630398
1427157558.445,27.11203
1427157558.461,31.919308
1427157558.476,36.245323
1427157558.492,40.52738
1427157558.508,45.347946
1427157558.523,51.22757
1427157558.539,58.398235
1427157558.555,66.53574
1427157558.57,74.602234
1427157558.586,80.98087
1427157558.601,83.875336
1427157558.617,81.97232
1427157558.633,74.96753
1427157558.648,63.728565
1427157558.664,49.996677
1427157558.68,35.67225
1427157558.695,22.178474
1427157558.711,10.1387005
1427157558.726,-0.4845333
1427157558.742,-10.008991
1427157558.758,-18.59658
1427157558.773,-26.098759
1427157558.789,-32.186142
1427157558.805,-36.638897
1427157558.82,-39.48482
1427157558.836,-41.052624
1427157558.851,-41.809395
1427157558.867,-42.180958
1427157558.883,-42.414524
1427157558.898,-42.583405
1427157558.914,-42.637836
1427157558.93,-42.47991
1427157558.945,-42.084244
1427157558.961,-41.507076
1427157558.976,-40.853218
1427157558.992,-40.19356
1427157559.008,-39.50841
1427157559.023,-38.67519
1427157559.039,-37.502068
1427157559.055,-35.806133
1427157559.07,-33.470093
1427157559.086,-30.484596
1427157559.101,-26.929428
1427157559.117,-22.945808
1427157559.133,-18.734322
1427157559.148,-14.513153
1427157559.164,-10.466202
1427157559.18,-6.6896896
1427157559.195,-3.1088028
1427157559.211,0.45485687
1427157559.226,4.2632523
1427157559.242,8.460434
1427157559.258,13.003578
1427157559.273,17.648605
1427157559.289,22.045692
1427157559.305,25.908318
1427157559.32,29.121132
1427157559.336,31.80542
1427157559.351,34.260536
1427157559.367,36.858986
1427157559.383,40.001007
1427157559.398,44.037125
1427157559.414,49.216866
1427157559.43,55.52603
1427157559.445,62.54973
1427157559.461,69.347305
1427157559.476,74.54988
1427157559.492,76.69443
1427157559.508,74.72386
1427157559.523,68.385605
1427157559.539,58.414856
1427157559.555,46.272644
1427157559.57,33.616364
1427157559.586,21.778122
1427157559.601,11.400223
1427157559.617,2.5079346
1427157559.633,-5.2026215
1427157559.648,-11.999832
1427157559.664,-17.901428
1427157559.68,-22.709305
1427157559.695,-26.181732
1427157559.711,-28.280075
1427157559.726,-29.242859
1427157559.742,-29.53572
1427157559.758,-29.637375
1427157559.773,-29.86325
1427157559.789,-30.27353
1427157559.805,-30.697495
1427157559.82,-30.87999
1427157559.836,-30.687286
1427157559.852,-30.182281
1427157559.867,-29.602097
1427157559.883,-29.20488
1427157559.898,-29.106903
1427157559.914,-29.154938
1427157559.93,-28.949753
1427157559.945,-28.035172
1427157559.961,-26.124695
1427157559.977,-23.194305
1427157559.992,-19.558578
1427157560.008,-15.666351
1427157560.023,-11.976334
1427157560.039,-8.743195
1427157560.055,-6.0079803
1427157560.07,-3.5557709
1427157560.086,-1.0624237
1427157560.102,1.8178558
1427157560.117,5.282089
1427157560.133,9.336853
1427157560.148,13.730988
1427157560.164,18.11911
1427157560.18,22.12735
1427157560.195,25.525146
1427157560.211,28.307175
1427157560.227,30.711487
1427157560.242,33.13948
1427157560.258,36.047607
1427157560.273,39.850677
1427157560.289,44.757004
1427157560.305,50.6223
1427157560.32,56.892517
1427157560.336,62.537216
1427157560.352,66.20473
1427157560.367,66.62627
1427157560.383,63.000275
1427157560.398,55.372467
1427157560.414,44.665756
1427157560.43,32.388412
1427157560.445,20.168442
1427157560.461,9.185745
1427157560.477,0.012283325
1427157560.492,-7.396469
1427157560.508,-13.315552
1427157560.523,-17.996796
1427157560.539,-21.463394
1427157560.555,-23.608002
1427157560.57,-24.380676
1427157560.586,-23.996933
1427157560.602,-22.951843
1427157560.617,-21.846024
1427157560.633,-21.17334
1427157560.648,-21.140625
1427157560.664,-21.624313
1427157560.68,-22.288422
1427157560.695,-22.766998
1427157560.711,-22.852524
1427157560.727,-22.50235
1427157560.742,-21.820496
1427157560.758,-20.913376
1427157560.773,-19.827621
1427157560.789,-18.510315
1427157560.805,-16.907059
1427157560.82,-14.949265
1427157560.836,-12.637131
1427157560.852,-9.990295
1427157560.867,-7.03804
1427157560.883,-3.8061981
1427157560.898,-0.3498993
1427157560.914,3.1948395
1427157560.93,6.6493073
1427157560.945,9.852539
1427157560.961,12.759888
1427157560.977,15.480652
1427157560.992,18.26593
1427157561.008,21.438538
1427157561.023,25.27356
1427157561.039,29.945892
1427157561.055,35.488464
1427157561.07,41.707428
1427157561.086,48.087494
1427157561.102,53.754242
1427157561.117,57.566986
1427157561.133,58.431396
1427157561.148,55.667297
1427157561.164,49.375427
1427157561.18,40.39627
1427157561.195,30.088623
1427157561.211,19.814789
1427157561.227,10.523407
1427157561.242,2.5687866
1427157561.258,-4.160034
1427157561.273,-9.954132
1427157561.289,-15.001526
1427157561.305,-19.2518
1427157561.32,-22.492035
1427157561.336,-24.549713
1427157561.352,-25.46051
1427157561.367,-25.519989
1427157561.383,-25.184052
1427157561.398,-24.897247
1427157561.414,-24.901794
1427157561.43,-25.21051
1427157561.445,-25.620728
1427157561.461,-25.924606
1427157561.477,-26.003922
1427157561.492,-25.902252
1427157561.508,-25.725998
1427157561.523,-25.508041
1427157561.539,-25.144302
1427157561.555,-24.419403
1427157561.57,-23.14595
1427157561.586,-21.269897
1427157561.602,-18.908447
1427157561.617,-16.273224
1427157561.633,-13.511856
1427157561.648,-10.663162
1427157561.664,-7.607956
1427157561.68,-4.170273
1427157561.695,-0.20019531
1427157561.711,4.271988
1427157561.727,9.109955
1427157561.742,14.060059
1427157561.758,18.860214
1427157561.773,23.324463
1427157561.789,27.416763
1427157561.805,31.236237
1427157561.82,35.039
1427157561.836,39.17334
1427157561.852,43.968628
1427157561.867,49.56047
1427157561.883,55.71791
1427157561.898,61.680023
1427157561.914,66.266266
1427157561.93,68.12254
1427157561.945,66.22412
1427157561.961,60.218414
1427157561.977,50.693207
1427157561.992,38.9337
1427157562.008,26.540588
1427157562.023,14.871048
1427157562.039,4.7272644
1427157562.055,-3.7154388
1427157562.07,-10.665115
1427157562.086,-16.40181
1427157562.102,-21.080765
1427157562.117,-24.714142
1427157562.133,-27.283447
1427157562.148,-28.877975
1427157562.164,-29.750061
1427157562.18,-30.282501
1427157562.195,-30.782547
1427157562.211,-31.409927
1427157562.227,-32.104416
1427157562.242,-32.669266
1427157562.258,-32.92154
1427157562.273,-32.845764
1427157562.289,-32.55429
1427157562.305,-32.241776
1427157562.32,-31.975372
1427157562.336,-31.61316
1427157562.352,-30.815536
1427157562.367,-29.236298
1427157562.383,-26.696487
1427157562.398,-23.325424
1427157562.414,-19.493088
1427157562.43,-15.663223
1427157562.445,-12.166595
1427157562.461,-9.092712
1427157562.477,-6.270233
1427157562.492,-3.3858795
1427157562.508,-0.17921448
1427157562.524,3.4589996
1427157562.539,7.475403
1427157562.555,11.672379
1427157562.57,15.84021
1427157562.586,19.8208
1427157562.602,23.580383
1427157562.617,27.226044
1427157562.633,31.007523
1427157562.649,35.25621
1427157562.664,40.32675
1427157562.68,46.384872
1427157562.695,53.193954
1427157562.711,59.929367
1427157562.727,65.24455
1427157562.742,67.59212
1427157562.758,65.79414
1427157562.774,59.51329
1427157562.789,49.50682
1427157562.805,37.332016
1427157562.82,24.793884
1427157562.836,13.306229
1427157562.852,3.5260925
1427157562.867,-4.6234283
1427157562.883,-11.5737915
1427157562.899,-17.673355
1427157562.914,-22.944351
1427157562.93,-27.10733
1427157562.945,-29.828537
1427157562.961,-31.032928
1427157562.977,-31.009125
1427157562.992,-30.33789
1427157563.008,-29.646286
1427157563.024,-29.381989
1427157563.039,-29.596237
1427157563.055,-30.033966
1427157563.07,-30.273636
1427157563.086,-29.984634
1427157563.102,-29.07103
1427157563.117,-27.703949
1427157563.133,-26.17978
1427157563.149,-24.734375
1427157563.164,-23.379074
1427157563.18,-21.89531
1427157563.195,-19.927322
1427157563.211,-17.168839
1427157563.227,-13.486984
1427157563.242,-9.019379
1427157563.258,-4.118683
1427157563.274,0.74575806
1427157563.289,5.208725
1427157563.305,9.089241
1427157563.32,12.496536
1427157563.336,15.714981
1427157563.352,19.136986
1427157563.367,23.12091
1427157563.383,27.932404
1427157563.399,33.705162
1427157563.414,40.376793
1427157563.43,47.57248
1427157563.445,54.52085
1427157563.461,60.051437
1427157563.477,62.832024
1427157563.492,61.770447
1427157563.508,56.471855
1427157563.524,47.40355
1427157563.539,35.839508
1427157563.555,23.37362
1427157563.57,11.431984
1427157563.586,0.82224274
1427157563.602,-8.270416
1427157563.617,-16.037605
1427157563.633,-22.689941
1427157563.649,-28.2248
1427157563.664,-32.375366
1427157563.68,-34.894814
1427157563.695,-35.76509
1427157563.711,-35.341118
1427157563.727,-34.267723
1427157563.742,-33.240677
1427157563.758,-32.720848
1427157563.774,-32.793785
1427157563.789,-33.17868
1427157563.805,-33.416664
1427157563.82,-33.112648
1427157563.836,-32.149033
1427157563.852,-30.71038
1427157563.867,-29.166351
1427157563.883,-27.826645
1427157563.899,-26.751446
1427157563.914,-25.658066
1427157563.93,-24.013165
1427157563.945,-21.275185
1427157563.961,-17.152218
1427157563.977,-11.773258
1427157563.992,-5.668564
1427157564.008,0.43940353
1427157564.024,5.8941765
1427157564.039,10.406605
1427157564.055,14.112762
1427157564.07,17.558758
1427157564.086,21.443531
1427157564.102,26.425869
1427157564.117,32.873817
1427157564.133,40.79003
1427157564.149,49.698277
1427157564.164,58.65969
1427157564.18,66.33839
1427157564.195,71.253296
1427157564.211,72.155685
1427157564.227,68.424034
1427157564.242,60.336422
1427157564.258,49.009514
1427157564.274,36.05502
1427157564.289,23.013575
1427157564.305,10.93978
1427157564.32,0.20526457
1427157564.336,-9.297663
1427157564.352,-17.828598
1427157564.367,-25.517403
1427157564.383,-32.188145
1427157564.399,-37.55786
1427157564.414,-41.420967
1427157564.43,-43.83709
1427157564.445,-45.151688
1427157564.461,-45.862713
1427157564.477,-46.398994
1427157564.492,-46.98987
1427157564.508,-47.588806
1427157564.524,-48.0096
1427157564.539,-48.078453
1427157564.555,-47.779457
1427157564.57,-47.28093
1427157564.586,-46.841087
1427157564.602,-46.60324
1427157564.617,-46.469925
1427157564.633,-46.051888
1427157564.649,-44.83541
1427157564.664,-42.39097
1427157564.68,-38.62231
1427157564.695,-33.82283
1427157564.711,-28.592564
1427157564.727,-23.57064
1427157564.742,-19.171314
1427157564.758,-15.394432
1427157564.774,-11.854729
1427157564.789,-7.962021
1427157564.805,-3.2568321
1427157564.82,2.4000626
1427157564.836,8.731613
1427157564.852,15.212929
1427157564.867,21.303131
1427157564.883,26.727707
1427157564.899,31.532196
1427157564.914,36.090427
1427157564.93,40.941185
1427157564.945,46.624638
1427157564.961,53.564556
1427157564.977,61.893414
1427157564.992,71.28121
1427157565.008,80.82068
1427157565.024,89.04148
1427157565.039,94.21425
1427157565.055,94.84906
1427157565.07,90.251205
1427157565.086,80.74422
1427157565.102,67.61471
1427157565.117,52.570328
1427157565.133,37.1874
1427157565.149,22.486435
1427157565.164,8.899269
1427157565.18,-3.5140305
1427157565.196,-14.736938
1427157565.211,-24.59475
1427157565.227,-32.80326
1427157565.242,-39.169037
1427157565.258,-43.724655
1427157565.274,-46.832054
1427157565.289,-49.015274
1427157565.305,-50.821594
1427157565.32,-52.587593
1427157565.336,-54.378906
1427157565.352,-56.015877
1427157565.367,-57.24186
1427157565.383,-57.84144
1427157565.399,-57.79727
1427157565.414,-57.26864
1427157565.43,-56.546494
1427157565.446,-55.820045
1427157565.461,-55.059906
1427157565.477,-53.937866
1427157565.492,-51.995956
1427157565.508,-48.843933
1427157565.524,-44.422035
1427157565.539,-39.06803
1427157565.555,-33.394325
1427157565.571,-28.010933
1427157565.586,-23.22364
1427157565.602,-18.948051
1427157565.617,-14.78537
1427157565.633,-10.231552
1427157565.649,-4.9800034
1427157565.664,0.99627686
1427157565.68,7.4058304
1427157565.696,13.797821
1427157565.711,19.717644
1427157565.727,24.88173
1427157565.742,29.234795
1427157565.758,33.020767
1427157565.774,36.69519
1427157565.789,40.88202
1427157565.805,46.20514
1427157565.821,53.095528
1427157565.836,61.495415
1427157565.852,70.74115
1427157565.867,79.48544
1427157565.883,85.95167
1427157565.899,88.388824
1427157565.914,85.66611
1427157565.93,77.634544
1427157565.946,65.268616
1427157565.961,50.323814
1427157565.977,34.74182
1427157565.992,20.06955
1427157566.008,7.0985413
1427157566.024,-4.125046
1427157566.039,-13.932831
1427157566.055,-22.65561
1427157566.071,-30.339249
1427157566.086,-36.718292
1427157566.102,-41.456818
1427157566.117,-44.386566
1427157566.133,-45.695206
1427157566.149,-45.906784
1427157566.164,-45.671417
1427157566.18,-45.5475
1427157566.196,-45.821014
1427157566.211,-46.47116
1427157566.227,-47.25992
1427157566.242,-47.938507
1427157566.258,-48.292084
1427157566.274,-48.220337
1427157566.289,-47.6418
1427157566.305,-46.43184
1427157566.321,-44.462265
1427157566.336,-41.64044
1427157566.352,-37.996307
1427157566.367,-33.713715
1427157566.383,-29.018661
1427157566.399,-24.131592
1427157566.414,-19.103134
1427157566.43,-13.901855
1427157566.446,-8.457977
1427157566.461,-2.7657776
1427157566.477,3.036148
1427157566.492,8.734848
1427157566.508,14.142532
1427157566.524,19.176788
1427157566.539,23.912048
1427157566.555,28.55629
1427157566.571,33.44171
1427157566.586,38.92569
1427157566.602,45.369125
1427157566.617,52.884064
1427157566.633,61.190475
1427157566.649,69.37303
1427157566.664,75.96025
1427157566.68,79.23949
1427157566.696,77.83241
1427157566.711,71.22075
1427157566.727,60.024475
1427157566.742,45.82187
1427157566.758,30.57338
1427157566.774,15.928986
1427157566.789,2.8408203
1427157566.805,-8.534866
1427157566.821,-18.487656
1427157566.836,-27.36348
1427157566.852,-35.20479
1427157566.867,-41.802307
1427157566.883,-46.8313
1427157566.899,-50.183548
1427157566.914,-52.067154
1427157566.93,-52.984024
1427157566.946,-53.522705
1427157566.961,-54.090714
1427157566.977,-54.802414
1427157566.992,-55.500534
1427157567.008,-55.89737
1427157567.024,-55.782227
1427157567.039,-55.13159
1427157567.055,-54.091263
1427157567.071,-52.874374
1427157567.086,-51.63887
1427157567.102,-50.349243
1427157567.117,-48.823822
1427157567.133,-46.753418
1427157567.149,-43.883957
1427157567.164,-40.083344
1427157567.18,-35.47249
1427157567.196,-30.367584
1427157567.211,-25.202713
1427157567.227,-20.355087
1427157567.242,-15.962494
1427157567.258,-11.851181
1427157567.274,-7.645584
1427157567.289,-2.93956
1427157567.305,2.5037384
1427157567.321,8.608719
1427157567.336,14.999207
1427157567.352,21.232101
1427157567.367,26.9039
1427157567.383,31.845688
1427157567.399,36.146683
1427157567.414,40.122025
1427157567.43,44.202606
1427157567.446,48.88945
1427157567.461,54.65033
1427157567.477,61.83484
1427157567.492,70.39395
1427157567.508,79.696075
1427157567.524,88.42613
1427157567.539,94.74431
1427157567.555,96.81987
1427157567.571,93.440765
1427157567.586,84.4684
1427157567.602,70.94461
1427157567.617,54.744217
1427157567.633,37.954117
1427157567.649,22.172684
1427157567.664,8.210449
1427157567.68,-3.912735
1427157567.696,-14.566437
1427157567.711,-24.102768
1427157567.727,-32.54074
1427157567.742,-39.606613
1427157567.758,-44.939133
1427157567.774,-48.404953
1427157567.789,-50.242188
1427157567.805,-51.011993
1427157567.821,-51.384842
1427157567.836,-51.875565
1427157567.852,-52.63002
1427157567.868,-53.4889
1427157567.883,-54.10627
1427157567.899,-54.234108
1427157567.914,-53.838043
1427157567.93,-53.1194
1427157567.946,-52.333885
1427157567.961,-51.61789
1427157567.977,-50.836662
1427157567.992,-49.661278
1427157568.008,-47.681244
1427157568.024,-44.603874
1427157568.039,-40.396988
1427157568.055,-35.314102
1427157568.071,-29.767296
1427157568.086,-24.21128
1427157568.102,-18.998688
1427157568.118,-14.316864
1427157568.133,-10.161392
1427157568.149,-6.3976135
1427157568.164,-2.784645
1427157568.18,0.9504013
1427157568.196,5.061821
1427157568.211,9.671463
1427157568.227,14.747978
1427157568.243,20.05587
1427157568.258,25.285515
1427157568.274,30.167343
1427157568.289,34.621033
1427157568.305,38.80458
1427157568.321,43.071434
1427157568.336,47.86351
1427157568.352,53.60724
1427157568.368,60.499336
1427157568.383,68.36528
1427157568.399,76.483955
1427157568.414,83.6133
1427157568.43,88.129906
1427157568.446,88.50743
1427157568.461,83.831215
1427157568.477,74.180565
1427157568.493,60.66902
1427157568.508,45.10685
1427157568.524,29.412254
1427157568.539,15.042999
1427157568.555,2.719902
1427157568.571,-7.495865
1427157568.586,-15.90696
1427157568.602,-22.834564
1427157568.618,-28.457596
1427157568.633,-32.779617
1427157568.649,-35.83271
1427157568.664,-37.772987
1427157568.68,-38.952667
1427157568.696,-39.78543
1427157568.711,-40.6295
1427157568.727,-41.61483
1427157568.743,-42.625275
1427157568.758,-43.408455
1427157568.774,-43.76474
1427157568.789,-43.668854
1427157568.805,-43.287018
1427157568.821,-42.81395
1427157568.836,-42.320137
1427157568.852,-41.589417
1427157568.868,-40.220917
1427157568.883,-37.840534
1427157568.899,-34.341026
1427157568.914,-29.941086
1427157568.93,-25.185238
1427157568.946,-20.618538
1427157568.961,-16.575855
1427157568.977,-12.99765
1427157568.993,-9.540939
1427157569.008,-5.7400627
1427157569.024,-1.2973976
1427157569.039,3.7919006
1427157569.055,9.257721
1427157569.071,14.675453
1427157569.086,19.688786
1427157569.102,24.119953
1427157569.118,28.044132
1427157569.133,31.764332
1427157569.149,35.69103
1427157569.164,40.2744
1427157569.18,45.870598
1427157569.196,52.583347
1427157569.211,60.06879
1427157569.227,67.41354
1427157569.243,73.1788
1427157569.258,75.773926
1427157569.274,73.93236
1427157569.289,67.25074
1427157569.305,56.41326
1427157569.321,42.996613
1427157569.336,28.928009
1427157569.352,15.820801
1427157569.368,4.509655
1427157569.383,-4.968033
1427157569.399,-13.09293
1427157569.414,-20.349693
1427157569.43,-26.89775
1427157569.446,-32.51981
1427157569.461,-36.85726
1427157569.477,-39.696735
1427157569.493,-41.176094
1427157569.508,-41.71283
1427157569.524,-41.822006
1427157569.539,-41.85768
1427157569.555,-41.911724
1427157569.571,-41.888435
1427157569.586,-41.679176
1427157569.602,-41.30932
1427157569.618,-40.963078
1427157569.633,-40.820137
1427157569.649,-40.89305
1427157569.664,-40.919388
1427157569.68,-40.43472
1427157569.696,-38.8991
1427157569.711,-36.001217
1427157569.727,-31.772125
1427157569.743,-26.646654
1427157569.758,-21.279955
1427157569.774,-16.328184
1427157569.789,-12.126099
1427157569.805,-8.606317
1427157569.821,-5.303154
1427157569.836,-1.6195745
1427157569.852,2.882926
1427157569.868,8.250832
1427157569.883,14.14355
1427157569.899,19.973644
1427157569.914,25.187355
1427157569.93,29.560959
1427157569.946,33.258034
1427157569.961,36.740067
1427157569.977,40.636364
1427157569.993,45.51104
1427157570.008,51.71488
1427157570.024,59.15943
1427157570.039,67.23684
1427157570.055,74.73295
1427157570.071,80.06804
1427157570.086,81.672165
1427157570.102,78.57574
1427157570.118,70.76467
1427157570.133,59.244484
1427157570.149,45.658398
1427157570.164,31.73005
1427157570.18,18.689709
1427157570.196,7.1193295
1427157570.211,-2.975224
1427157570.227,-11.788127
1427157570.243,-19.438765
1427157570.258,-25.836937
1427157570.274,-30.795788
1427157570.289,-34.222042
1427157570.305,-36.274403
1427157570.321,-37.327538
1427157570.336,-37.852848
1427157570.352,-38.238613
1427157570.368,-38.674847
1427157570.383,-39.120216
1427157570.399,-39.425552
1427157570.414,-39.43912
1427157570.43,-39.147877
1427157570.446,-38.663086
1427157570.461,-38.18595
1427157570.477,-37.84289
1427157570.493,-37.581474
1427157570.508,-37.11792
1427157570.524,-36.041042
1427157570.539,-33.96125
1427157570.555,-30.739609
1427157570.571,-26.541521
1427157570.586,-21.826647
1427157570.602,-17.118362
1427157570.618,-12.778006
1427157570.633,-8.813688
1427157570.649,-4.922201
1427157570.664,-0.657835
1427157570.68,4.27606
1427157570.696,9.838758
1427157570.711,15.616083
1427157570.727,21.047117
1427157570.743,25.684895
1427157570.758,29.426485
1427157570.774,32.54345
1427157570.79,35.62454
1427157570.805,39.329773
1427157570.821,44.201538
1427157570.836,50.41887
1427157570.852,57.623848
1427157570.868,64.83497
1427157570.883,70.59468
1427157570.899,73.312645
1427157570.915,71.80616
1427157570.93,65.725136
1427157570.946,55.776478
1427157570.961,43.463005
1427157570.977,30.55145
1427157570.993,18.479826
1427157571.008,7.9803314
1427157571.024,-0.95199585
1427157571.04,-8.675304
1427157571.055,-15.553974
1427157571.071,-21.639961
1427157571.086,-26.690739
1427157571.102,-30.3625
1427157571.118,-32.482586
1427157571.133,-33.198956
1427157571.149,-32.967785
1427157571.165,-32.378906
1427157571.18,-31.93206
1427157571.196,-31.86081
1427157571.211,-32.11703
1427157571.227,-32.459736
1427157571.243,-32.6358
1427157571.258,-32.487843
1427157571.274,-32.00879
1427157571.29,-31.279259
1427157571.305,-30.38666
1427157571.321,-29.364315
1427157571.336,-28.162891
1427157571.352,-26.65786
1427157571.368,-24.687504
1427157571.383,-22.05204
1427157571.399,-18.58202
1427157571.415,-14.192478
1427157571.43,-9.025612
1427157571.446,-3.4367294
1427157571.461,2.109623
1427157571.477,7.1656036
1427157571.493,11.555561
1427157571.508,15.444946
1427157571.524,19.239185
1427157571.54,23.457863
1427157571.555,28.48082
1427157571.571,34.490093
1427157571.586,41.35496
1427157571.602,48.66443
1427157571.618,55.635254
1427157571.633,61.21635
1427157571.649,64.18717
1427157571.665,63.509583
1427157571.68,58.69439
1427157571.696,50.084484
1427157571.711,38.810596
1427157571.727,26.42271
1427157571.743,14.389305
1427157571.758,3.652382
1427157571.774,-5.4712143
1427157571.79,-13.165318
1427157571.805,-19.729
1427157571.821,-25.329662
1427157571.836,-29.950012
1427157571.852,-33.46607
1427157571.868,-35.854538
1427157571.883,-37.27194
1427157571.899,-38.054253
1427157571.915,-38.550404
1427157571.93,-38.992558
1427157571.946,-39.414833
1427157571.961,-39.706234
1427157571.977,-39.71889
1427157571.993,-39.402836
1427157572.008,-38.84752
1427157572.024,-38.216347
1427157572.04,-37.631966
1427157572.055,-37.04068
1427157572.071,-36.18382
1427157572.086,-34.678833
1427157572.102,-32.185764
1427157572.118,-28.61102
1427157572.133,-24.151203
1427157572.149,-19.266884
1427157572.165,-14.470463
1427157572.18,-10.132797
1427157572.196,-6.297306
1427157572.211,-2.70475
1427157572.227,1.1143112
1427157572.243,5.529434
1427157572.258,10.633949
1427157572.274,16.144524
1427157572.29,21.526855
1427157572.305,26.262585
1427157572.321,30.117577
1427157572.336,33.285828
1427157572.352,36.314495
1427157572.368,39.859066
1427157572.383,44.496803
1427157572.399,50.512978
1427157572.415,57.786465
1427157572.43,65.73241
1427157572.446,73.29806
1427157572.461,79.05888
1427157572.477,81.52681
1427157572.493,79.570145
1427157572.508,72.872856
1427157572.524,62.121426
1427157572.54,48.87862
1427157572.555,35.021065
1427157572.571,22.086437
1427157572.586,10.851471
1427157572.602,1.2607918
1427157572.618,-7.225994
1427157572.633,-15.110756
1427157572.649,-22.530495
1427157572.665,-29.166851
1427157572.68,-34.52325
1427157572.696,-38.251926
1427157572.711,-40.401398
1427157572.727,-41.404686
1427157572.743,-41.874863
1427157572.758,-42.355015
1427157572.774,-43.101273
1427157572.79,-44.058723
1427157572.805,-45.006035
1427157572.821,-45.703957
1427157572.836,-46.069977
1427157572.852,-46.14993
1427157572.868,-46.051445
1427157572.883,-45.82195
1427157572.899,-45.375965
1427157572.915,-44.49859
1427157572.93,-42.93016
1427157572.946,-40.48704
1427157572.961,-37.14162
1427157572.977,-33.013805
1427157572.993,-28.380482
1427157573.008,-23.579147
1427157573.024,-18.927246
1427157573.04,-14.64624
1427157573.055,-10.788158
1427157573.071,-7.2282104
1427157573.086,-3.7162895
1427157573.102,0.023662567
1427157573.118,4.151951
1427157573.133,8.706863
1427157573.149,13.534805
1427157573.165,18.396397
1427157573.18,23.072601
1427157573.196,27.432426
1427157573.211,31.471123
1427157573.227,35.308792
1427157573.243,39.145477
1427157573.258,43.23542
1427157573.274,47.899796
1427157573.29,53.46221
1427157573.305,60.07618
1427157573.321,67.548256
1427157573.336,75.07365
1427157573.352,81.28819
1427157573.368,84.56716
1427157573.383,83.55674
1427157573.399,77.67771
1427157573.415,67.430466
1427157573.43,54.20787
1427157573.446,39.81987
1427157573.462,25.910416
1427157573.477,13.534943
1427157573.493,3.0575867
1427157573.508,-5.6494446
1427157573.524,-12.896233
1427157573.54,-18.940277
1427157573.555,-23.91394
1427157573.571,-27.869827
1427157573.587,-30.891922
1427157573.602,-33.12245
1427157573.618,-34.78427
1427157573.633,-36.052795
1427157573.649,-37.05479
1427157573.665,-37.80914
1427157573.68,-38.27405
1427157573.696,-38.37505
1427157573.712,-38.143005
1427157573.727,-37.68616
1427157573.743,-37.17611
1427157573.758,-36.74981
1427157573.774,-36.37848
1427157573.79,-35.820885
1427157573.805,-34.67961
1427157573.821,-32.545048
1427157573.837,-29.220882
1427157573.852,-24.846241
1427157573.868,-19.920258
1427157573.883,-15.074806
1427157573.899,-10.863972
1427157573.915,-7.4853783
1427157573.93,-4.734642
1427157573.946,-2.0726204
1427157573.962,1.0388908
1427157573.977,4.9054527
1427157573.993,9.410702
1427157574.008,14.130257
1427157574.024,18.520874
1427157574.04,22.255402
1427157574.055,25.35976
1427157574.071,28.229694
1427157574.087,31.485
1427157574.102,35.771294
1427157574.118,41.500027
1427157574.133,48.641136
1427157574.149,56.55503
1427157574.165,64.03438
1427157574.18,69.46625
1427157574.196,71.366135
1427157574.212,68.7753
1427157574.227,61.674335
1427157574.243,50.983482
1427157574.258,38.2365
1427157574.274,25.040901
1427157574.29,12.619045
1427157574.305,1.5503159
1427157574.321,-8.100311
1427157574.337,-16.506615
1427157574.352,-23.780117
1427157574.368,-29.857685
1427157574.383,-34.570435
1427157574.399,-37.81376
1427157574.415,-39.691628
1427157574.43,-40.572353
1427157574.446,-40.92219
1427157574.462,-41.210075
1427157574.477,-41.70051
1427157574.493,-42.44542
1427157574.508,-43.291553
1427157574.524,-44.030827
1427157574.54,-44.520424
1427157574.555,-44.750694
1427157574.571,-44.76437
1427157574.587,-44.61743
1427157574.602,-44.234093
1427157574.618,-43.407307
1427157574.633,-41.85845
1427157574.649,-39.38855
1427157574.665,-36.00856
1427157574.68,-31.95679
1427157574.696,-27.581144
1427157574.712,-23.217299
1427157574.727,-18.979115
1427157574.743,-14.749235
1427157574.758,-10.219093
1427157574.774,-5.1249466
1427157574.79,0.61683273
1427157574.805,6.7927494
1427157574.821,12.9859295
1427157574.837,18.754814
1427157574.852,23.830862
1427157574.868,28.271202
1427157574.883,32.436203
1427157574.899,36.87273
1427157574.915,42.183567
1427157574.93,48.805458
1427157574.946,56.85411
1427157574.962,65.885025
1427157574.977,74.81123
1427157574.993,81.9998
1427157575.008,85.66084
1427157575.024,84.405106
1427157575.04,77.8067
1427157575.055,66.566635
1427157575.071,52.377518
1427157575.087,37.257343
1427157575.102,22.904861
1427157575.118,10.230244
1427157575.133,-0.6848278
1427157575.149,-10.211649
1427157575.165,-18.750578
1427157575.18,-26.387104
1427157575.196,-32.88625
1427157575.212,-37.919632
1427157575.227,-41.342316
1427157575.243,-43.341366
1427157575.258,-44.33246
1427157575.274,-44.819206
1427157575.29,-45.119686
1427157575.305,-45.34925
1427157575.321,-45.41586
1427157575.337,-45.224857
1427157575.352,-44.7465
1427157575.368,-44.100163
1427157575.383,-43.4635
1427157575.399,-42.973022
1427157575.415,-42.600853
1427157575.43,-42.153214
1427157575.446,-41.279697
1427157575.462,-39.64456
1427157575.477,-37.009323
1427157575.493,-33.375267
1427157575.508,-28.977196
1427157575.524,-24.225077
1427157575.54,-19.552502
1427157575.555,-15.27107
1427157575.571,-11.418796
1427157575.587,-7.8061056
1427157575.602,-4.06612
1427157575.618,0.1276455
1427157575.633,4.925596
1427157575.649,10.221386
1427157575.665,15.715536
1427157575.68,21.022394
1427157575.696,25.838379
1427157575.712,30.079762
1427157575.727,33.90587
1427157575.743,37.674973
1427157575.758,41.90413
1427157575.774,47.13141
1427157575.79,53.76912
1427157575.805,61.88488
1427157575.821,70.96442
1427157575.837,79.804794
1427157575.852,86.66208
1427157575.868,89.701126
1427157575.883,87.64325
1427157575.899,80.242065
1427157575.915,68.452255
1427157575.93,54.0273
1427157575.946,38.932312
1427157575.962,24.622982
1427157575.977,11.795807
1427157575.993,0.45535088
1427157576.008,-9.674317
1427157576.024,-18.780735
1427157576.04,-26.776134
1427157576.055,-33.39884
1427157576.071,-38.427643
1427157576.087,-41.89222
1427157576.102,-44.049747
1427157576.118,-45.302944
1427157576.134,-45.9947
1427157576.149,-46.35978
1427157576.165,-46.484795
1427157576.18,-46.383747
1427157576.196,-46.045837
1427157576.212,-45.478024
1427157576.227,-44.668205
1427157576.243,-43.5874
1427157576.259,-42.17498
1427157576.274,-40.384953
1427157576.29,-38.191822
1427157576.305,-35.64645
1427157576.321,-32.835407
1427157576.337,-29.830244
1427157576.352,-26.652842
1427157576.368,-23.24726
1427157576.384,-19.478924
1427157576.399,-15.226608
1427157576.415,-10.404918
1427157576.43,-5.041792
1427157576.446,0.7307806
1427157576.462,6.6560135
1427157576.477,12.416861
1427157576.493,17.726057
1427157576.509,22.443926
1427157576.524,26.657738
1427157576.54,30.711601
1427157576.555,35.135834
1427157576.571,40.519775
1427157576.587,47.269325
1427157576.602,55.38072
1427157576.618,64.2
1427157576.634,72.45472
1427157576.649,78.42136
1427157576.665,80.445854
1427157576.68,77.4753
1427157576.696,69.52649
1427157576.712,57.654953
1427157576.727,43.62814
1427157576.743,29.29133
1427157576.759,15.996239
1427157576.774,4.3376427
1427157576.79,-5.7132683
1427157576.805,-14.422173
1427157576.821,-21.928774
1427157576.837,-28.07809
1427157576.852,-32.56811
1427157576.868,-35.235634
1427157576.884,-36.225685
1427157576.899,-36.060463
1427157576.915,-35.42562
1427157576.93,-34.906654
1427157576.946,-34.76957
1427157576.962,-34.906654
1427157576.977,-34.9572
1427157576.993,-34.592674
1427157577.009,-33.68231
1427157577.024,-32.4053
1427157577.04,-31.092335
1427157577.055,-30.015507
1427157577.071,-29.157856
1427157577.087,-28.15039
1427157577.102,-26.399673
1427157577.118,-23.382168
1427157577.134,-18.906578
1427157577.149,-13.239338
1427157577.165,-7.025406
1427157577.18,-1.0340538
1427157577.196,4.1964874
1427157577.212,8.522572
1427157577.227,12.252384
1427157577.243,15.9732895
1427157577.259,20.35162
1427157577.274,25.916275
1427157577.29,32.95208
1427157577.305,41.355892
1427157577.321,50.537746
1427157577.337,59.356857
1427157577.352,66.25629
1427157577.368,69.614975
1427157577.384,68.25917
1427157577.399,61.927982
1427157577.415,51.42545
1427157577.43,38.373154
1427157577.446,24.630402
1427157577.462,11.662437
1427157577.477,0.22692108
1427157577.493,-9.698036
1427157577.509,-18.42469
1427157577.524,-26.237022
1427157577.54,-33.068565
1427157577.555,-38.550743
1427157577.571,-42.278847
1427157577.587,-44.103973
1427157577.602,-44.279434
1427157577.618,-43.421783
1427157577.634,-42.291466
1427157577.649,-41.503555
1427157577.665,-41.31823
1427157577.68,-41.61692
1427157577.696,-41.98555
1427157577.712,-41.999138
1427157577.727,-41.362617
1427157577.743,-40.061142
1427157577.759,-38.25818
1427157577.774,-36.195343
1427157577.79,-33.971313
1427157577.805,-31.523788
1427157577.821,-28.605774
1427157577.837,-24.951843
1427157577.852,-20.375587
1427157577.868,-14.898613
1427157577.884,-8.775833
1427157577.899,-2.3812866
1427157577.915,3.8600998
1427157577.93,9.657501
1427157577.946,14.915504
1427157577.962,19.732048
1427157577.977,24.362152
1427157577.993,29.080261
1427157578.009,34.18038
1427157578.024,39.89225
1427157578.04,46.47837
1427157578.055,54.093628
1427157578.071,62.66665
1427157578.087,71.590126
1427157578.102,79.6481
1427157578.118,85.172806
1427157578.134,86.51495
1427157578.149,82.64191
1427157578.165,73.619896
1427157578.18,60.62445
1427157578.196,45.51658
1427157578.212,30.162537
1427157578.227,15.836998
1427157578.243,3.0194168
1427157578.259,-8.420303
1427157578.274,-18.794144
1427157578.29,-28.200516
1427157578.305,-36.447
1427157578.321,-43.173256
1427157578.337,-48.159515
1427157578.352,-51.466972
1427157578.368,-53.47873
1427157578.384,-54.702713
1427157578.399,-55.56974
1427157578.415,-56.28376
1427157578.43,-56.820183
1427157578.446,-57.02636
1427157578.462,-56.79113
1427157578.477,-56.166756
1427157578.493,-55.339066
1427157578.509,-54.53273
1427157578.524,-53.851685
1427157578.54,-53.13569
1427157578.555,-52.01658
1427157578.571,-50.034935
1427157578.587,-46.87259
1427157578.602,-42.491257
1427157578.618,-37.219917
1427157578.634,-31.575706
1427157578.649,-26.088142
1427157578.665,-21.056488
1427157578.68,-16.464256
1427157578.696,-11.973305
1427157578.712,-7.1454926
1427157578.727,-1.6115723
1427157578.743,4.684334
1427157578.759,11.499626
1427157578.774,18.319237
1427157578.79,24.62542
1427157578.806,30.089912
1427157578.821,34.735657
1427157578.837,38.927803
1427157578.852,43.23549
1427157578.868,48.264885
1427157578.884,54.50229
1427157578.899,62.138725
1427157578.915,70.950096
1427157578.93,80.134514
1427157578.946,88.32157
1427157578.962,93.77391
1427157578.977,94.88608
1427157578.993,90.697296
1427157579.009,81.32367
1427157579.024,67.89165
1427157579.04,52.13533
1427157579.056,35.673767
1427157579.071,19.508095
1427157579.087,3.8939362
1427157579.102,-11.300438
1427157579.118,-26.065529
1427157579.134,-39.816437
1427157579.149,-51.46454
1427157579.165,-59.772102
1427157579.181,-63.990242
1427157579.196,-64.176735
1427157579.212,-61.260956
1427157579.227,-56.613464
1427157579.243,-51.603394
1427157579.259,-47.1063
1427157579.274,-43.463554
1427157579.29,-40.586075
1427157579.306,-38.253754
1427157579.321,-36.279114
1427157579.337,-34.614563
1427157579.352,-33.282684
1427157579.368,-32.318443
1427157579.384,-31.788147
1427157579.399,-31.769585
1427157579.415,-32.329727
1427157579.431,-33.46145
1427157579.446,-34.92626
1427157579.462,-36.22872
1427157579.477,-36.66639
1427157579.493,-35.55153
1427157579.509,-32.422195
1427157579.524,-27.21849
1427157579.54,-20.248154
1427157579.556,-12.101402
1427157579.571,-3.431961
1427157579.587,5.1566544
1427157579.602,13.247498
1427157579.618,20.6697
1427157579.634,27.570107
1427157579.649,34.35919
1427157579.665,41.50502
1427157579.681,49.23147
1427157579.696,57.153404
1427157579.712,64.21571
1427157579.727,68.88667
1427157579.743,69.65948
1427157579.759,65.692314
1427157579.774,57.16089
1427157579.79,45.228424
1427157579.806,31.627373
1427157579.821,18.099426
1427157579.837,5.866066
1427157579.852,-4.534569
1427157579.868,-13.128616
1427157579.884,-20.138107
1427157579.899,-25.758202
1427157579.915,-30.018059
1427157579.931,-32.900566
1427157579.946,-34.57193
1427157579.962,-35.416138
1427157579.977,-35.997574
1427157579.993,-36.835075
1427157580.009,-38.166405
1427157580.024,-39.829933
1427157580.04,-41.328568
1427157580.056,-42.093567
1427157580.071,-41.74199
1427157580.087,-40.244354
1427157580.102,-37.876488
1427157580.118,-35.025932
1427157580.134,-31.888859
1427157580.149,-28.359055
1427157580.165,-24.09187
1427157580.181,-18.719795
1427157580.196,-12.146637
1427157580.212,-4.681484
1427157580.227,3.0235329
1427157580.243,10.184063
1427157580.259,16.231441
1427157580.274,21.024593
1427157580.29,24.910542
1427157580.306,28.583069
1427157580.321,32.865944
1427157580.337,38.40864
1427157580.352,45.45422
1427157580.368,53.64225
1427157580.384,61.985813
1427157580.399,68.955444
1427157580.415,72.8857
1427157580.431,72.4928
1427157580.446,67.3747
1427157580.462,58.168198
1427157580.477,46.37203
1427157580.493,33.794586
1427157580.509,21.911463
1427157580.524,11.483921
1427157580.54,2.5553799
1427157580.556,-5.2312794
1427157580.571,-12.175192
1427157580.587,-18.255047
1427157580.602,-23.087278
1427157580.618,-26.203028
1427157580.634,-27.342325
1427157580.649,-26.640089
1427157580.665,-24.642544
1427157580.681,-22.095085
1427157580.696,-19.703411
1427157580.712,-17.89566
1427157580.727,-16.752396
1427157580.743,-16.064806
1427157580.759,-15.495996
1427157580.774,-14.739958
1427157580.79,-13.618141
1427157580.806,-12.062712
1427157580.821,-10.035065
1427157580.837,-7.472574
1427157580.852,-4.2589245
1427157580.868,-0.33491516
1427157580.884,4.2508545
1427157580.899,9.302843
1427157580.915,14.542635
1427157580.931,19.750917
1427157580.946,24.889898
1427157580.962,30.201908
1427157580.977,36.123283
1427157580.993,43.01783
1427157581.009,50.85283
1427157581.024,58.89889
1427157581.04,65.724396
1427157581.056,69.53473
1427157581.071,68.81988
1427157581.087,62.932533
1427157581.102,52.43128
1427157581.118,38.875374
1427157581.134,24.255836
1427157581.149,10.27202
1427157581.165,-2.0761242
1427157581.181,-12.579269
1427157581.196,-21.527328
1427157581.212,-29.286007
1427157581.227,-36.01923
1427157581.243,-41.59845
1427157581.259,-45.741535
1427157581.274,-48.19698
1427157581.29,-48.942764
1427157581.306,-48.235657
1427157581.321,-46.564228
1427157581.337,-44.550564
1427157581.352,-42.749413
1427157581.368,-41.524197
1427157581.384,-40.902813
1427157581.399,-40.61434
1427157581.415,-40.16501
1427157581.431,-39.049442
1427157581.446,-36.92127
1427157581.462,-33.728714
1427157581.477,-29.682556
1427157581.493,-25.176441
1427157581.509,-20.60345
1427157581.524,-16.231339
1427157581.54,-12.098431
1427157581.556,-8.033691
1427157581.571,-3.6990929
1427157581.587,1.3025551
1427157581.602,7.4006615
1427157581.618,14.902061
1427157581.634,23.866951
1427157581.649,33.924282
1427157581.665,44.097404
1427157581.681,52.829758
1427157581.696,58.358818
1427157581.712,59.215088
1427157581.728,54.811695
1427157581.743,45.712204
1427157581.759,33.45965
1427157581.774,20.032063
1427157581.79,7.1729736
1427157581.806,-4.1079216
1427157581.821,-13.559929
1427157581.837,-21.429531
1427157581.853,-28.003294
1427157581.868,-33.331997
1427157581.884,-37.16221
1427157581.899,-39.236473
1427157581.915,-39.540436
1427157581.931,-38.50119
1427157581.946,-36.85522
1427157581.962,-35.380512
1427157581.978,-34.551407
1427157581.993,-34.38978
1427157582.009,-34.572495
1427157582.024,-34.685463
1427157582.04,-34.509617
1427157582.056,-34.117954
1427157582.071,-33.731064
1427157582.087,-33.515755
1427157582.103,-33.35014
1427157582.118,-32.86096
1427157582.134,-31.591248
1427157582.149,-29.295006
1427157582.165,-26.050568
1427157582.181,-22.279581
1427157582.196,-18.477617
1427157582.212,-15.000719
1427157582.228,-11.862044
1427157582.243,-8.786161
1427157582.259,-5.3063345
1427157582.274,-1.0466833
1427157582.29,4.1455135
1427157582.306,10.074736
1427157582.321,16.29517
1427157582.337,22.292683
1427157582.353,27.675884
1427157582.368,32.314323
1427157582.384,36.3713
1427157582.399,40.235397
1427157582.415,44.44288
1427157582.431,49.577957
1427157582.446,56.136005
1427157582.462,64.2547
1427157582.478,73.500656
1427157582.493,82.659386
1427157582.509,89.86487
1427157582.524,93.07982
1427157582.54,90.81268
1427157582.556,82.715164
1427157582.571,69.80179
1427157582.587,54.06847
1427157582.603,37.75845
1427157582.618,22.570347
1427157582.634,9.306595
1427157582.649,-2.0785675
1427157582.665,-11.997837
1427157582.681,-20.781734
1427157582.696,-28.422836
1427157582.712,-34.732853
1427157582.728,-39.5002
1427157582.743,-42.77216
1427157582.759,-44.843746
1427157582.774,-46.14132
1427157582.79,-47.04055
1427157582.806,-47.74526
1427157582.821,-48.27196
1427157582.837,-48.56805
1427157582.853,-48.57853
1427157582.868,-48.306248
1427157582.884,-47.82748
1427157582.899,-47.23617
1427157582.915,-46.588177
1427157582.931,-45.85659
1427157582.946,-44.922256
1427157582.962,-43.605953
1427157582.978,-41.71638
1427157582.993,-39.15698
1427157583.009,-35.959335
1427157583.024,-32.28999
1427157583.04,-28.345451
1427157583.056,-24.317131
1427157583.071,-20.27259
1427157583.087,-16.207458
1427157583.103,-12.084557
1427157583.118,-7.949547
1427157583.134,-3.9346619
1427157583.149,-0.1951828
1427157583.165,3.1831894
1427157583.181,6.3269806
1427157583.196,9.535217
1427157583.212,13.113968
1427157583.228,17.198425
1427157583.243,21.679474
1427157583.259,26.250366
1427157583.274,30.558647
1427157583.29,34.420074
1427157583.306,37.872147
1427157583.321,41.145172
1427157583.337,44.578194
1427157583.353,48.512283
1427157583.368,53.255493
1427157583.384,58.985275
1427157583.399,65.57224
1427157583.415,72.41424
1427157583.431,78.32366
1427157583.446,81.740364
1427157583.462,81.16123
1427157583.478,75.75549
1427157583.493,65.72558
1427157583.509,52.31421
1427157583.524,37.344307
1427157583.54,22.632973
1427157583.556,9.400482
1427157583.571,-1.8661652
1427157583.587,-11.294968
1427157583.603,-19.214775
1427157583.618,-25.883385
1427157583.634,-31.318436
1427157583.649,-35.392685
1427157583.665,-38.03749
1427157583.681,-39.397392
1427157583.696,-39.8584
1427157583.712,-39.938644
1427157583.728,-40.122505
1427157583.743,-40.68605
1427157583.759,-41.624535
1427157583.774,-42.705864
1427157583.79,-43.64779
1427157583.806,-44.251656
1427157583.821,-44.54167
1427157583.837,-44.671097
1427157583.853,-44.80465
1427157583.868,-44.955444
1427157583.884,-44.919205
1427157583.899,-44.37195
1427157583.915,-42.99205
1427157583.931,-40.637802
1427157583.946,-37.387955
1427157583.962,-33.51259
1427157583.978,-29.332886
1427157583.993,-25.133423
1427157584.009,-21.102402
1427157584.024,-17.316559
1427157584.04,-13.763199
1427157584.056,-10.391937
1427157584.071,-7.0587463
1427157584.087,-3.6152954
1427157584.103,0.10723877
1427157584.118,4.1904755
1427157584.134,8.576294
1427157584.149,13.076996
1427157584.165,17.426422
1427157584.181,21.392471
1427157584.196,24.876938
1427157584.212,27.953674
1427157584.228,30.90866
1427157584.243,34.13896
1427157584.259,38.098587
1427157584.274,43.138977
1427157584.29,49.310806
1427157584.306,56.12886
1427157584.321,62.54103
1427157584.337,67.05359
1427157584.353,68.235565
1427157584.368,65.19672
1427157584.384,57.979828
1427157584.4,47.56726
1427157584.415,35.492508
1427157584.431,23.30072
1427157584.446,12.075516
1427157584.462,2.2791443
1427157584.478,-6.1092834
1427157584.493,-13.293259
1427157584.509,-19.373596
1427157584.525,-24.305481
1427157584.54,-27.924393
1427157584.556,-30.166351
1427157584.571,-31.122375
1427157584.587,-31.121033
1427157584.603,-30.615875
1427157584.618,-30.064484
1427157584.634,-29.787125
1427157584.65,-29.863892
1427157584.665,-30.13823
1427157584.681,-30.342773
1427157584.696,-30.261871
1427157584.712,-29.884491
1427157584.728,-29.389786
1427157584.743,-29.024612
1427157584.759,-28.89177
1427157584.775,-28.843887
1427157584.79,-28.472626
1427157584.806,-27.346848
1427157584.821,-25.19255
1427157584.837,-22.0934
1427157584.853,-18.437073
1427157584.868,-14.778824
1427157584.884,-11.60553
1427157584.9,-9.110428
1427157584.915,-7.1591034
1427157584.931,-5.3780518
1427157584.946,-3.3379517
1427157584.962,-0.74554443
1427157584.978,2.4505615
1427157584.993,6.048645
1427157585.009,9.721649
1427157585.025,13.165527
1427157585.04,16.207153
1427157585.056,18.819427
1427157585.071,21.158295
1427157585.087,23.445038
1427157585.103,25.990417
1427157585.118,29.117126
1427157585.134,33.08847
1427157585.15,37.956207
1427157585.165,43.400177
1427157585.181,48.615875
1427157585.196,52.46982
1427157585.212,53.803253
1427157585.228,51.878265
1427157585.243,46.62372
1427157585.259,38.764618
1427157585.275,29.457123
1427157585.29,19.95871
1427157585.306,11.198486
1427157585.321,3.6522522
1427157585.337,-2.614441
1427157585.353,-7.688904
1427157585.368,-11.671875
1427157585.384,-14.552826
1427157585.4,-16.307434
1427157585.415,-16.937256
1427157585.431,-16.607819
1427157585.446,-15.598999
1427157585.462,-14.286926
1427157585.478,-13.012573
1427157585.493,-12.041595
1427157585.509,-11.463196
1427157585.525,-11.211639
1427157585.54,-11.115265
1427157585.556,-10.995697
1427157585.571,-10.729828
1427157585.587,-10.301941
1427157585.603,-9.749512
1427157585.618,-9.116882
1427157585.634,-8.405182
1427157585.65,-7.572693
1427157585.665,-6.5553894
1427157585.681,-5.347595
1427157585.696,-3.9490662
1427157585.712,-2.3861084
1427157585.728,-0.6114197
1427157585.743,1.4511719
1427157585.759,3.931366
1427157585.775,6.864807
1427157585.79,10.20694
1427157585.806,13.779907
1427157585.821,17.376648
1427157585.837,20.830963
1427157585.853,24.079712
1427157585.868,27.20398
1427157585.884,30.358124
1427157585.9,33.707916
1427157585.915,37.268463
1427157585.931,40.8519
1427157585.946,43.995544
1427157585.962,46.04306
1427157585.978,46.355713
1427157585.993,44.490814
1427157586.009,40.41211
1427157586.025,34.422546
1427157586.04,27.060974
1427157586.056,18.819702
1427157586.071,10.055328
1427157586.087,0.98620605
1427157586.103,-8.168335
1427157586.118,-17.04602
1427157586.134,-25.123169
1427157586.15,-31.857574
1427157586.165,-36.885834
1427157586.181,-40.195404
1427157586.196,-42.101837
1427157586.212,-43.10376
1427157586.228,-43.68524
1427157586.243,-44.173584
1427157586.259,-44.716278
1427157586.275,-45.330017
1427157586.29,-45.943695
1427157586.306,-46.47638
1427157586.321,-46.795197
1427157586.337,-46.755554
1427157586.353,-46.160583
1427157586.368,-44.830933
1427157586.384,-42.63968
1427157586.4,-39.549713
1427157586.415,-35.639862
1427157586.431,-31.073029
1427157586.446,-26.002502
1427157586.462,-20.553925
1427157586.478,-14.790253
1427157586.493,-8.77948
1427157586.509,-2.5897827
1427157586.525,3.6314087
1427157586.54,9.68454
1427157586.556,15.3497925
1427157586.571,20.478302
1427157586.587,24.996735
1427157586.603,28.953552
1427157586.618,32.44153
1427157586.634,35.594543
1427157586.65,38.510162
1427157586.665,41.27884
1427157586.681,43.951233
1427157586.696,46.482605
1427157586.712,48.651093
1427157586.728,50.017517
1427157586.743,49.965332
1427157586.759,47.94757
1427157586.775,43.709534
1427157586.79,37.470734
1427157586.806,29.919342
1427157586.821,22.006653
1427157586.837,14.597382
1427157586.853,8.244385
1427157586.868,3.0862732
1427157586.884,-1.0397034
1427157586.9,-4.3518677
1427157586.915,-6.9674377
1427157586.931,-8.828735
1427157586.946,-9.822693
1427157586.962,-9.968689
1427157586.978,-9.459137
1427157586.993,-8.670044
1427157587.009,-8.016754
1427157587.025,-7.7691956
1427157587.04,-7.966034
1427157587.056,-8.449127
1427157587.072,-8.944305
1427157587.087,-9.246338
1427157587.103,-9.27948
1427157587.118,-9.08667
1427157587.134,-8.754578
1427157587.15,-8.331543
1427157587.165,-7.768585
1427157587.181,-6.9770203
1427157587.197,-5.908844
1427157587.212,-4.6196594
1427157587.228,-3.2366638
1427157587.243,-1.936554
1427157587.259,-0.80404663
1427157587.275,0.19622803
1427157587.29,1.2032471
1427157587.306,2.4144897
1427157587.322,3.9654236
1427157587.337,5.8643494
1427157587.353,7.979248
1427157587.368,10.126099
1427157587.384,12.141724
1427157587.4,13.97821
1427157587.415,15.72879
1427157587.431,17.572205
1427157587.447,19.718872
1427157587.462,22.358307
1427157587.478,25.523438
1427157587.493,29.039612
1427157587.509,32.466187
1427157587.525,35.108154
1427157587.54,36.200775
1427157587.556,35.12448
1427157587.572,31.641449
1427157587.587,26.04245
1427157587.603,19.059448
1427157587.618,11.65155
1427157587.634,4.6804504
1427157587.65,-1.3215332
1427157587.665,-6.1843567
1427157587.681,-10.004578
1427157587.697,-12.923523
1427157587.712,-15.029266
1427157587.728,-16.334686
1427157587.743,-16.85144
1427157587.759,-16.703918
1427157587.775,-16.085938
1427157587.79,-15.269226
1427157587.806,-14.480743
1427157587.822,-13.871613
1427157587.837,-13.463165
1427157587.853,-13.234985
1427157587.868,-13.148499
1427157587.884,-13.181213
1427157587.9,-13.28244
1427157587.915,-13.408325
1427157587.931,-13.422943
1427157587.947,-13.17514
1427157587.962,-12.5303955
1427157587.978,-11.432526
1427157587.993,-9.915955
1427157588.009,-8.084564
1427157588.025,-6.095093
1427157588.04,-4.093994
1427157588.056,-2.1721191
1427157588.072,-0.40444946
1427157588.087,1.2038879
1427157588.103,2.6705017
1427157588.118,4.052582
1427157588.134,5.401764
1427157588.15,6.7866516
1427157588.165,8.202576
1427157588.181,9.625397
1427157588.197,10.947601
1427157588.212,12.141357
1427157588.228,13.25235
1427157588.243,14.481354
1427157588.259,16.086487
1427157588.275,18.295868
1427157588.29,21.157623
1427157588.306,24.468079
1427157588.322,27.759827
1427157588.337,30.391205
1427157588.353,31.702423
1427157588.368,31.19165
1427157588.384,28.68396
1427157588.4,24.376526
1427157588.415,18.775757
1427157588.431,12.596008
1427157588.447,6.532196
1427157588.462,1.1363525
1427157588.478,-3.3151245
1427157588.493,-6.751129
1427157588.509,-9.253906
1427157588.525,-10.914185
1427157588.54,-11.793579
1427157588.556,-11.926178
1427157588.572,-11.406189
1427157588.587,-10.410095
1427157588.603,-9.210114
1427157588.618,-8.0859375
1427157588.634,-7.249756
1427157588.65,-6.7912903
1427157588.665,-6.678528
1427157588.681,-6.7958984
1427157588.697,-7.0015564
1427157588.712,-7.1848755
1427157588.728,-7.2625427
1427157588.743,-7.1968384
1427157588.759,-6.957733
1427157588.775,-6.535248
1427157588.79,-5.9880676
1427157588.806,-5.384186
1427157588.822,-4.7963257
1427157588.837,-4.234619
1427157588.853,-3.6010437
1427157588.868,-2.7308044
1427157588.884,-1.4538879
1427157588.9,0.31192017
1427157588.915,2.4724731
1427157588.931,4.7842712
1427157588.947,6.9737854
1427157588.962,8.8489685
1427157588.978,10.399414
1427157588.993,11.778778
1427157589.009,13.238953
1427157589.025,14.999054
1427157589.04,17.203094
1427157589.056,19.889313
1427157589.072,22.997253
1427157589.087,26.304626
1427157589.103,29.397552
1427157589.118,31.672699
1427157589.134,32.487152
1427157589.15,31.31189
1427157589.165,27.962738
1427157589.181,22.690521
1427157589.197,16.118958
1427157589.212,9.011993
1427157589.228,2.0851135
1427157589.243,-4.198303
1427157589.259,-9.593048
1427157589.275,-13.9844055
1427157589.29,-17.29004
1427157589.306,-19.474762
1427157589.322,-20.534302
1427157589.337,-20.623627
1427157589.353,-20.032806
1427157589.368,-19.127716
1427157589.384,-18.242981
1427157589.4,-17.615662
1427157589.415,-17.30191
1427157589.431,-17.232635
1427157589.447,-17.257538
1427157589.462,-17.191467
1427157589.478,-16.912598
1427157589.493,-16.393372
1427157589.509,-15.655945
1427157589.525,-14.78537
1427157589.54,-13.851196
1427157589.556,-12.8706665
1427157589.572,-11.763031
1427157589.587,-10.4435425
1427157589.603,-8.828888
1427157589.618,-6.936371
1427157589.634,-4.872528
1427157589.65,-2.7793274
1427157589.665,-0.7720642
1427157589.681,1.1249084
1427157589.697,3.0183716
1427157589.712,5.018585
1427157589.728,7.1974487
1427157589.744,9.502228
1427157589.759,11.756622
1427157589.775,13.742798
1427157589.79,15.32959
1427157589.806,16.51593
1427157589.822,17.490143
1427157589.837,18.516693
1427157589.853,19.922485
1427157589.868,21.939423
1427157589.884,24.712158
1427157589.9,28.21402
1427157589.915,32.197357
1427157589.931,36.15503
1427157589.947,39.31952
1427157589.962,40.886627
1427157589.978,40.23123
1427157589.994,37.1539
1427157590.009,32.026917
1427157590.025,25.599426
1427157590.04,18.734283
1427157590.056,12.081451
1427157590.072,5.9749146
1427157590.087,0.4703369
1427157590.103,-4.433014
1427157590.119,-8.667969
1427157590.134,-12.07843
1427157590.15,-14.509216
1427157590.165,-15.942627
1427157590.181,-16.57492
1427157590.197,-16.70282
1427157590.212,-16.657104
1427157590.228,-16.667969
1427157590.244,-16.846863
1427157590.259,-17.192566
1427157590.275,-17.647095
1427157590.29,-18.109955
1427157590.306,-18.454071
1427157590.322,-18.561188
1427157590.337,-18.351624
1427157590.353,-17.85025
1427157590.369,-17.182785
1427157590.384,-16.495499
1427157590.4,-15.903687
1427157590.415,-15.406433
1427157590.431,-14.854019
1427157590.447,-14.039215
1427157590.462,-12.800247
1427157590.478,-11.127533
1427157590.494,-9.196838
1427157590.509,-7.216812
1427157590.525,-5.348221
1427157590.54,-3.5760803
1427157590.556,-1.7226868
1427157590.572,0.42138672
1427157590.587,2.9456635
1427157590.603,5.778717
1427157590.619,8.715698
1427157590.634,11.530914
1427157590.65,14.114548
1427157590.665,16.52797
1427157590.681,18.89766
1427157590.697,21.405396
1427157590.712,24.18721
1427157590.728,27.355469
1427157590.744,31.022781
1427157590.759,35.25357
1427157590.775,39.974075
1427157590.79,44.836487
1427157590.806,49.141632
1427157590.822,51.978165
1427157590.837,52.44026
1427157590.853,50.035294
1427157590.869,44.788605
1427157590.884,37.33133
1427157590.9,28.614105
1427157590.915,19.613312
1427157590.931,11.066055
1427157590.947,3.3702393
1427157590.962,-3.318756
1427157590.978,-8.964279
1427157590.994,-13.5578
1427157591.009,-17.076813
1427157591.025,-19.534363
1427157591.04,-21.085815
1427157591.056,-22.032578
1427157591.072,-22.749512
1427157591.087,-23.59816
1427157591.103,-24.778313
1427157591.119,-26.279816
1427157591.134,-27.893585
1427157591.15,-29.372925
1427157591.165,-30.522339
1427157591.181,-31.310112
1427157591.197,-31.86599
1427157591.212,-32.34848
1427157591.228,-32.85173
1427157591.244,-33.31015
1427157591.259,-33.488655
1427157591.275,-33.11264
1427157591.29,-31.984695
1427157591.306,-30.066246
1427157591.322,-27.470154
1427157591.337,-24.460754
1427157591.353,-21.317291
1427157591.369,-18.305267
1427157591.384,-15.519577
1427157591.4,-12.921669
1427157591.415,-10.269226
1427157591.431,-7.2802353
1427157591.447,-3.7352295
1427157591.462,0.351429
1427157591.478,4.72406
1427157591.494,8.976135
1427157591.509,12.768124
1427157591.525,15.999989
1427157591.54,18.904114
1427157591.556,21.934795
1427157591.572,25.56929
1427157591.587,30.14307
1427157591.603,35.737885
1427157591.619,42.151337
1427157591.634,48.927414
1427157591.65,55.32985
1427157591.665,60.42449
1427157591.681,63.157578
1427157591.697,62.66648
1427157591.712,58.53748
1427157591.728,50.998993
1427157591.744,40.89541
1427157591.759,29.437614
1427157591.775,17.848392
1427157591.79,7.0563884
1427157591.806,-2.409722
1427157591.822,-10.375711
1427157591.837,-16.85938
1427157591.853,-21.918297
1427157591.869,-25.64423
1427157591.884,-28.127518
1427157591.9,-29.601265
1427157591.915,-30.33919
1427157591.931,-30.715708
1427157591.947,-31.01989
1427157591.962,-31.46756
1427157591.978,-32.10369
1427157591.994,-32.888733
1427157592.009,-33.713177
1427157592.025,-34.497498
1427157592.04,-35.20781
1427157592.056,-35.81857
1427157592.072,-36.287006
1427157592.087,-36.464905
1427157592.103,-36.159874
1427157592.119,-35.169754
1427157592.134,-33.39659
1427157592.15,-30.897575
1427157592.165,-27.876015
1427157592.181,-24.593475
1427157592.197,-21.272743
1427157592.212,-18.009338
1427157592.228,-14.726471
1427157592.244,-11.227211
1427157592.259,-7.3102036
1427157592.275,-2.9026413
1427157592.29,1.8852005
1427157592.306,6.766754
1427157592.322,11.381943
1427157592.337,15.459763
1427157592.353,18.970398
1427157592.369,22.11705
1427157592.384,25.32621
1427157592.4,29.07808
1427157592.416,33.80873
1427157592.431,39.688835
1427157592.447,46.463654
1427157592.462,53.35411
1427157592.478,59.12629
1427157592.494,62.3432
1427157592.509,61.83821
1427157592.525,57.137985
1427157592.54,48.674744
1427157592.556,37.627106
1427157592.572,25.493668
1427157592.587,13.567566
1427157592.603,2.6634521
1427157592.619,-6.9535675
1427157592.634,-15.294678
1427157592.65,-22.392212
1427157592.666,-28.142838
1427157592.681,-32.394424
1427157592.697,-35.085526
1427157592.712,-36.46689
1427157592.728,-37.045425
1427157592.744,-37.452744
1427157592.759,-38.179474
1427157592.775,-39.39276
1427157592.791,-40.953064
1427157592.806,-42.456863
1427157592.822,-43.510727
1427157592.837,-43.93158
1427157592.853,-43.82025
1427157592.869,-43.445328
1427157592.884,-43.10402
1427157592.9,-42.8743
1427157592.916,-42.546585
1427157592.931,-41.729218
1427157592.947,-40.040436
1427157592.962,-37.33
1427157592.978,-33.707443
1427157592.994,-29.53836
1427157593.009,-25.259583
1427157593.025,-21.23288
1427157593.041,-17.605194
1427157593.056,-14.291473
1427157593.072,-11.03331
1427157593.087,-7.502884
1427157593.103,-3.4378815
1427157593.119,1.2039948
1427157593.134,6.248352
1427157593.15,11.31485
1427157593.166,16.002853
1427157593.181,20.050613
1427157593.197,23.505417
1427157593.212,26.719604
1427157593.228,30.284607
1427157593.244,34.82733
1427157593.259,40.79161
1427157593.275,48.224136
1427157593.291,56.62944
1427157593.306,64.971664
1427157593.322,71.791885
1427157593.337,75.52867
1427157593.353,74.93739
1427157593.369,69.45856
1427157593.384,59.41017
1427157593.4,45.9317
1427157593.416,30.648987
1427157593.431,15.219391
1427157593.447,0.96780396
1427157593.462,-11.370956
1427157593.478,-21.581757
1427157593.494,-29.81578
1427157593.509,-36.332565
1427157593.525,-41.35663
1427157593.541,-45.049896
1427157593.556,-47.557022
1427157593.572,-49.079742
1427157593.587,-49.879776
1427157593.603,-50.234283
1427157593.619,-50.368347
1427157593.634,-50.384766
1427157593.65,-50.297577
1427157593.666,-50.085846
1427157593.681,-49.794434
1427157593.697,-49.52182
1427157593.712,-49.389374
1427157593.728,-49.406006
1427157593.744,-49.42517
1427157593.759,-49.07489
1427157593.775,-47.90268
1427157593.791,-45.546448
1427157593.806,-41.92401
1427157593.822,-37.29608
1427157593.837,-32.198822
1427157593.853,-27.211334
1427157593.869,-22.683777
1427157593.884,-18.58789
1427157593.9,-14.558319
1427157593.916,-10.064484
1427157593.931,-4.720642
1427157593.947,1.5865784
1427157593.962,8.641205
1427157593.978,16.054535
1427157593.994,23.406677
1427157594.009,30.396545
1427157594.025,36.85858
1427157594.041,42.853546
1427157594.056,48.63382
1427157594.072,54.689636
1427157594.087,61.5148
1427157594.103,69.36493
1427157594.119,77.88898
1427157594.134,85.92148
1427157594.15,91.686615
1427157594.166,93.30875
1427157594.181,89.509796
1427157594.197,80.15347
1427157594.212,66.34592
1427157594.228,50.02069
1427157594.244,33.275024
1427157594.259,17.691376
1427157594.275,4.082794
1427157594.291,-7.4367065
1427157594.306,-17.104645
1427157594.322,-25.116821
1427157594.337,-31.491913
1427157594.353,-36.110382
1427157594.369,-38.905
1427157594.384,-40.024536
1427157594.4,-39.863525
1427157594.416,-38.945526
1427157594.431,-37.798462
1427157594.447,-36.747253
1427157594.462,-35.900482
1427157594.478,-35.193268
1427157594.494,-34.494843
1427157594.509,-33.708008
1427157594.525,-32.817627
1427157594.541,-31.84491
1427157594.556,-30.779053
1427157594.572,-29.551483
1427157594.587,-28.023773
1427157594.603,-26.110382
1427157594.619,-23.773682
1427157594.634,-21.004578
1427157594.65,-17.797028
1427157594.666,-14.077759
1427157594.681,-9.762054
1427157594.697,-4.8201904
1427157594.712,0.60079956
1427157594.728,6.2204285
1427157594.744,11.684235
1427157594.759,16.699127
1427157594.775,21.156372
1427157594.791,25.163116
1427157594.806,28.938934
1427157594.822,32.780914
1427157594.837,36.976807
1427157594.853,41.83014
1427157594.869,47.5802
1427157594.884,54.248962
1427157594.9,61.40033
1427157594.916,68.00668
1427157594.931,72.54578
1427157594.947,73.41846
1427157594.962,69.52225
1427157594.978,60.725677
1427157594.994,47.9411
1427157595.009,32.841858
1427157595.025,17.267273
1427157595.041,2.6752014
1427157595.056,-10.1380005
1427157595.072,-20.961517
1427157595.087,-29.887451
1427157595.103,-37.031097
1427157595.119,-42.421295
1427157595.134,-46.022217
1427157595.15,-47.957153
1427157595.166,-48.53534
1427157595.181,-48.27353
1427157595.197,-47.74066
1427157595.212,-47.428894
1427157595.228,-47.596344
1427157595.244,-48.270233
1427157595.259,-49.270294
1427157595.275,-50.303528
1427157595.291,-51.056244
1427157595.306,-51.282135
1427157595.322,-50.845337
1427157595.338,-49.70511
1427157595.353,-47.86133
1427157595.369,-45.36667
1427157595.384,-42.262787
1427157595.4,-38.641876
1427157595.416,-34.592316
1427157595.431,-30.200073
1427157595.447,-25.47644
1427157595.463,-20.359406
1427157595.478,-14.707489
1427157595.494,-8.408112
1427157595.509,-1.4916992
1427157595.525,5.8353577
1427157595.541,13.191467
1427157595.556,20.159973
1427157595.572,26.459015
1427157595.588,32.037903
1427157595.603,37.170715
1427157595.619,42.36789
1427157595.634,48.279297
1427157595.65,55.40216
1427157595.666,63.84079
1427157595.681,72.99173
1427157595.697,81.471405
1427157595.713,87.366425
1427157595.728,88.775665
1427157595.744,84.481415
1427157595.759,74.45288
1427157595.775,59.895508
1427157595.791,42.852417
1427157595.806,25.476318
1427157595.822,9.390472
1427157595.838,-4.5956116
1427157595.853,-16.404388
1427157595.869,-26.305695
1427157595.884,-34.5589
1427157595.9,-41.250458
1427157595.916,-46.332672
1427157595.931,-49.8161
1427157595.947,-51.87274
1427157595.963,-52.89212
1427157595.978,-53.345886
1427157595.994,-53.67041
1427157596.009,-54.076477
1427157596.025,-54.56424
1427157596.041,-54.96112
1427157596.056,-55.06241
1427157596.072,-54.77295
1427157596.088,-54.202454
1427157596.103,-53.56546
1427157596.119,-53.07263
1427157596.134,-52.719696
1427157596.15,-52.275726
1427157596.166,-51.32428
1427157596.181,-49.46805
1427157596.197,-46.47528
1427157596.213,-42.384552
1427157596.228,-37.46411
1427157596.244,-32.108276
1427157596.259,-26.713043
1427157596.275,-21.604034
1427157596.291,-16.912323
1427157596.306,-12.562897
1427157596.322,-8.237152
1427157596.338,-3.5204468
1427157596.353,1.9851074
1427157596.369,8.367798
1427157596.384,15.406586
1427157596.4,22.562744
1427157596.416,29.23642
1427157596.431,34.98761
1427157596.447,39.71109
1427157596.463,43.647095
1427157596.478,47.296265
1427157596.494,51.25714
1427157596.509,56.22003
1427157596.525,62.764618
1427157596.541,71.10593
1427157596.556,80.7583
1427157596.572,90.37512
1427157596.588,97.83032
1427157596.603,100.824524
1427157596.619,97.651184
1427157596.634,87.89316
1427157596.65,72.617584
1427157596.666,54.01645
1427157596.681,34.604584
1427157596.697,16.478333
1427157596.713,0.83032227
1427157596.728,-12.068634
1427157596.744,-22.523773
1427157596.759,-30.998505
1427157596.775,-37.824005
1427157596.791,-43.1398
1427157596.806,-46.97049
1427157596.822,-49.414642
1427157596.838,-50.737396
1427157596.853,-51.332275
1427157596.869,-51.6705
1427157596.884,-52.062073
1427157596.9,-52.575928
1427157596.916,-53.069397
1427157596.931,-53.31967
1427157596.947,-53.19037
1427157596.963,-52.774902
1427157596.978,-52.278625
1427157596.994,-51.94458
1427157597.009,-51.783264
1427157597.025,-51.52954
1427157597.041,-50.728363
1427157597.056,-48.943634
1427157597.072,-45.914276
1427157597.088,-41.690582
1427157597.103,-36.581665
1427157597.119,-31.0307
1427157597.134,-25.47699
1427157597.15,-20.273865
1427157597.166,-15.580048
1427157597.181,-11.366425
1427157597.197,-7.390747
1427157597.213,-3.3129883
1427157597.228,1.1974792
1427157597.244,6.271637
1427157597.259,11.826324
1427157597.275,17.538727
1427157597.291,23.03183
1427157597.306,27.985962
1427157597.322,32.306763
1427157597.338,36.121216
1427157597.353,39.72284
1427157597.369,43.480896
1427157597.384,47.80307
1427157597.4,53.0683
1427157597.416,59.565735
1427157597.431,67.24667
1427157597.447,75.518585
1427157597.463,83.09885
1427157597.478,88.197784
1427157597.494,89.00601
1427157597.509,84.37509
1427157597.525,74.285126
1427157597.541,59.92227
1427157597.556,43.267242
1427157597.572,26.437225
1427157597.588,11.026672
1427157597.603,-2.1573792
1427157597.619,-12.985474
1427157597.634,-21.670044
1427157597.65,-28.431335
1427157597.666,-33.38803
1427157597.681,-36.641693
1427157597.697,-38.393402
1427157597.713,-39.032898
1427157597.728,-39.04724
1427157597.744,-38.931885
1427157597.759,-39.03009
1427157597.775,-39.511322
1427157597.791,-40.367554
1427157597.806,-41.458893
1427157597.822,-42.60208
1427157597.838,-43.585846
1427157597.853,-44.252655
1427157597.869,-44.483307
1427157597.884,-44.20227
1427157597.9,-43.35327
1427157597.916,-41.839233
1427157597.931,-39.578613
1427157597.947,-36.54843
1427157597.963,-32.78958
1427157597.978,-28.414215
1427157597.994,-23.59198
1427157598.01,-18.431854
1427157598.025,-13.018372
1427157598.041,-7.420685
1427157598.056,-1.754303
1427157598.072,3.848114
1427157598.088,9.257477
1427157598.103,14.403595
1427157598.119,19.335754
1427157598.135,24.165558
1427157598.15,29.07782
1427157598.166,34.28134
1427157598.181,40.05533
1427157598.197,46.7193
1427157598.213,54.414764
1427157598.228,62.847534
1427157598.244,71.01663
1427157598.26,77.29724
1427157598.275,79.84711
1427157598.291,77.28131
1427157598.306,69.23236
1427157598.322,56.590942
1427157598.338,41.201324
1427157598.353,25.233398
1427157598.369,10.489471
1427157598.385,-2.0026245
1427157598.4,-12.027039
1427157598.416,-19.900192
1427157598.431,-26.074966
1427157598.447,-30.861633
1427157598.463,-34.343033
1427157598.478,-36.468872
1427157598.494,-37.298157
1427157598.51,-37.080322
1427157598.525,-36.326996
1427157598.541,-35.617752
1427157598.556,-35.413116
1427157598.572,-35.82138
1427157598.588,-36.569016
1427157598.603,-37.2276
1427157598.619,-37.420578
1427157598.635,-37.05185
1427157598.65,-36.29547
1427157598.666,-35.42067
1427157598.681,-34.544983
1427157598.697,-33.530014
1427157598.713,-32.049683
1427157598.728,-29.759766
1427157598.744,-26.458878
1427157598.76,-22.123352
1427157598.775,-16.924774
1427157598.791,-11.0685425
1427157598.806,-4.845688
1427157598.822,1.4766388
1427157598.838,7.642746
1427157598.853,13.472992
1427157598.869,18.871552
1427157598.885,23.858582
1427157598.9,28.535767
1427157598.916,33.03949
1427157598.931,37.542587
1427157598.947,42.324158
1427157598.963,47.779114
1427157598.978,54.309555
1427157598.994,61.997772
1427157599.01,70.286606
1427157599.025,77.8318
1427157599.041,82.72238
1427157599.056,83.13211
1427157599.072,78.03584
1427157599.088,67.6239
1427157599.103,53.34848
1427157599.119,37.282684
1427157599.135,21.448532
1427157599.15,7.168869
1427157599.166,-5.070236
1427157599.181,-15.452377
1427157599.197,-24.325165
1427157599.213,-31.872849
1427157599.228,-37.99556
1427157599.244,-42.46721
1427157599.26,-45.191055
1427157599.275,-46.363205
1427157599.291,-46.45909
1427157599.306,-46.05565
1427157599.322,-45.626266
1427157599.338,-45.38817
1427157599.353,-45.31659
1427157599.369,-45.251556
1427157599.385,-45.030655
1427157599.4,-44.61035
1427157599.416,-43.99478
1427157599.431,-43.22661
1427157599.447,-42.27037
1427157599.463,-40.996674
1427157599.478,-39.20352
1427157599.494,-36.70897
1427157599.51,-33.459366
1427157599.525,-29.553986
1427157599.541,-25.215256
1427157599.556,-20.6736
1427157599.572,-16.067902
1427157599.588,-11.390366
1427157599.603,-6.48053
1427157599.619,-1.165863
1427157599.635,4.628235
1427157599.65,10.772736
1427157599.666,16.965439
1427157599.681,22.844772
1427157599.697,28.165009
1427157599.713,32.92334
1427157599.728,37.399796
1427157599.744,42.103333
1427157599.76,47.61078
1427157599.775,54.39012
1427157599.791,62.50879
1427157599.806,71.4305
1427157599.822,79.95091
1427157599.838,86.349594
1427157599.853,88.84479
1427157599.869,86.16557
1427157599.885,78.060394
1427157599.9,65.40358
1427157599.916,49.976257
1427157599.931,33.86435
1427157599.947,18.818695
1427157599.963,5.8530426
1427157599.978,-4.8151093
1427157599.994,-13.505875
1427157600.01,-20.660156
1427157600.025,-26.595062
1427157600.041,-31.382233
1427157600.056,-34.925262
1427157600.072,-37.133423
1427157600.088,-38.08789
1427157600.103,-38.070206
1427157600.119,-37.52144
1427157600.135,-36.892685
1427157600.15,-36.529037
1427157600.166,-36.52182
1427157600.181,-36.775696
1427157600.197,-37.034576
1427157600.213,-37.03958
1427157600.228,-36.6243
1427157600.244,-35.737976
1427157600.26,-34.404144
1427157600.275,-32.69043
1427157600.291,-30.617096
1427157600.306,-28.191467
1427157600.322,-25.366394
1427157600.338,-22.120163
1427157600.353,-18.426025
1427157600.369,-14.2789
1427157600.385,-9.746841
1427157600.4,-4.9611664
1427157600.416,-0.107925415
1427157600.431,4.6170044
1427157600.447,9.105942
1427157600.463,13.337784
1427157600.478,17.411682
1427157600.494,21.465164
1427157600.51,25.667084
1427157600.525,30.268524
1427157600.541,35.5914
1427157600.556,41.934906
1427157600.572,49.33406
1427157600.588,57.284744
1427157600.603,64.57776
1427157600.619,69.53146
1427157600.635,70.50592
1427157600.65,66.53175
1427157600.666,57.758644
1427157600.682,45.380035
1427157600.697,31.229477
1427157600.713,17.12561
1427157600.728,4.359375
1427157600.744,-6.526329
1427157600.76,-15.54422
1427157600.775,-22.952255
1427157600.791,-28.96106
1427157600.806,-33.63533
1427157600.822,-36.900154
1427157600.838,-38.772903
1427157600.853,-39.43129
1427157600.869,-39.262222
1427157600.885,-38.768547
1427157600.9,-38.42888
1427157600.916,-38.509727
1427157600.932,-39.041718
1427157600.947,-39.803574
1427157600.963,-40.550224
1427157600.978,-41.082504
1427157600.994,-41.281837
1427157601.01,-41.066795
1427157601.025,-40.303467
1427157601.041,-38.772545
1427157601.057,-36.299133
1427157601.072,-32.839973
1427157601.088,-28.615837
1427157601.103,-24.008148
1427157601.119,-19.444405
1427157601.135,-15.17099
1427157601.15,-11.197769
1427157601.166,-7.3162384
1427157601.182,-3.235939
1427157601.197,1.2901688
1427157601.213,6.3312836
1427157601.228,11.780327
1427157601.244,17.366295
1427157601.26,22.793533
1427157601.275,27.783966
1427157601.291,32.239426
1427157601.307,36.256462
1427157601.322,40.15354
1427157601.338,44.40844
1427157601.353,49.546432
1427157601.369,55.9002
1427157601.385,63.41073
1427157601.4,71.35388
1427157601.416,78.38152
1427157601.432,82.74898
1427157601.447,82.863045
1427157601.463,77.848
1427157601.478,67.96957
1427157601.494,54.559807
1427157601.51,39.573013
1427157601.525,24.882133
1427157601.541,11.734764
1427157601.557,0.516304
1427157601.572,-8.991951
1427157601.588,-17.256622
1427157601.603,-24.546852
1427157601.619,-30.855934
1427157601.635,-35.973953
1427157601.65,-39.742874
1427157601.666,-42.20404
1427157601.682,-43.6304
1427157601.697,-44.429443
1427157601.713,-44.98391
1427157601.728,-45.542435
1427157601.744,-46.199356
1427157601.76,-46.880783
1427157601.775,-47.44178
1427157601.791,-47.752594
1427157601.807,-47.722023
1427157601.822,-47.334114
1427157601.838,-46.64753
1427157601.853,-45.702583
1427157601.869,-44.49863
1427157601.885,-42.98582
1427157601.9,-41.11683
1427157601.916,-38.811565
1427157601.932,-36.057686
1427157601.947,-32.824677
1427157601.963,-29.118984
1427157601.978,-24.951965
1427157601.994,-20.402004
1427157602.01,-15.627659
1427157602.025,-10.899944
1427157602.041,-6.4785805
1427157602.057,-2.5209007
1427157602.072,1.0003853
1427157602.088,4.2731895
1427157602.103,7.6346207
1427157602.119,11.360687
1427157602.135,15.592873
1427157602.15,20.28756
1427157602.166,25.228409
1427157602.182,30.10677
1427157602.197,34.675514
1427157602.213,38.81711
1427157602.228,42.591698
1427157602.244,46.25901
1427157602.26,50.25422
1427157602.275,55.07726
1427157602.291,61.14801
1427157602.307,68.50317
1427157602.322,76.60303
1427157602.338,84.20395
1427157602.353,89.54175
1427157602.369,90.84018
1427157602.385,86.94047
1427157602.4,77.752754
1427157602.416,64.39222
1427157602.432,48.771824
1427157602.447,32.936806
1427157602.463,18.429918
1427157602.478,5.9416046
1427157602.494,-4.584647
1427157602.51,-13.552486
1427157602.525,-21.318228
1427157602.541,-27.971455
1427157602.557,-33.391537
1427157602.572,-37.409065
1427157602.588,-40.045177
1427157602.603,-41.542236
1427157602.619,-42.332096
1427157602.635,-42.884766
1427157602.65,-43.561195
1427157602.666,-44.494995
1427157602.682,-45.599834
1427157602.697,-46.6009
1427157602.713,-47.221516
1427157602.728,-47.28725
1427157602.744,-46.835484
1427157602.76,-46.024178
1427157602.775,-45.051292
1427157602.791,-43.974564
1427157602.807,-42.70427
1427157602.822,-41.065464
1427157602.838,-38.91006
1427157602.853,-36.22642
1427157602.869,-33.058937
1427157602.885,-29.455456
1427157602.9,-25.428127
1427157602.916,-20.97398
1427157602.932,-16.18345
1427157602.947,-11.300535
1427157602.963,-6.6925206
1427157602.978,-2.6281605
1427157602.994,0.8518419
1427157603.01,4.0208216
1427157603.025,7.317068
1427157603.041,11.13283
1427157603.057,15.556438
1427157603.072,20.38683
1427157603.088,25.23347
1427157603.103,29.738142
1427157603.119,33.75085
1427157603.135,37.376587
1427157603.15,40.898293
1427157603.166,44.66434
1427157603.182,48.996117
1427157603.197,54.15358
1427157603.213,60.24183
1427157603.228,67.10542
1427157603.244,74.11337
1427157603.26,80.19045
1427157603.275,83.84728
1427157603.291,83.65582
1427157603.307,78.71288
1427157603.322,69.06571
1427157603.338,55.778885
1427157603.354,40.652237
1427157603.369,25.625813
1427157603.385,12.177935
1427157603.4,1.013031
1427157603.416,-7.892708
1427157603.432,-14.997059
1427157603.447,-20.759718
1427157603.463,-25.42754
1427157603.478,-29.030577
1427157603.494,-31.578644
1427157603.51,-33.219692
1427157603.525,-34.302673
1427157603.541,-35.234966
1427157603.557,-36.312263
1427157603.572,-37.56646
1427157603.588,-38.79467
1427157603.604,-39.673462
1427157603.619,-40.00746
1427157603.635,-39.785164
1427157603.65,-39.210243
1427157603.666,-38.537132
1427157603.682,-37.885674
1427157603.697,-37.13038
1427157603.713,-35.954464
1427157603.729,-34.000023
1427157603.744,-31.087898
1427157603.76,-27.329344
1427157603.775,-23.131714
1427157603.791,-18.966545
1427157603.807,-15.150047
1427157603.822,-11.671637
1427157603.838,-8.2256565
1427157603.854,-4.398596
1427157603.869,0.08060074
1427157603.885,5.174593
1427157603.9,10.493519
1427157603.916,15.550552
1427157603.932,19.930086
1427157603.947,23.513533
1427157603.963,26.499908
1427157603.979,29.368732
1427157603.994,32.728798
1427157604.01,37.205963
1427157604.025,43.191692
1427157604.041,50.639595
1427157604.057,58.860172
1427157604.072,66.50538
1427157604.088,71.82042
1427157604.104,73.17656
1427157604.119,69.62059
1427157604.135,61.27588
1427157604.15,49.297615
1427157604.166,35.447174
1427157604.182,21.493517
1427157604.197,8.771366
1427157604.213,-2.1029434
1427157604.229,-11.081646
1427157604.244,-18.455915
1427157604.26,-24.538277
1427157604.275,-29.551382
1427157604.291,-33.564026
1427157604.307,-36.609722
1427157604.322,-38.73709
1427157604.338,-40.07809
1427157604.354,-40.85588
1427157604.369,-41.3311
1427157604.385,-41.683716
1427157604.4,-41.973545
1427157604.416,-42.154594
1427157604.432,-42.107357
1427157604.447,-41.778423
1427157604.463,-41.234657
1427157604.479,-40.636147
1427157604.494,-40.13418
1427157604.51,-39.73339
1427157604.525,-39.190857
1427157604.541,-38.07969
1427157604.557,-35.992043
1427157604.572,-32.701965
1427157604.588,-28.381502
1427157604.604,-23.49147
1427157604.619,-18.664755
1427157604.635,-14.331682
1427157604.65,-10.559458
1427157604.666,-7.005451
1427157604.682,-3.1290798
1427157604.697,1.5287132
1427157604.713,7.0550117
1427157604.729,13.149918
1427157604.744,19.215002
1427157604.76,24.692095
1427157604.775,29.276531
1427157604.791,33.05804
1427157604.807,36.434456
1427157604.822,39.957573
1427157604.838,44.140774
1427157604.854,49.36265
1427157604.869,55.78171
1427157604.885,63.247993
1427157604.9,71.15515
1427157604.916,78.37795
1427157604.932,83.40481
1427157604.947,84.72258
1427157604.963,81.31181
1427157604.979,73.07243
1427157604.994,60.906242
1427157605.01,46.49823
1427157605.025,31.671516
1427157605.041,17.878386
1427157605.057,5.8642254
1427157605.072,-4.3081074
1427157605.088,-12.9488735
1427157605.104,-20.36863
1427157605.119,-26.683205
1427157605.135,-31.77975
1427157605.15,-35.528984
1427157605.166,-37.970676
1427157605.182,-39.41903
1427157605.197,-40.368637
1427157605.213,-41.328484
1427157605.229,-42.545956
1427157605.244,-43.953934
1427157605.26,-45.19931
1427157605.275,-45.89528
1427157605.291,-45.848816
1427157605.307,-45.205032
1427157605.322,-44.293823
1427157605.338,-43.422024
1427157605.354,-42.62395
1427157605.369,-41.643795
1427157605.385,-40.012424
1427157605.4,-37.366425
1427157605.416,-33.654327
1427157605.432,-29.210331
1427157605.447,-24.597994
1427157605.463,-20.343843
1427157605.479,-16.67606
1427157605.494,-13.430773
1427157605.51,-10.077787
1427157605.525,-6.0384636
1427157605.541,-0.9478588
1427157605.557,5.123543
1427157605.572,11.7292385
1427157605.588,18.204954
1427157605.604,24.023863
1427157605.619,28.975485
1427157605.635,33.24247
1427157605.65,37.258675
1427157605.666,41.571014
1427157605.682,46.620525
1427157605.697,52.722927
1427157605.713,59.9048
1427157605.729,67.780396
1427157605.744,75.41479
1427157605.76,81.40581
1427157605.775,84.12098
1427157605.791,82.29295
1427157605.807,75.45722
1427157605.822,64.22177
1427157605.838,50.080753
1427157605.854,34.918575
1427157605.869,20.39458
1427157605.885,7.6000137
1427157605.9,-3.0655508
1427157605.916,-11.692672
1427157605.932,-18.608662
1427157605.947,-24.117256
1427157605.963,-28.43978
1427157605.979,-31.677498
1427157605.994,-33.92952
1427157606.01,-35.31364
1427157606.025,-36.06337
1427157606.041,-36.469536
1427157606.057,-36.87614
1427157606.072,-37.52159
1427157606.088,-38.489166
1427157606.104,-39.639835
1427157606.119,-40.72579
1427157606.135,-41.45335
1427157606.15,-41.610363
1427157606.166,-41.10365
1427157606.182,-39.960144
1427157606.197,-38.253834
1427157606.213,-36.074127
1427157606.229,-33.46562
1427157606.244,-30.438496
1427157606.26,-26.88447
1427157606.276,-22.713955
1427157606.291,-17.855442
1427157606.307,-12.391937
1427157606.322,-6.5359344
1427157606.338,-0.60532856
1427157606.354,5.1034155
1427157606.369,10.410219
1427157606.385,15.2778
1427157606.401,19.785477
1427157606.416,24.102324
1427157606.432,28.420763
1427157606.447,33.018986
1427157606.463,38.23309
1427157606.479,44.38617
1427157606.494,51.491146
1427157606.51,59.0571
1427157606.526,65.9282
1427157606.541,70.52527
1427157606.557,71.307594
1427157606.572,67.36666
1427157606.588,58.811504
1427157606.604,46.793755
1427157606.619,33.065193
1427157606.635,19.425802
1427157606.651,7.1370163
1427157606.666,-3.2792263
1427157606.682,-11.936411
1427157606.697,-19.252995
1427157606.713,-25.57558
1427157606.729,-30.994741
1427157606.744,-35.415478
1427157606.76,-38.70658
1427157606.776,-40.885887
1427157606.791,-42.175438
1427157606.807,-42.942314
1427157606.822,-43.44308
1427157606.838,-43.785545
1427157606.854,-43.869667
1427157606.869,-43.54254
1427157606.885,-42.75837
1427157606.901,-41.709274
1427157606.916,-40.73146
1427157606.932,-40.16542
1427157606.947,-40.095497
1427157606.963,-40.264153
1427157606.979,-40.128014
1427157606.994,-39.092644
1427157607.01,-36.776333
1427157607.026,-33.20697
1427157607.041,-28.7976
1427157607.057,-24.171265
1427157607.072,-19.862484
1427157607.088,-16.10079
1427157607.104,-12.655376
1427157607.119,-9.027552
1427157607.135,-4.664732
1427157607.151,0.7028351
1427157607.166,6.9152966
1427157607.182,13.478096
1427157607.197,19.772583
1427157607.213,25.343836
1427157607.229,30.083904
1427157607.244,34.21837
1427157607.26,38.20816
1427157607.276,42.59704
1427157607.291,47.91136
1427157607.307,54.468117
1427157607.322,62.23251
1427157607.338,70.59012
1427157607.354,78.284386
1427157607.369,83.58545
1427157607.385,84.801125
1427157607.401,80.84305
1427157607.416,71.75294
1427157607.432,58.699524
1427157607.447,43.590633
1427157607.463,28.383282
1427157607.479,14.483795
1427157607.494,2.4776897
1427157607.51,-7.715494
1427157607.526,-16.468065
1427157607.541,-24.05664
1427157607.557,-30.517357
1427157607.572,-35.720398
1427157607.588,-39.5831
1427157607.604,-42.22396
1427157607.619,-43.997513
1427157607.635,-45.367786
1427157607.651,-46.729355
1427157607.666,-48.252953
1427157607.682,-49.85724
1427157607.697,-51.25688
1427157607.713,-52.189014
1427157607.729,-52.48147
1427157607.744,-52.160038
1427157607.76,-51.38888
1427157607.776,-50.388412
1427157607.791,-49.26408
1427157607.807,-47.97913
1427157607.822,-46.35041
1427157607.838,-44.109337
1427157607.854,-41.03737
1427157607.869,-37.07437
1427157607.885,-32.398983
1427157607.901,-27.412676
1427157607.916,-22.5868
1427157607.932,-18.293287
1427157607.947,-14.587929
1427157607.963,-11.197723
1427157607.979,-7.5799885
1427157607.994,-3.2176685
1427157608.01,2.1307087
1427157608.026,8.281429
1427157608.041,14.69677
1427157608.057,20.722002
1427157608.072,25.893282
1427157608.088,30.134865
1427157608.104,33.761574
1427157608.119,37.37201
1427157608.135,41.63609
1427157608.151,47.112576
1427157608.166,54.127678
1427157608.182,62.55672
1427157608.197,71.77591
1427157608.213,80.5542
1427157608.229,87.24781
1427157608.244,90.15752
1427157608.26,88.08726
1427157608.276,80.71743
1427157608.291,68.841995
1427157608.307,54.106293
1427157608.322,38.498116
1427157608.338,23.725542
1427157608.354,10.820017
1427157608.369,0.08251476
1427157608.385,-8.705285
1427157608.401,-15.917125
1427157608.416,-21.814968
1427157608.432,-26.499819
1427157608.447,-29.983831
1427157608.463,-32.400696
1427157608.479,-34.0207
1427157608.494,-35.224686
1427157608.51,-36.34909
1427157608.526,-37.542496
1427157608.541,-38.74915
1427157608.557,-39.788605
1427157608.572,-40.532455
1427157608.588,-40.970695
1427157608.604,-41.20894
1427157608.619,-41.355568
1427157608.635,-41.413403
1427157608.651,-41.23917
1427157608.666,-40.556686
1427157608.682,-39.094406
1427157608.697,-36.69883
1427157608.713,-33.41799
1427157608.729,-29.463686
1427157608.744,-25.166409
1427157608.76,-20.795864
1427157608.776,-16.521702
1427157608.791,-12.303026
1427157608.807,-8.015541
1427157608.822,-3.4744272
1427157608.838,1.3626175
1427157608.854,6.3999405
1427157608.869,11.427246
1427157608.885,16.191055
1427157608.901,20.556517
1427157608.916,24.580442
1427157608.932,28.512093
1427157608.948,32.76349
1427157608.963,37.78178
1427157608.979,43.931374
1427157608.994,51.26948
1427157609.01,59.32127
1427157609.026,66.98931
1427157609.041,72.69241
1427157609.057,74.781944
1427157609.073,72.181145
1427157609.088,64.812485
1427157609.104,53.667973
1427157609.119,40.485607
1427157609.135,27.092196
1427157609.151,14.7937565
1427157609.166,4.148859
1427157609.182,-4.94792
1427157609.198,-12.879719
1427157609.213,-19.940071
1427157609.229,-26.143345
1427157609.244,-31.32793
1427157609.26,-35.26844
1427157609.276,-37.921387
1427157609.291,-39.462826
1427157609.307,-40.273117
1427157609.323,-40.774387
1427157609.338,-41.330032
1427157609.354,-42.092106
1427157609.369,-42.992958
1427157609.385,-43.79908
1427157609.401,-44.263264
1427157609.416,-44.271477
1427157609.432,-43.865005
1427157609.448,-43.150734
1427157609.463,-42.182377
1427157609.479,-40.814606
1427157609.494,-38.79097
1427157609.51,-35.86518
1427157609.526,-32.01104
1427157609.541,-27.476995
1427157609.557,-22.672827
1427157609.573,-17.996193
1427157609.588,-13.586507
1427157609.604,-9.309444
1427157609.619,-4.833864
1427157609.635,0.14056206
1427157609.651,5.6585484
1427157609.666,11.480793
1427157609.682,17.121704
1427157609.698,22.131859
1427157609.713,26.26305
1427157609.729,29.682583
1427157609.744,32.884827
1427157609.76,36.58124
1427157609.776,41.46233
1427157609.791,47.935463
1427157609.807,55.913887
1427157609.823,64.697174
1427157609.838,72.93989
1427157609.854,78.908066
1427157609.869,80.907234
1427157609.885,77.875595
1427157609.901,69.7923
1427157609.916,57.76438
1427157609.932,43.637505
1427157609.948,29.354946
1427157609.963,16.298412
1427157609.979,5.0174894
1427157609.994,-4.7079754
1427157610.01,-13.350897
1427157610.026,-21.277983
1427157610.041,-28.497711
1427157610.057,-34.739956
1427157610.073,-39.706516
1427157610.088,-43.30301
1427157610.104,-45.673645
1427157610.119,-47.151196
1427157610.135,-48.057297
1427157610.151,-48.61361
1427157610.166,-48.91307
1427157610.182,-48.96572
1427157610.198,-48.74074
1427157610.213,-48.279205
1427157610.229,-47.649857
1427157610.244,-46.96556
1427157610.26,-46.27102
1427157610.276,-45.49041
1427157610.291,-44.37134
1427157610.307,-42.619232
1427157610.323,-40.00918
1427157610.338,-36.543137
1427157610.354,-32.491825
1427157610.369,-28.27715
1427157610.385,-24.253904
1427157610.401,-20.520073
1427157610.416,-16.883818
1427157610.432,-12.986737
1427157610.448,-8.511662
1427157610.463,-3.3763475
1427157610.479,2.2401295
1427157610.494,7.939002
1427157610.51,13.315549
1427157610.526,18.11107
1427157610.541,22.329788
1427157610.557,26.220718
1427157610.573,30.238583
1427157610.588,34.924118
1427157610.604,40.80616
1427157610.619,48.162712
1427157610.635,56.835285
1427157610.651,66.02535
1427157610.666,74.302216
1427157610.682,79.86941
1427157610.698,81.110085
1427157610.713,77.14886
1427157610.729,68.23945
1427157610.744,55.718742
1427157610.76,41.594414
1427157610.776,27.80214
1427157610.791,15.665911
1427157610.807,5.589569
1427157610.823,-2.7523384
1427157610.838,-9.953596
1427157610.854,-16.399837
1427157610.869,-22.06345
1427157610.885,-26.565968
1427157610.901,-29.54818
1427157610.916,-30.934792
1427157610.932,-31.076187
1427157610.948,-30.57447
1427157610.963,-30.05257
1427157610.979,-29.871925
1427157610.994,-30.057812
1427157611.01,-30.3331
1427157611.026,-30.369022
1427157611.041,-29.915272
1427157611.057,-28.960869
1427157611.073,-27.661442
1427157611.088,-26.27116
1427157611.104,-24.953125
1427157611.119,-23.689903
1427157611.135,-22.223518
1427157611.151,-20.171818
1427157611.166,-17.176987
1427157611.182,-13.116779
1427157611.198,-8.181179
1427157611.213,-2.8487625
1427157611.229,2.318531
1427157611.244,6.8823586
1427157611.26,10.748394
1427157611.276,14.141014
1427157611.291,17.496918
1427157611.307,21.245285
1427157611.323,25.704926
1427157611.338,31.031055
1427157611.354,37.275085
1427157611.369,44.32463
1427157611.385,51.832314
1427157611.401,59.013847
1427157611.416,64.6723
1427157611.432,67.397865
1427157611.448,66.020454
1427157611.463,60.15506
1427157611.479,50.3742
1427157611.494,38.084503
1427157611.51,25.081165
1427157611.526,12.8941345
1427157611.541,2.398079
1427157611.557,-6.279541
1427157611.573,-13.517643
1427157611.588,-19.753105
1427157611.604,-25.2347
1427157611.62,-29.9216
1427157611.635,-33.590656
1427157611.651,-36.079006
1427157611.666,-37.419846
1427157611.682,-37.873535
1427157611.698,-37.81954
1427157611.713,-37.621708
1427157611.729,-37.470394
1427157611.744,-37.412434
1427157611.76,-37.354115
1427157611.776,-37.21726
1427157611.791,-36.96345
1427157611.807,-36.62267
1427157611.823,-36.18657
1427157611.838,-35.5423
1427157611.854,-34.47051
1427157611.87,-32.716892
1427157611.885,-30.160667
1427157611.901,-26.900185
1427157611.916,-23.23394
1427157611.932,-19.502335
1427157611.948,-15.88942
1427157611.963,-12.334278
1427157611.979,-8.548973
1427157611.995,-4.2108994
1427157612.01,0.83003616
1427157612.026,6.4296837
1427157612.041,12.223228
1427157612.057,17.777504
1427157612.073,22.811378
1427157612.088,27.281963
1427157612.104,31.4011
1427157612.12,35.544804
1427157612.135,40.16618
1427157612.151,45.69249
1427157612.166,52.380882
1427157612.182,60.11165
1427157612.198,68.176125
1427157612.213,75.25041
1427157612.229,79.64487
1427157612.245,79.77707
1427157612.26,74.84009
1427157612.276,65.14344
1427157612.291,52.10662
1427157612.307,37.71258
1427157612.323,23.840328
1427157612.338,11.6798935
1427157612.354,1.5368309
1427157612.37,-6.953636
1427157612.385,-14.390007
1427157612.401,-21.218021
1427157612.416,-27.50177
1427157612.432,-33.015537
1427157612.448,-37.440628
1427157612.463,-40.596127
1427157612.479,-42.608192
1427157612.495,-43.85867
1427157612.51,-44.78713
1427157612.526,-45.684803
1427157612.541,-46.516033
1427157612.557,-47.018703
1427157612.573,-46.890587
1427157612.588,-46.070435
1427157612.604,-44.800667
1427157612.62,-43.514565
1427157612.635,-42.504692
1427157612.651,-41.66286
1427157612.666,-40.50342
1427157612.682,-38.433186
1427157612.698,-35.092968
1427157612.713,-30.652866
1427157612.729,-25.713043
1427157612.745,-21.049416
1427157612.76,-17.205482
1427157612.776,-14.295391
1427157612.791,-11.957893
1427157612.807,-9.583168
1427157612.823,-6.5354843
1427157612.838,-2.4364395
1427157612.854,2.7310371
1427157612.87,8.605797
1427157612.885,14.588127
1427157612.901,20.057816
1427157612.916,24.629406
1427157612.932,28.311481
1427157612.948,31.49205
1427157612.963,34.83905
1427157612.979,39.074234
1427157612.995,44.74205
1427157613.01,52.027466
1427157613.026,60.512283
1427157613.041,69.15309
1427157613.057,76.316284
1427157613.073,80.20979
1427157613.088,79.371605
1427157613.104,73.26715
1427157613.12,62.553642
1427157613.135,48.908066
1427157613.151,34.45511
1427157613.166,21.05825
1427157613.182,9.758667
1427157613.198,0.6966095
1427157613.213,-6.618622
1427157613.229,-12.812759
1427157613.245,-18.27578
1427157613.26,-23.038918
1427157613.276,-26.958786
1427157613.291,-29.886726
1427157613.307,-31.878479
1427157613.323,-33.178474
1427157613.338,-34.13865
1427157613.354,-35.030823
1427157613.37,-35.985214
1427157613.385,-36.91371
1427157613.401,-37.660316
1427157613.416,-38.073273
1427157613.432,-38.14097
1427157613.448,-37.94084
1427157613.463,-37.590584
1427157613.479,-37.077835
1427157613.495,-36.267906
1427157613.51,-34.904037
1427157613.526,-32.74623
1427157613.541,-29.73507
1427157613.557,-26.05082
1427157613.573,-21.998154
1427157613.588,-17.867493
1427157613.604,-13.783653
1427157613.62,-9.637039
1427157613.635,-5.2007065
1427157613.651,-0.32524872
1427157613.666,4.9843063
1427157613.682,10.470818
1427157613.698,15.794418
1427157613.713,20.666672
1427157613.729,25.01754
1427157613.745,28.99266
1427157613.76,32.99858
1427157613.776,37.50891
1427157613.791,42.92256
1427157613.807,49.37171
1427157613.823,56.520798
1427157613.838,63.4199
1427157613.854,68.63826
1427157613.87,70.593414
1427157613.885,68.1231
1427157613.901,60.915016
1427157613.916,49.750946
1427157613.932,36.24489
1427157613.948,22.282623
1427157613.963,9.341049
1427157613.979,-1.7966309
1427157613.995,-11.101158
1427157614.01,-18.887657
1427157614.026,-25.433914
1427157614.041,-30.76876
1427157614.057,-34.731033
1427157614.073,-37.18447
1427157614.088,-38.244537
1427157614.104,-38.294243
1427157614.12,-37.865395
1427157614.135,-37.389412
1427157614.151,-37.092606
1427157614.166,-37.005417
1427157614.182,-37.055183
1427157614.198,-37.173164
1427157614.213,-37.33207
1427157614.229,-37.5056
1427157614.245,-37.60408
1427157614.26,-37.457832
1427157614.276,-36.834633
1427157614.292,-35.52291
1427157614.307,-33.412956
1427157614.323,-30.509995
1427157614.338,-26.936043
1427157614.354,-22.866386
1427157614.37,-18.491074
1427157614.385,-13.898132
1427157614.401,-9.116348
1427157614.416,-4.073471
1427157614.432,1.3246536
1427157614.448,7.0986633
1427157614.463,13.101608
1427157614.479,19.045692
1427157614.495,24.59056
1427157614.51,29.534683
1427157614.526,33.928383
1427157614.542,38.111526
1427157614.557,42.57402
1427157614.573,47.80269
1427157614.588,54.03144
1427157614.604,61.07302
1427157614.62,68.18065
1427157614.635,74.11602
1427157614.651,77.38385
1427157614.667,76.66201
1427157614.682,71.27232
1427157614.698,61.514244
1427157614.713,48.604958
1427157614.729,34.28675
1427157614.745,20.199158
1427157614.76,7.3321686
1427157614.776,-4.127289
1427157614.792,-14.541275
1427157614.807,-24.369377
1427157614.823,-33.690117
1427157614.838,-42.127678
1427157614.854,-49.009476
1427157614.87,-53.78483
1427157614.885,-56.277985
1427157614.901,-56.814354
1427157614.917,-56.043304
1427157614.932,-54.701622
1427157614.948,-53.359756
1427157614.963,-52.305237
1427157614.979,-51.56199
1427157614.995,-51.01625
1427157615.01,-50.511597
1427157615.026,-49.909508
1427157615.042,-49.0869
1427157615.057,-47.82856
1427157615.073,-45.834297
1427157615.088,-42.80786
1427157615.104,-38.60147
1427157615.12,-33.409813
1427157615.135,-27.726189
1427157615.151,-22.234802
1427157615.167,-17.473778
1427157615.182,-13.6101
1427157615.198,-10.306206
1427157615.213,-6.9329224
1427157615.229,-2.867363
1427157615.245,2.221161
1427157615.26,8.214966
1427157615.276,14.660919
1427157615.292,20.991821
1427157615.307,26.761429
1427157615.323,31.838394
1427157615.338,36.39904
1427157615.354,40.861298
1427157615.37,45.807457
1427157615.385,51.73433
1427157615.401,58.81311
1427157615.417,66.641205
1427157615.432,74.112045
1427157615.448,79.61911
1427157615.463,81.476875
1427157615.479,78.566086
1427157615.495,70.785225
1427157615.51,59.17444
1427157615.526,45.52928
1427157615.542,31.758278
1427157615.557,19.241333
1427157615.573,8.552719
1427157615.588,-0.4429779
1427157615.604,-8.138359
1427157615.62,-14.839973
1427157615.635,-20.537682
1427157615.651,-25.01255
1427157615.667,-28.083725
1427157615.682,-29.832253
1427157615.698,-30.595871
1427157615.713,-30.872871
1427157615.729,-31.094185
1427157615.745,-31.531075
1427157615.76,-32.202576
1427157615.776,-33.01497
1427157615.792,-33.761833
1427157615.807,-34.274178
1427157615.823,-34.341736
1427157615.838,-33.800346
1427157615.854,-32.529144
1427157615.87,-30.5438
1427157615.885,-27.94587
1427157615.901,-24.904457
1427157615.917,-21.561646
1427157615.932,-17.957054
1427157615.948,-14.04142
1427157615.963,-9.715843
1427157615.979,-4.933975
1427157615.995,0.24045563
1427157616.01,5.6492233
1427157616.026,11.06662
1427157616.042,16.288528
1427157616.057,21.156464
1427157616.073,25.649956
1427157616.088,29.822784
1427157616.104,33.890976
1427157616.12,38.178406
1427157616.135,43.053368
1427157616.151,48.740097
1427157616.167,55.139534
1427157616.182,61.605812
1427157616.198,67.02112
1427157616.213,69.980896
1427157616.229,69.25103
1427157616.245,64.1732
1427157616.26,55.006866
1427157616.276,42.861473
1427157616.292,29.417633
1427157616.307,16.339653
1427157616.323,4.8413315
1427157616.338,-4.638809
1427157616.354,-12.23645
1427157616.37,-18.42083
1427157616.385,-23.488327
1427157616.401,-27.477043
1427157616.417,-30.182945
1427157616.432,-31.504059
1427157616.448,-31.623611
1427157616.463,-31.068413
1427157616.479,-30.513084
1427157616.495,-30.450409
1427157616.51,-30.978386
1427157616.526,-31.77301
1427157616.542,-32.2939
1427157616.557,-32.116608
1427157616.573,-31.131477
1427157616.588,-29.603546
1427157616.604,-27.989525
1427157616.62,-26.686005
1427157616.635,-25.74736
1427157616.651,-24.885895
1427157616.667,-23.513367
1427157616.682,-21.073013
1427157616.698,-17.265762
1427157616.713,-12.218422
1427157616.729,-6.4263916
1427157616.745,-0.53002167
1427157616.76,4.983841
1427157616.776,9.957924
1427157616.792,14.633751
1427157616.807,19.427498
1427157616.823,24.811897
1427157616.838,31.106552
1427157616.854,38.495544
1427157616.87,46.888863
1427157616.885,55.86116
1427157616.901,64.518326
1427157616.917,71.493515
1427157616.932,75.186516
1427157616.948,74.27387
1427157616.963,68.2416
1427157616.979,57.687904
1427157616.995,44.191254
1427157617.01,29.761528
1427157617.026,16.14241
1427157617.042,4.308449
1427157617.057,-5.617035
1427157617.073,-14.027031
1427157617.088,-21.394379
1427157617.104,-27.881332
1427157617.12,-33.28566
1427157617.135,-37.187035
1427157617.151,-39.33902
1427157617.167,-39.821404
1427157617.182,-39.14673
1427157617.198,-38.04943
1427157617.214,-37.24756
1427157617.229,-37.158913
1427157617.245,-37.795586
1427157617.26,-38.854416
1427157617.276,-39.869507
1427157617.292,-40.42723
1427157617.307,-40.26888
1427157617.323,-39.318546
1427157617.339,-37.647293
1427157617.354,-35.36392
1427157617.37,-32.624386
1427157617.385,-29.569672
1427157617.401,-26.333591
1427157617.417,-22.949982
1427157617.432,-19.360157
1427157617.448,-15.396637
1427157617.464,-10.918945
1427157617.479,-5.8912697
1427157617.495,-0.48851013
1427157617.51,5.048748
1427157617.526,10.46587
1427157617.542,15.631237
1427157617.557,20.576973
1427157617.573,25.467659
1427157617.589,30.525719
1427157617.604,36.02607
1427157617.62,42.255333
1427157617.635,49.48869
1427157617.651,57.736877
1427157617.667,66.50047
1427157617.682,74.606476
1427157617.698,80.39374
1427157617.714,82.132545
1427157617.729,78.74372
1427157617.745,70.25185
1427157617.76,57.844597
1427157617.776,43.4348
1427157617.792,28.927334
1427157617.807,15.6319275
1427157617.823,4.029602
1427157617.839,-6.0534554
1427157617.854,-14.967365
1427157617.87,-22.937485
1427157617.885,-29.88092
1427157617.901,-35.60738
1427157617.917,-40.01953
1427157617.932,-43.242958
1427157617.948,-45.569664
1427157617.964,-47.30874
1427157617.979,-48.604424
1427157617.995,-49.447395
1427157618.01,-49.74478
1427157618.026,-49.482338
1427157618.042,-48.815605
1427157618.057,-48.055557
1427157618.073,-47.48514
1427157618.089,-47.258545
1427157618.104,-47.227005
1427157618.12,-47.027878
1427157618.135,-46.183105
1427157618.151,-44.29235
1427157618.167,-41.20365
1427157618.182,-37.068687
1427157618.198,-32.273666
1427157618.214,-27.315142
1427157618.229,-22.59926
1427157618.245,-18.286793
1427157618.26,-14.238653
1427157618.276,-10.094597
1427157618.292,-5.45319
1427157618.307,-0.054338455
1427157618.323,6.0661373
1427157618.339,12.552494
1427157618.354,18.882324
1427157618.37,24.566813
1427157618.385,29.344925
1427157618.401,33.312714
1427157618.417,36.91874
1427157618.432,40.834724
1427157618.448,45.83216
1427157618.464,52.455376
1427157618.479,60.747093
1427157618.495,69.96311
1427157618.51,78.565
1427157618.526,84.544914
1427157618.542,86.019066
1427157618.557,81.94867
1427157618.573,72.578064
1427157618.589,59.352417
1427157618.604,44.393726
1427157618.62,29.71865
1427157618.635,16.619179
1427157618.651,5.469019
1427157618.667,-4.0245743
1427157618.682,-12.361344
1427157618.698,-19.798729
1427157618.714,-26.262735
1427157618.729,-31.464308
1427157618.745,-35.182213
1427157618.76,-37.43301
1427157618.776,-38.524014
1427157618.792,-38.920837
1427157618.807,-39.0651
1427157618.823,-39.227333
1427157618.839,-39.4592
1427157618.854,-39.639683
1427157618.87,-39.589085
1427157618.885,-39.212646
1427157618.901,-38.49253
1427157618.917,-37.513004
1427157618.932,-36.373154
1427157618.948,-35.128574
1427157618.964,-33.74276
1427157618.979,-32.102608
1427157618.995,-30.079926
1427157619.01,-27.539892
1427157619.026,-24.370834
1427157619.042,-20.507517
1427157619.057,-15.9366
1427157619.073,-10.732158
1427157619.089,-5.0993958
1427157619.104,0.68568134
1427157619.12,6.2972145
1427157619.135,11.44065
1427157619.151,15.991702
1427157619.167,19.993427
1427157619.182,23.690315
1427157619.198,27.51389
1427157619.214,32.0173
1427157619.229,37.69427
1427157619.245,44.753452
1427157619.26,52.875134
1427157619.276,61.027992
1427157619.292,67.61832
1427157619.307,70.85869
1427157619.323,69.38289
1427157619.339,62.772125
1427157619.354,51.77523
1427157619.37,38.073906
1427157619.385,23.685028
1427157619.401,10.296528
1427157619.417,-1.191021
1427157619.432,-10.6744995
1427157619.448,-18.534292
1427157619.464,-25.201591
1427157619.479,-30.836262
1427157619.495,-35.302086
1427157619.51,-38.380272
1427157619.526,-40.046867
1427157619.542,-40.556965
1427157619.557,-40.389454
1427157619.573,-39.99752
1427157619.589,-39.677063
1427157619.604,-39.44785
1427157619.62,-39.21382
1427157619.635,-38.893173
1427157619.651,-38.516026
1427157619.667,-38.198727
1427157619.682,-38.032257
1427157619.698,-37.90928
1427157619.714,-37.54686
1427157619.729,-36.559296
1427157619.745,-34.70392
1427157619.76,-31.970543
1427157619.776,-28.628424
1427157619.792,-25.048437
1427157619.807,-21.534159
1427157619.823,-18.147276
1427157619.839,-14.71258
1427157619.854,-10.91284
1427157619.87,-6.471777
1427157619.886,-1.3079796
1427157619.901,4.417774
1427157619.917,10.34878
1427157619.932,16.096792
1427157619.948,21.406355
1427157619.964,26.220778
1427157619.979,30.699522
1427157619.995,35.155037
1427157620.011,40.033546
1427157620.026,45.792892
1427157620.042,52.80635
1427157620.057,61.094635
1427157620.073,70.04244
1427157620.089,78.302055
1427157620.104,84.012505
1427157620.12,85.30962
1427157620.136,81.09311
1427157620.151,71.502815
1427157620.167,57.921722
1427157620.182,42.468742
1427157620.198,27.24103
1427157620.214,13.633755
1427157620.229,2.1446
1427157620.245,-7.457012
1427157620.261,-15.618137
1427157620.276,-22.672049
1427157620.292,-28.643675
1427157620.307,-33.41083
1427157620.323,-36.8857
1427157620.339,-39.167706
1427157620.354,-40.585377
1427157620.37,-41.549244
1427157620.386,-42.38132
1427157620.401,-43.246086
1427157620.417,-44.10185
1427157620.432,-44.790756
1427157620.448,-45.214363
1427157620.464,-45.40623
1427157620.479,-45.548695
1427157620.495,-45.8527
1427157620.511,-46.346054
1427157620.526,-46.770267
1427157620.542,-46.614983
1427157620.557,-45.34615
1427157620.573,-42.64118
1427157620.589,-38.60718
1427157620.604,-33.697567
1427157620.62,-28.535168
1427157620.636,-23.645058
1427157620.651,-19.210178
1427157620.667,-15.058678
1427157620.682,-10.79829
1427157620.698,-6.018799
1427157620.714,-0.520977
1427157620.729,5.615074
1427157620.745,12.014282
1427157620.761,18.184586
1427157620.776,23.692501
1427157620.792,28.337269
1427157620.807,32.215088
1427157620.823,35.71048
1427157620.839,39.404217
1427157620.854,43.921352
1427157620.87,49.741283
1427157620.886,56.98189
1427157620.901,65.16728
1427157620.917,73.15289
1427157620.932,79.26288
1427157620.948,81.75978
1427157620.964,79.40822
1427157620.979,71.99962
1427157620.995,60.433475
1427157621.011,46.44417
1427157621.026,31.980305
1427157621.042,18.582535
1427157621.057,7.025772
1427157621.073,-2.6623344
1427157621.089,-10.859928
1427157621.104,-17.972252
1427157621.12,-24.160954
1427157621.136,-29.35101
1427157621.151,-33.405666
1427157621.167,-36.256954
1427157621.182,-38.024117
1427157621.198,-38.97826
1427157621.214,-39.453594
1427157621.229,-39.728554
1427157621.245,-39.99655
1427157621.261,-40.30615
1427157621.276,-40.6338
1427157621.292,-40.859455
1427157621.307,-40.88057
1427157621.323,-40.604507
1427157621.339,-39.930283
1427157621.354,-38.771492
1427157621.37,-37.05072
1427157621.386,-34.747314
1427157621.401,-31.912167
1427157621.417,-28.628372
1427157621.432,-24.997478
1427157621.448,-21.044083
1427157621.464,-16.700867
1427157621.479,-11.897419
1427157621.495,-6.6068687
1427157621.511,-0.93678284
1427157621.526,4.840355
1427157621.542,10.404545
1427157621.557,15.474075
1427157621.573,19.934067
1427157621.589,23.835331
1427157621.604,27.43066
1427157621.62,31.092701
1427157621.636,35.281223
1427157621.651,40.39162
1427157621.667,46.635155
1427157621.682,53.73075
1427157621.698,60.78892
1427157621.714,66.37364
1427157621.729,68.88461
1427157621.745,67.07649
1427157621.761,60.58841
1427157621.776,50.09669
1427157621.792,37.130764
1427157621.807,23.493408
1427157621.823,10.708195
1427157621.839,-0.38220978
1427157621.854,-9.612812
1427157621.87,-17.268097
1427157621.886,-23.69571
1427157621.901,-29.058758
1427157621.917,-33.273827
1427157621.932,-36.202415
1427157621.948,-37.812866
1427157621.964,-38.338318
1427157621.979,-38.24228
1427157621.995,-38.067715
1427157622.011,-38.177433
1427157622.026,-38.636017
1427157622.042,-39.167324
1427157622.057,-39.34758
1427157622.073,-38.821697
1427157622.089,-37.498096
1427157622.104,-35.586327
1427157622.12,-33.486534
1427157622.136,-31.542213
1427157622.151,-29.88641
1427157622.167,-28.289349
1427157622.182,-26.281738
1427157622.198,-23.339577
1427157622.214,-19.126461
1427157622.229,-13.680084
1427157622.245,-7.434147
1427157622.261,-1.0538101
1427157622.276,4.8476944
1427157622.292,9.94236
1427157622.307,14.291031
1427157622.323,18.30098
1427157622.339,22.474735
1427157622.354,27.296238
1427157622.37,33.09221
1427157622.386,39.981407
1427157622.401,47.79628
1427157622.417,55.98689
1427157622.432,63.511406
1427157622.448,68.95198
1427157622.464,70.84679
1427157622.479,68.18437
1427157622.495,60.84789
1427157622.511,49.73815
1427157622.526,36.462593
1427157622.542,22.795513
1427157622.558,10.074352
1427157622.573,-1.1141777
1427157622.589,-10.8511505
1427157622.604,-19.509151
1427157622.62,-27.35279
1427157622.636,-34.28226
1427157622.651,-39.931057
1427157622.667,-43.903328
1427157622.683,-46.041527
1427157622.698,-46.568905
1427157622.714,-46.015926
1427157622.729,-44.984318
1427157622.745,-43.94909
1427157622.761,-43.08913
1427157622.776,-42.357906
1427157622.792,-41.575996
1427157622.808,-40.595562
1427157622.823,-39.338474
1427157622.839,-37.79519
1427157622.854,-35.96114
1427157622.87,-33.786198
1427157622.886,-31.211166
1427157622.901,-28.195522
1427157622.917,-24.697441
1427157622.933,-20.703636
1427157622.948,-16.215855
1427157622.964,-11.25569
1427157622.979,-5.9214115
1427157622.995,-0.41148376
1427157623.011,5.0396748
1427157623.026,10.219942
1427157623.042,15.021515
1427157623.058,19.494198
1427157623.073,23.800264
1427157623.089,28.160837
1427157623.104,32.81218
1427157623.12,37.992622
1427157623.136,43.96483
1427157623.151,50.92816
1427157623.167,58.815964
1427157623.183,67.06546
1427157623.198,74.53273
1427157623.214,79.65193
1427157623.229,80.89842
1427157623.245,77.321526
1427157623.261,68.96153
1427157623.276,56.847794
1427157623.292,42.637768
1427157623.308,28.040295
1427157623.323,14.281343
1427157623.339,1.9278221
1427157623.354,-8.997396
1427157623.37,-18.692759
1427157623.386,-27.234386
1427157623.401,-34.50837
1427157623.417,-40.2694
1427157623.433,-44.389107
1427157623.448,-46.97595
1427157623.464,-48.37277
1427157623.479,-49.020126
1427157623.495,-49.27031
1427157623.511,-49.263702
1427157623.526,-48.96196
1427157623.542,-48.216785
1427157623.558,-46.98788
1427157623.573,-45.390026
1427157623.589,-43.69469
1427157623.604,-42.21169
1427157623.62,-41.096886
1427157623.636,-40.25121
1427157623.651,-39.33091
1427157623.667,-37.881317
1427157623.683,-35.563816
1427157623.698,-32.329166
1427157623.714,-28.430094
1427157623.729,-24.293833
1427157623.745,-20.308798
1427157623.761,-16.620289
1427157623.776,-13.067002
1427157623.792,-9.272921
1427157623.808,-4.841086
1427157623.823,0.38070536
1427157623.839,6.230282
1427157623.854,12.270986
1427157623.87,17.991617
1427157623.886,23.04738
1427157623.901,27.393467
1427157623.917,31.315716
1427157623.933,35.306274
1427157623.948,39.944412
1427157623.964,45.732826
1427157623.979,52.947884
1427157623.995,61.42321
1427157624.011,70.436
1427157624.026,78.620155
1427157624.042,84.279175
1427157624.058,85.75142
1427157624.073,82.0961
1427157624.089,73.45388
1427157624.104,61.070595
1427157624.12,46.87292
1427157624.136,32.7978
1427157624.151,20.169878
1427157624.167,9.478195
1427157624.183,0.49475288
1427157624.198,-7.307289
1427157624.214,-14.331381
1427157624.229,-20.619705
1427157624.245,-25.941158
1427157624.261,-29.938772
1427157624.276,-32.462753
1427157624.292,-33.648773
1427157624.308,-33.941624
1427157624.323,-33.84501
1427157624.339,-33.789917
1427157624.354,-33.939934
1427157624.37,-34.22521
1427157624.386,-34.467674
1427157624.401,-34.536057
1427157624.417,-34.429863
1427157624.433,-34.236824
1427157624.448,-34.006443
1427157624.464,-33.638344
1427157624.479,-32.925056
1427157624.495,-31.647314
1427157624.511,-29.682055
1427157624.526,-27.055117
1427157624.542,-23.859531
1427157624.558,-20.204618
1427157624.573,-16.111517
1427157624.589,-11.583971
1427157624.604,-6.6552696
1427157624.62,-1.4742527
1427157624.636,3.7560673
1427157624.651,8.820049
1427157624.667,13.588009
1427157624.683,18.065634
1427157624.698,22.371426
1427157624.714,26.739353
1427157624.729,31.484709
1427157624.745,36.99231
1427157624.761,43.574738
1427157624.776,51.310898
1427157624.792,59.765736
1427157624.808,67.8563
1427157624.823,74.00867
1427157624.839,76.58369
1427157624.854,74.4728
1427157624.87,67.53726
1427157624.886,56.735565
1427157624.901,43.752586
1427157624.917,30.39301
1427157624.933,17.984158
1427157624.948,7.092188
1427157624.964,-2.3731403
1427157624.979,-10.782717
1427157624.995,-18.430923
1427157625.011,-25.309193
1427157625.026,-31.203701
1427157625.042,-35.855576
1427157625.058,-39.17473
1427157625.073,-41.274605
1427157625.089,-42.39823
1427157625.104,-42.819366
1427157625.12,-42.746605
1427157625.136,-42.309998
1427157625.151,-41.607452
1427157625.167,-40.766075
1427157625.183,-39.968826
1427157625.198,-39.35594
1427157625.214,-38.97445
1427157625.23,-38.66648
1427157625.245,-38.12162
1427157625.261,-36.960533
1427157625.276,-34.91088
1427157625.292,-31.914373
1427157625.308,-28.193317
1427157625.323,-24.136786
1427157625.339,-20.126143
1427157625.354,-16.334862
1427157625.37,-12.656408
1427157625.386,-8.753693
1427157625.401,-4.2933083
1427157625.417,0.9064312
1427157625.433,6.7234936
1427157625.448,12.799688
1427157625.464,18.674677
1427157625.48,24.007517
1427157625.495,28.66278
1427157625.511,32.778744
1427157625.526,36.68253
1427157625.542,40.830547
1427157625.558,45.677063
1427157625.573,51.62714
1427157625.589,58.78299
1427157625.605,66.80376
1427157625.62,74.709496
1427157625.636,80.9549
1427157625.651,83.77881
1427157625.667,81.823616
1427157625.683,74.665695
1427157625.698,63.07182
1427157625.714,48.74407
1427157625.73,33.710434
1427157625.745,19.627321
1427157625.761,7.3533764
1427157625.776,-3.091484
1427157625.792,-12.127075
1427157625.808,-20.169542
1427157625.823,-27.297293
1427157625.839,-33.28298
1427157625.855,-37.795734
1427157625.87,-40.740097
1427157625.886,-42.354637
1427157625.901,-43.17492
1427157625.917,-43.781147
1427157625.933,-44.544434
1427157625.948,-45.501495
1427157625.964,-46.400135
1427157625.98,-46.907917
1427157625.995,-46.85082
1427157626.011,-46.34374
1427157626.026,-45.754456
1427157626.042,-45.446304
1427157626.058,-45.53855
1427157626.073,-45.74372
1427157626.089,-45.45928
1427157626.105,-44.029247
1427157626.12,-41.075035
1427157626.136,-36.684082
1427157626.151,-31.424355
1427157626.167,-26.073975
1427157626.183,-21.311062
1427157626.198,-17.38688
1427157626.214,-14.036802
1427157626.23,-10.618036
1427157626.245,-6.449169
1427157626.261,-1.10709
1427157626.276,5.3502235
1427157626.292,12.390835
1427157626.308,19.287771
1427157626.323,25.398666
1427157626.339,30.445225
1427157626.355,34.55925
1427157626.37,38.25157
1427157626.386,42.171913
1427157626.401,46.92691
1427157626.417,52.952465
1427157626.433,60.327633
1427157626.448,68.68306
1427157626.464,77.04904
1427157626.48,83.948166
1427157626.495,87.675255
1427157626.511,86.79735
1427157626.526,80.69328
1427157626.542,69.87363
1427157626.558,55.871384
1427157626.573,40.695663
1427157626.589,26.182625
1427157626.605,13.428984
1427157626.62,2.659464
1427157626.636,-6.5157013
1427157626.651,-14.641302
1427157626.667,-22.012177
1427157626.683,-28.5649
1427157626.698,-33.982418
1427157626.714,-37.967445
1427157626.73,-40.448814
1427157626.745,-41.65188
1427157626.761,-41.989136
1427157626.776,-41.90299
1427157626.792,-41.71775
1427157626.808,-41.56576
1427157626.823,-41.461647
1427157626.839,-41.33615
1427157626.855,-41.157524
1427157626.87,-40.900314
1427157626.886,-40.527523
1427157626.901,-39.952263
1427157626.917,-38.986286
1427157626.933,-37.432434
1427157626.948,-35.13225
1427157626.964,-32.04977
1427157626.98,-28.293274
1427157626.995,-24.084343
1427157627.011,-19.645895
1427157627.026,-15.17457
1427157627.042,-10.71209
1427157627.058,-6.2164264
1427157627.073,-1.5955896
1427157627.089,3.2147627
1427157627.105,8.203602
1427157627.12,13.299363
1427157627.136,18.384764
1427157627.151,23.393791
1427157627.167,28.332392
1427157627.183,33.35028
1427157627.198,38.728806
1427157627.214,44.795715
1427157627.23,51.72763
1427157627.245,59.291325
1427157627.261,66.65524
1427157627.276,72.41242
1427157627.292,74.953285
1427157627.308,73.01001
1427157627.323,66.20595
1427157627.339,55.266087
1427157627.355,41.810276
1427157627.37,27.726858
1427157627.386,14.544419
1427157627.401,2.9945192
1427157627.417,-6.9022636
1427157627.433,-15.494135
1427157627.448,-23.041838
1427157627.464,-29.521345
1427157627.48,-34.677837
1427157627.495,-38.30406
1427157627.511,-40.455986
1427157627.526,-41.51136
1427157627.542,-41.985493
1427157627.558,-42.320915
1427157627.573,-42.740658
1427157627.589,-43.233215
1427157627.605,-43.648624
1427157627.62,-43.8789
1427157627.636,-43.90493
1427157627.651,-43.801437
1427157627.667,-43.646206
1427157627.683,-43.424133
1427157627.698,-42.95831
1427157627.714,-41.937077
1427157627.73,-40.030613
1427157627.745,-37.048313
1427157627.761,-33.054077
1427157627.776,-28.373775
1427157627.792,-23.46648
1427157627.808,-18.706287
1427157627.823,-14.219837
1427157627.839,-9.829527
1427157627.855,-5.170208
1427157627.87,0.07052183
1427157627.886,6.004934
1427157627.901,12.3903
1427157627.917,18.797417
1427157627.933,24.76593
1427157627.948,30.015926
1427157627.964,34.546806
1427157627.98,38.674038
1427157627.995,42.91406
1427157628.011,47.88481
1427157628.026,54.084858
1427157628.042,61.65951
1427157628.058,70.11057
1427157628.073,78.23896
1427157628.089,84.2803
1427157628.105,86.4237
1427157628.12,83.425865
1427157628.136,75.08818
1427157628.152,62.396786
1427157628.167,47.198418
1427157628.183,31.491508
1427157628.198,16.83561
1427157628.214,4.001316
1427157628.23,-6.985634
1427157628.245,-16.459234
1427157628.261,-24.7178
1427157628.277,-31.776379
1427157628.292,-37.423958
1427157628.308,-41.428352
1427157628.323,-43.79372
1427157628.339,-44.857666
1427157628.355,-45.2039
1427157628.37,-45.451756
1427157628.386,-46.001125
1427157628.402,-46.943573
1427157628.417,-48.038475
1427157628.433,-48.922062
1427157628.448,-49.28969
1427157628.464,-49.08309
1427157628.48,-48.478916
1427157628.495,-47.76508
1427157628.511,-47.1684
1427157628.527,-46.677486
1427157628.542,-46.021503
1427157628.558,-44.807487
1427157628.573,-42.66957
1427157628.589,-39.4621
1427157628.605,-35.300255
1427157628.62,-30.510477
1427157628.636,-25.481403
1427157628.652,-20.533308
1427157628.667,-15.814466
1427157628.683,-11.312633
1427157628.698,-6.886587
1427157628.714,-2.3430262
1427157628.73,2.4714086
1427157628.745,7.621763
1427157628.761,12.999481
1427157628.777,18.334724
1427157628.792,23.307213
1427157628.808,27.664768
1427157628.823,31.383558
1427157628.839,34.7183
1427157628.855,38.128395
1427157628.87,42.110023
1427157628.886,47.085686
1427157628.902,53.27548
1427157628.917,60.668793
1427157628.933,68.893875
1427157628.948,77.164215
1427157628.964,84.18684
1427157628.98,88.350624
1427157628.995,88.14295
1427157629.011,82.71449
1427157629.027,72.25895
1427157629.042,58.11201
1427157629.058,42.271206
1427157629.073,26.73648
1427157629.089,12.857704
1427157629.105,1.0942808
1427157629.12,-8.82482
1427157629.136,-17.41631
1427157629.152,-25.006483
1427157629.167,-31.557888
1427157629.183,-36.79343
1427157629.198,-40.443222
1427157629.214,-42.538605
1427157629.23,-43.403507
1427157629.245,-43.574284
1427157629.261,-43.511963
1427157629.277,-43.48163
1427157629.292,-43.46501
1427157629.308,-43.339333
1427157629.323,-43.010754
1427157629.339,-42.558002
1427157629.355,-42.19161
1427157629.37,-42.128433
1427157629.386,-42.361782
1427157629.402,-42.623737
1427157629.417,-42.400387
1427157629.433,-41.165108
1427157629.448,-38.615387
1427157629.464,-34.800858
1427157629.48,-30.126835
1427157629.495,-25.1775
1427157629.511,-20.4756
1427157629.527,-16.290941
1427157629.542,-12.528791
1427157629.558,-8.830481
1427157629.573,-4.6865044
1427157629.589,0.25004292
1427157629.605,6.03869
1427157629.62,12.355837
1427157629.636,18.63774
1427157629.652,24.297134
1427157629.667,28.998707
1427157629.683,32.778282
1427157629.698,36.044743
1427157629.714,39.425903
1427157629.73,43.55844
1427157629.745,48.902172
1427157629.761,55.55442
1427157629.777,63.105385
1427157629.792,70.56716
1427157629.808,76.4639
1427157629.823,79.14504
1427157629.839,77.30021
1427157629.855,70.46244
1427157629.87,59.227066
1427157629.886,45.157566
1427157629.902,30.169716
1427157629.917,15.925566
1427157629.933,3.3559165
1427157629.948,-7.351983
1427157629.964,-16.453255
1427157629.98,-24.187944
1427157629.995,-30.540504
1427157630.011,-35.288185
1427157630.027,-38.246872
1427157630.042,-39.52878
1427157630.058,-39.641945
1427157630.073,-39.294994
1427157630.089,-39.12948
1427157630.105,-39.49369
1427157630.12,-40.344257
1427157630.136,-41.37099
1427157630.152,-42.220455
1427157630.167,-42.62845
1427157630.183,-42.53663
1427157630.198,-41.997883
1427157630.214,-41.0877
1427157630.23,-39.789448
1427157630.245,-38.00463
1427157630.261,-35.58422
1427157630.277,-32.464798
1427157630.292,-28.756083
1427157630.308,-24.705547
1427157630.323,-20.593681
1427157630.339,-16.582527
1427157630.355,-12.571583
1427157630.37,-8.274281
1427157630.386,-3.353341
1427157630.402,2.3690472
1427157630.417,8.758248
1427157630.433,15.380686
1427157630.448,21.676964
1427157630.464,27.175331
1427157630.48,31.742626
1427157630.495,35.615944
1427157630.511,39.369354
1427157630.527,43.697124
1427157630.542,49.24608
1427157630.558,56.338505
1427157630.573,64.77199
1427157630.589,73.68939
1427157630.605,81.59424
1427157630.62,86.65194
1427157630.636,87.23983
1427157630.652,82.49397
1427157630.667,72.72082
1427157630.683,59.28151
1427157630.698,44.14113
1427157630.714,29.17534
1427157630.73,15.610555
1427157630.745,3.8297243
1427157630.761,-6.37958
1427157630.777,-15.421296
1427157630.792,-23.480171
1427157630.808,-30.439411
1427157630.824,-35.970276
1427157630.839,-39.866158
1427157630.855,-42.186157
1427157630.87,-43.31252
1427157630.886,-43.75522
1427157630.902,-43.993515
1427157630.917,-44.254833
1427157630.933,-44.55183
1427157630.949,-44.73312
1427157630.964,-44.657825
1427157630.98,-44.307655
1427157630.995,-43.80847
1427157631.011,-43.330303
1427157631.027,-43.009766
1427157631.042,-42.765198
1427157631.058,-42.31667
1427157631.074,-41.25969
1427157631.089,-39.224556
1427157631.105,-36.074932
1427157631.12,-31.993235
1427157631.136,-27.45802
1427157631.152,-23.038982
1427157631.167,-19.158028
1427157631.183,-15.867741
1427157631.199,-12.809227
1427157631.214,-9.39555
1427157631.23,-5.0584626
1427157631.245,0.39622498
1427157631.261,6.7217817
1427157631.277,13.32329
1427157631.292,19.532148
1427157631.308,24.900112
1427157631.324,29.401577
1427157631.339,33.393433
1427157631.355,37.51793
1427157631.37,42.423935
1427157631.386,48.633133
1427157631.402,56.327812
1427157631.417,65.208145
1427157631.433,74.39423
1427157631.449,82.47606
1427157631.464,87.74851
1427157631.48,88.67166
1427157631.495,84.36186
1427157631.511,74.96891
1427157631.527,61.6453
1427157631.542,46.201992
1427157631.558,30.517399
1427157631.574,15.990133
1427157631.589,3.257887
1427157631.605,-7.683708
1427157631.62,-17.151793
1427157631.636,-25.411295
1427157631.652,-32.456867
1427157631.667,-38.064316
1427157631.683,-42.02061
1427157631.699,-44.339035
1427157631.714,-45.371597
1427157631.73,-45.688034
1427157631.745,-45.86004
1427157631.761,-46.226578
1427157631.777,-46.825333
1427157631.792,-47.456837
1427157631.808,-47.861435
1427157631.824,-47.889797
1427157631.839,-47.553947
1427157631.855,-46.96348
1427157631.87,-46.227104
1427157631.886,-45.325752
1427157631.902,-44.080193
1427157631.917,-42.223244
1427157631.933,-39.538948
1427157631.949,-35.95847
1427157631.964,-31.671585
1427157631.98,-27.028158
1427157631.995,-22.412855
1427157632.011,-18.06167
1427157632.027,-13.935379
1427157632.042,-9.729355
1427157632.058,-5.039137
1427157632.074,0.4338913
1427157632.089,6.684574
1427157632.105,13.372644
1427157632.12,19.951723
1427157632.136,25.873404
1427157632.152,30.829443
1427157632.167,34.893326
1427157632.183,38.496567
1427157632.199,42.309395
1427157632.214,47.046677
1427157632.23,53.252953
1427157632.245,61.028633
1427157632.261,69.82101
1427157632.277,78.33944
1427157632.292,84.74283
1427157632.308,87.15967
1427157632.324,84.28015
1427157632.339,75.9115
1427157632.355,63.104034
1427157632.37,47.813698
1427157632.386,32.199947
1427157632.402,17.93367
1427157632.417,5.7701397
1427157632.433,-4.4120617
1427157632.449,-13.163502
1427157632.464,-20.939606
1427157632.48,-27.80866
1427157632.495,-33.455116
1427157632.511,-37.470543
1427157632.527,-39.705498
1427157632.542,-40.427265
1427157632.558,-40.274014
1427157632.574,-39.95975
1427157632.589,-40.0132
1427157632.605,-40.574
1427157632.62,-41.446926
1427157632.636,-42.22537
1427157632.652,-42.539455
1427157632.667,-42.206676
1427157632.683,-41.232277
1427157632.699,-39.760895
1427157632.714,-37.950165
1427157632.73,-35.860542
1427157632.745,-33.488075
1427157632.761,-30.716785
1427157632.777,-27.394516
1427157632.792,-23.392975
1427157632.808,-18.675777
1427157632.824,-13.318432
1427157632.839,-7.574547
1427157632.855,-1.7879372
1427157632.87,3.7020302
1427157632.886,8.707691
1427157632.902,13.242786
1427157632.917,17.54758
1427157632.933,21.976532
1427157632.949,26.890644
1427157632.964,32.6051
1427157632.98,39.384953
1427157632.995,47.31134
1427157633.011,56.142998
1427157633.027,65.08029
1427157633.042,72.75406
1427157633.058,77.41107
1427157633.074,77.48819
1427157633.089,72.197296
1427157633.105,61.922607
1427157633.12,48.100414
1427157633.136,32.729065
1427157633.152,17.690147
1427157633.167,4.215576
1427157633.183,-7.2569275
1427157633.199,-16.845425
1427157633.214,-24.879215
1427157633.23,-31.563034
1427157633.245,-36.91438
1427157633.261,-40.876396
1427157633.277,-43.4659
1427157633.292,-44.872753
1427157633.308,-45.44091
1427157633.324,-45.553387
1427157633.339,-45.506508
1427157633.355,-45.429127
1427157633.37,-45.319736
1427157633.386,-45.112843
1427157633.402,-44.778778
1427157633.417,-44.358307
1427157633.433,-43.912403
1427157633.449,-43.444202
1427157633.464,-42.810318
1427157633.48,-41.718166
1427157633.496,-39.862705
1427157633.511,-37.038067
1427157633.527,-33.290356
1427157633.542,-28.906303
1427157633.558,-24.262691
1427157633.574,-19.669361
1427157633.589,-15.222038
1427157633.605,-10.760269
1427157633.621,-5.9888763
1427157633.636,-0.6397095
1427157633.652,5.373852
1427157633.667,11.879765
1427157633.683,18.48008
1427157633.699,24.700283
1427157633.714,30.185349
1427157633.73,34.851254
1427157633.746,38.94507
1427157633.761,43.02142
1427157633.777,47.798134
1427157633.792,53.94059
1427157633.808,61.742188
1427157633.824,70.83835
1427157633.839,79.987946
1427157633.855,87.30998
1427157633.871,90.73579
1427157633.886,88.760895
1427157633.902,81.03713
1427157633.917,68.55347
1427157633.933,53.280903
1427157633.949,37.398693
1427157633.964,22.57964
1427157633.98,9.568291
1427157633.996,-1.7217407
1427157634.011,-11.750225
1427157634.027,-20.851303
1427157634.042,-28.994541
1427157634.058,-35.835007
1427157634.074,-41.03143
1427157634.089,-44.497658
1427157634.105,-46.492737
1427157634.121,-47.58925
1427157634.136,-48.373627
1427157634.152,-49.30191
1427157634.167,-50.52511
1427157634.183,-51.947075
1427157634.199,-53.286385
1427157634.214,-54.324944
1427157634.23,-54.951904
1427157634.246,-55.251816
1427157634.261,-55.363678
1427157634.277,-55.35588
1427157634.292,-55.10621
1427157634.308,-54.31382
1427157634.324,-52.59564
1427157634.339,-49.67958
1427157634.355,-45.542496
1427157634.371,-40.42086
1427157634.386,-34.739788
1427157634.402,-29.002243
1427157634.417,-23.60329
1427157634.433,-18.739872
1427157634.449,-14.359791
1427157634.464,-10.210918
1427157634.48,-5.907902
1427157634.496,-1.1590424
1427157634.511,4.146103
1427157634.527,9.858761
1427157634.542,15.620731
1427157634.558,21.036701
1427157634.574,25.825481
1427157634.589,29.938545
1427157634.605,33.57822
1427157634.621,37.093502
1427157634.636,40.912674
1427157634.652,45.45892
1427157634.667,51.156853
1427157634.683,58.289722
1427157634.699,66.85808
1427157634.714,76.29654
1427157634.73,85.35898
1427157634.746,92.214645
1427157634.761,94.97545
1427157634.777,92.276886
1427157634.792,83.88087
1427157634.808,70.76988
1427157634.824,54.842606
1427157634.839,38.232162
1427157634.855,22.692787
1427157634.871,9.182575
1427157634.886,-2.0783577
1427157634.902,-11.342289
1427157634.917,-18.97681
1427157634.933,-25.241077
1427157634.949,-30.226791
1427157634.964,-33.987263
1427157634.98,-36.615566
1427157634.996,-38.330544
1427157635.011,-39.395695
1427157635.027,-40.10817
1427157635.042,-40.66943
1427157635.058,-41.19136
1427157635.074,-41.695076
1427157635.089,-42.11323
1427157635.105,-42.37173
1427157635.121,-42.413307
1427157635.136,-42.2048
1427157635.152,-41.72626
1427157635.167,-40.918377
1427157635.183,-39.666794
1427157635.199,-37.822678
1427157635.214,-35.284653
1427157635.23,-32.07215
1427157635.246,-28.348217
1427157635.261,-24.391941
1427157635.277,-20.452057
1427157635.292,-16.623104
1427157635.308,-12.775745
1427157635.324,-8.642628
1427157635.339,-3.984497
1427157635.355,1.2631645
1427157635.371,6.876259
1427157635.386,12.46973
1427157635.402,17.687286
1427157635.417,22.392536
1427157635.433,26.724865
1427157635.449,31.084995
1427157635.464,35.96195
1427157635.48,41.823185
1427157635.496,48.900646
1427157635.511,57.048267
1427157635.527,65.54567
1427157635.542,73.04924
1427157635.558,77.84426
1427157635.574,78.32276
1427157635.589,73.59732
1427157635.605,63.919323
1427157635.621,50.674168
1427157635.636,35.864613
1427157635.652,21.375713
1427157635.667,8.43697
1427157635.683,-2.6235542
1427157635.699,-12.067566
1427157635.714,-20.311821
1427157635.73,-27.537254
1427157635.746,-33.618515
1427157635.761,-38.30278
1427157635.777,-41.480755
1427157635.792,-43.33872
1427157635.808,-44.321804
1427157635.824,-44.962833
1427157635.839,-45.646797
1427157635.855,-46.494286
1427157635.871,-47.347927
1427157635.886,-47.91869
1427157635.902,-47.993572
1427157635.917,-47.52674
1427157635.933,-46.750717
1427157635.949,-45.931076
1427157635.964,-45.228786
1427157635.98,-44.48237
1427157635.996,-43.299274
1427157636.011,-41.177635
1427157636.027,-37.82425
1427157636.042,-33.3157
1427157636.058,-28.137203
1427157636.074,-22.922993
1427157636.089,-18.192776
1427157636.105,-14.106922
1427157636.121,-10.363714
1427157636.136,-6.407751
1427157636.152,-1.7243423
1427157636.168,3.943636
1427157636.183,10.421358
1427157636.199,17.25548
1427157636.214,23.870779
1427157636.23,29.84226
1427157636.246,35.009373
1427157636.261,39.53515
1427157636.277,43.806313
1427157636.292,48.3861
1427157636.308,53.889793
1427157636.324,60.768982
1427157636.339,69.07187
1427157636.355,78.13895
1427157636.371,86.51811
1427157636.386,92.17715
1427157636.402,93.142166
1427157636.418,88.25122
1427157636.433,77.66559
1427157636.449,62.919132
1427157636.464,46.293594
1427157636.48,29.989305
1427157636.496,15.388699
1427157636.511,2.902914
1427157636.527,-7.7411766
1427157636.543,-16.93474
1427157636.558,-24.836872
1427157636.574,-31.338173
1427157636.589,-36.31946
1427157636.605,-39.92212
1427157636.621,-42.56948
1427157636.636,-44.817814
1427157636.652,-47.07424
1427157636.668,-49.432953
1427157636.683,-51.75712
1427157636.699,-53.828056
1427157636.714,-55.50532
1427157636.73,-56.785984
1427157636.746,-57.7716
1427157636.761,-58.538433
1427157636.777,-59.099163
1427157636.793,-59.343258
1427157636.808,-59.053555
1427157636.824,-57.90975
1427157636.839,-55.5551
1427157636.855,-51.704006
1427157636.871,-46.316593
1427157636.886,-39.698566
1427157636.902,-32.44051
1427157636.918,-25.254313
1427157636.933,-18.661049
1427157636.949,-12.805546
1427157636.964,-7.405074
1427157636.98,-1.9150262
1427157636.996,4.1858277
1427157637.011,11.150053
1427157637.027,18.813606
1427157637.043,26.754406
1427157637.058,34.462734
1427157637.074,41.610718
1427157637.089,48.19214
1427157637.105,54.514435
1427157637.121,61.08947
1427157637.136,68.43184
1427157637.152,76.88641
1427157637.168,86.43669
1427157637.183,96.53423
1427157637.199,106.06517
1427157637.214,113.42888
1427157637.23,116.937706
1427157637.246,115.31815
1427157637.261,108.22429
1427157637.277,96.45294
1427157637.293,81.70288
1427157637.308,65.98257
1427157637.324,50.937706
1427157637.339,37.417206
1427157637.355,25.484867
1427157637.371,14.807655
1427157637.386,5.117985
1427157637.402,-3.4944363
1427157637.418,-10.673248
1427157637.433,-16.105742
1427157637.449,-19.85356
1427157637.464,-22.432945
1427157637.48,-24.65635
1427157637.496,-27.286663
1427157637.511,-30.66563
1427157637.527,-34.57085
1427157637.543,-38.243584
1427157637.558,-40.783463
1427157637.574,-41.44677
1427157637.589,-40.01615
1427157637.605,-36.84907
1427157637.621,-32.6789
1427157637.636,-28.238892
1427157637.652,-23.886143
1427157637.668,-19.408707
1427157637.683,-14.224239
1427157637.699,-7.7569046
1427157637.714,0.07926178
1427157637.73,8.683647
1427157637.746,16.826538
1427157637.761,23.09652
1427157637.777,26.412323
1427157637.793,26.43531
1427157637.808,23.698395
1427157637.824,19.403854
1427157637.839,14.989426
1427157637.855,11.721672
1427157637.871,10.388657
1427157637.886,11.226036
1427157637.902,13.935577
1427157637.918,17.836182
1427157637.933,21.91687
1427157637.949,25.005463
1427157637.964,26.028313
1427157637.98,24.28563
1427157637.996,19.75319
1427157638.011,13.124466
1427157638.027,5.605957
1427157638.043,-1.5415497
1427157638.058,-7.5401764
1427157638.074,-12.323013
1427157638.089,-16.417496
1427157638.105,-20.491638
1427157638.121,-24.83928
1427157638.136,-29.143555
1427157638.152,-32.64241
1427157638.168,-34.597137
1427157638.183,-34.748062
1427157638.199,-33.505783
1427157638.214,-31.737747
1427157638.23,-30.32962
1427157638.246,-29.785507
1427157638.261,-30.056076
1427157638.277,-30.709793
1427157638.293,-31.296524
1427157638.308,-31.671768
1427157638.324,-32.02951
1427157638.339,-32.726364
1427157638.355,-33.905945
1427157638.371,-35.251328
1427157638.386,-35.988907
1427157638.402,-35.13913
1427157638.418,-31.9404
1427157638.433,-26.177795
1427157638.449,-18.355515
1427157638.464,-9.580963
1427157638.48,-1.2690277
1427157638.496,5.3155975
1427157638.511,9.46196
1427157638.527,11.302368
1427157638.543,11.835922
1427157638.558,12.681747
1427157638.574,15.497025
1427157638.589,21.34024
1427157638.605,30.133255
1427157638.621,40.520844
1427157638.636,50.247375
1427157638.652,56.90808
1427157638.668,58.756973
1427157638.683,55.277832
1427157638.699,47.18318
1427157638.714,36.008102
1427157638.73,23.436813
1427157638.746,10.869537
1427157638.761,-0.8481903
1427157638.777,-11.239548
1427157638.793,-20.011856
1427157638.808,-26.879593
1427157638.824,-31.564117
1427157638.84,-33.94966
1427157638.855,-34.202972
1427157638.871,-32.82074
1427157638.886,-30.461502
1427157638.902,-27.74028
1427157638.918,-25.030716
1427157638.933,-22.462692
1427157638.949,-19.97165
1427157638.964,-17.486893
1427157638.98,-15.121445
1427157638.996,-13.192627
1427157639.011,-12.1605835
1427157639.027,-12.392609
1427157639.043,-13.974335
1427157639.058,-16.528519
1427157639.074,-19.266098
1427157639.09,-21.210938
1427157639.105,-21.574951
1427157639.121,-19.982452
1427157639.136,-16.615417
1427157639.152,-12.044098
1427157639.168,-6.961975
1427157639.183,-1.8722839
1427157639.199,3.1005554
1427157639.215,8.1892395
1427157639.23,13.858673
1427157639.246,20.607605
1427157639.261,28.755493
1427157639.277,38.259155
1427157639.293,48.519012
1427157639.308,58.334625
1427157639.324,66.07013
1427157639.34,70.04434
1427157639.355,69.06021
1427157639.371,62.862946
1427157639.386,52.273956
1427157639.402,38.913055
1427157639.418,24.64212
1427157639.433,10.945526
1427157639.449,-1.372406
1427157639.465,-12.160156
1427157639.48,-21.58142
1427157639.496,-29.756378
1427157639.511,-36.588165
1427157639.527,-41.80713
1427157639.543,-45.221283
1427157639.558,-46.884613
1427157639.574,-47.190918
1427157639.59,-46.706116
1427157639.605,-45.97415
1427157639.621,-45.31299
1427157639.636,-44.741333
1427157639.652,-44.069885
1427157639.668,-43.072693
1427157639.683,-41.694
1427157639.699,-40.09442
1427157639.715,-38.589264
1427157639.73,-37.417145
1427157639.746,-36.564423
1427157639.761,-35.648804
1427157639.777,-34.02646
1427157639.793,-31.039795
1427157639.808,-26.297668
1427157639.824,-19.903198
1427157639.84,-12.413208
1427157639.855,-4.670288
1427157639.871,2.5100708
1427157639.886,8.642395
1427157639.902,13.713501
1427157639.918,18.153992
1427157639.933,22.675934
1427157639.949,28.03238
1427157639.965,34.76776
1427157639.98,42.983368
1427157639.996,52.157745
1427157640.011,61.107635
1427157640.027,68.19586
1427157640.043,71.710754
1427157640.058,70.43118
1427157640.074,64.045044
1427157640.09,53.312073
1427157640.105,39.785187
1427157640.121,25.26239
1427157640.136,11.201935
1427157640.152,-1.6246338
1427157640.168,-13.10199
1427157640.183,-23.421417
1427157640.199,-32.70746
1427157640.215,-40.784485
1427157640.23,-47.262177
1427157640.246,-51.787598
1427157640.261,-54.286804
1427157640.277,-55.10617
1427157640.293,-54.872192
1427157640.308,-54.243805
1427157640.324,-53.63971
1427157640.34,-53.107788
1427157640.355,-52.395966
1427157640.371,-51.179108
1427157640.386,-49.311066
1427157640.402,-46.94156
1427157640.418,-44.452637
1427157640.433,-42.16452
1427157640.449,-40.08667
1427157640.465,-37.805267
1427157640.48,-34.609222
1427157640.496,-29.841248
1427157640.511,-23.259247
1427157640.527,-15.163025
1427157640.543,-6.3357544
1427157640.558,2.3138123
1427157640.574,10.124023
1427157640.59,16.909515
1427157640.605,22.95514
1427157640.621,28.875885
1427157640.636,35.34796
1427157640.652,42.91284
1427157640.668,51.751007
1427157640.683,61.52527
1427157640.699,71.28015
1427157640.715,79.52667
1427157640.73,84.54129
1427157640.746,84.88129
1427157640.761,79.88577
1427157640.777,69.952545
1427157640.793,56.402893
1427157640.808,41.03131
1427157640.824,25.54132
1427157640.84,11.097595
1427157640.855,-1.7799072
1427157640.871,-13.055664
1427157640.886,-22.868439
1427157640.902,-31.286743
1427157640.918,-38.2352
1427157640.933,-43.6149
1427157640.949,-47.396057
1427157640.965,-49.778168
1427157640.98,-51.126495
1427157640.996,-51.865143
1427157641.011,-52.36969
1427157641.027,-52.801697
1427157641.043,-53.113342
1427157641.058,-53.131622
1427157641.074,-52.671844
1427157641.09,-51.654846
1427157641.105,-50.14041
1427157641.121,-48.2836
1427157641.136,-46.27423
1427157641.152,-44.208557
1427157641.168,-42.114044
1427157641.183,-39.898254
1427157641.199,-37.373993
1427157641.215,-34.280884
1427157641.23,-30.386353
1427157641.246,-25.575073
1427157641.261,-19.946228
1427157641.277,-13.830933
1427157641.293,-7.649246
1427157641.308,-1.7788086
1427157641.324,3.6544647
1427157641.34,8.807709
1427157641.355,14.042435
1427157641.371,19.734787
1427157641.386,26.221863
1427157641.402,33.7332
1427157641.418,42.39125
1427157641.433,52.122894
1427157641.449,62.458908
1427157641.465,72.392426
1427157641.48,80.386444
1427157641.496,84.7708
1427157641.511,84.296295
1427157641.527,78.64525
1427157641.543,68.63583
1427157641.558,55.87268
1427157641.574,42.18347
1427157641.59,28.96379
1427157641.605,16.917831
1427157641.621,6.120941
1427157641.636,-3.6209564
1427157641.652,-12.428345
1427157641.668,-20.162811
1427157641.683,-26.537537
1427157641.699,-31.30835
1427157641.715,-34.461502
1427157641.73,-36.24463
1427157641.746,-37.05081
1427157641.762,-37.283417
1427157641.777,-37.229156
1427157641.793,-37.019592
1427157641.808,-36.67955
1427157641.824,-36.19301
1427157641.84,-35.590866
1427157641.855,-34.913376
1427157641.871,-34.206345
1427157641.887,-33.381607
1427157641.902,-32.229263
1427157641.918,-30.404526
1427157641.933,-27.56549
1427157641.949,-23.535095
1427157641.965,-18.403137
1427157641.98,-12.533615
1427157641.996,-6.491974
1427157642.012,-0.84988403
1427157642.027,4.036392
1427157642.043,8.181534
1427157642.058,11.960236
1427157642.074,16.038239
1427157642.09,21.124954
1427157642.105,27.696136
1427157642.121,35.744766
1427157642.137,44.636078
1427157642.152,53.133957
1427157642.168,59.693893
1427157642.183,62.856583
1427157642.199,61.74359
1427157642.215,56.30217
1427157642.23,47.33879
1427157642.246,36.212738
1427157642.262,24.363892
1427157642.277,12.893906
1427157642.293,2.3406525
1427157642.308,-7.2226105
1427157642.324,-15.929657
1427157642.34,-23.807846
1427157642.355,-30.67881
1427157642.371,-36.236786
1427157642.387,-40.26297
1427157642.402,-42.80758
1427157642.418,-44.232094
1427157642.433,-45.025757
1427157642.449,-45.581963
1427157642.465,-46.053596
1427157642.48,-46.26967
1427157642.496,-45.954353
1427157642.512,-44.88864
1427157642.527,-43.11332
1427157642.543,-40.87303
1427157642.558,-38.498
1427157642.574,-36.161217
1427157642.59,-33.783684
1427157642.605,-31.061073
1427157642.621,-27.660042
1427157642.637,-23.406586
1427157642.652,-18.411278
1427157642.668,-13.015503
1427157642.683,-7.65287
1427157642.699,-2.6341171
1427157642.715,1.9142532
1427157642.73,6.084221
1427157642.746,10.077625
1427157642.762,14.142124
1427157642.777,18.52386
1427157642.793,23.422222
1427157642.808,28.892838
1427157642.824,34.76811
1427157642.84,40.512337
1427157642.855,45.245678
1427157642.871,47.914444
1427157642.887,47.627007
1427157642.902,43.991158
1427157642.918,37.286682
1427157642.933,28.375134
1427157642.949,18.385769
1427157642.965,8.318802
1427157642.98,-1.187541
1427157642.996,-9.91671
1427157643.012,-17.801308
1427157643.027,-24.771029
1427157643.043,-30.531765
1427157643.058,-34.70475
1427157643.074,-36.99033
1427157643.09,-37.393417
1427157643.105,-36.263176
1427157643.121,-34.219887
1427157643.137,-31.878998
1427157643.152,-29.654621
1427157643.168,-27.647793
1427157643.183,-25.697708
1427157643.199,-23.558285
1427157643.215,-21.102116
1427157643.23,-18.351807
1427157643.246,-15.520668
1427157643.262,-12.8012085
1427157643.277,-10.253471
1427157643.293,-7.689575
1427157643.308,-4.784645
1427157643.324,-1.2077408
1427157643.34,3.1549683
1427157643.355,8.115021
1427157643.371,13.24102
1427157643.387,18.04943
1427157643.402,22.196602
1427157643.418,25.647224
1427157643.433,28.637024
1427157643.449,31.56887
1427157643.465,34.869553
1427157643.48,38.897896
1427157643.496,43.80829
1427157643.512,49.54412
1427157643.527,55.678596
1427157643.543,61.427628
1427157643.558,65.67912
1427157643.574,67.28868
1427157643.59,65.43649
1427157643.605,59.997757
1427157643.621,51.597687
1427157643.637,41.448242
1427157643.652,30.884491
1427157643.668,20.930527
1427157643.683,12.079819
1427157643.699,4.350601
1427157643.715,-2.4418335
1427157643.73,-8.402893
1427157643.746,-13.441742
1427157643.762,-17.363586
1427157643.777,-20.035217
1427157643.793,-21.513672
1427157643.808,-22.041748
1427157643.824,-21.95131
1427157643.84,-21.55194
1427157643.855,-21.069351
1427157643.871,-20.617798
1427157643.887,-20.23735
1427157643.902,-19.904099
1427157643.918,-19.53717
1427157643.933,-19.060608
1427157643.949,-18.416275
1427157643.965,-17.627594
1427157643.98,-16.755829
1427157643.996,-15.916458
1427157644.012,-15.14946
1427157644.027,-14.403961
1427157644.043,-13.4897
1427157644.058,-12.158035
1427157644.074,-10.18927
1427157644.09,-7.4722443
1427157644.105,-4.0582733
1427157644.121,-0.15808105
1427157644.137,3.9726105
1427157644.152,8.047745
1427157644.168,11.885056
1427157644.183,15.417007
1427157644.199,18.720215
1427157644.215,21.961746
1427157644.23,25.406128
1427157644.246,29.329514
1427157644.262,33.95912
1427157644.277,39.300797
1427157644.293,44.975998
1427157644.308,50.16388
1427157644.324,53.711365
1427157644.34,54.455902
1427157644.355,51.67
1427157644.371,45.37686
1427157644.387,36.384567
1427157644.402,26.033524
1427157644.418,15.719681
1427157644.434,6.5010376
1427157644.449,-1.1385803
1427157644.465,-7.244461
1427157644.48,-12.118866
1427157644.496,-16.10733
1427157644.512,-19.370728
1427157644.527,-21.942017
1427157644.543,-23.77362
1427157644.559,-24.900757
1427157644.574,-25.479095
1427157644.59,-25.74759
1427157644.605,-25.92749
1427157644.621,-26.16159
1427157644.637,-26.453552
1427157644.652,-26.7099
1427157644.668,-26.847137
1427157644.684,-26.86621
1427157644.699,-26.838501
1427157644.715,-26.857971
1427157644.73,-26.91278
1427157644.746,-26.831635
1427157644.762,-26.315582
1427157644.777,-25.077362
1427157644.793,-22.961273
1427157644.809,-20.049255
1427157644.824,-16.611694
1427157644.84,-13.001678
1427157644.855,-9.525269
1427157644.871,-6.327942
1427157644.887,-3.3556519
1427157644.902,-0.40771484
1427157644.918,2.7184753
1427157644.934,6.125702
1427157644.949,9.750824
1427157644.965,13.380402
1427157644.98,16.780273
1427157644.996,19.802704
1427157645.012,22.491455
1427157645.027,25.029327
1427157645.043,27.69226
1427157645.059,30.733795
1427157645.074,34.316986
1427157645.09,38.426117
1427157645.105,42.803833
1427157645.121,46.895508
1427157645.137,49.913727
1427157645.152,50.98636
1427157645.168,49.430847
1427157645.184,45.024597
1427157645.199,38.108673
1427157645.215,29.507416
1427157645.23,20.286255
1427157645.246,11.415009
1427157645.262,3.5550232
1427157645.277,-2.9864502
1427157645.293,-8.17749
1427157645.309,-12.073181
1427157645.324,-14.753784
1427157645.34,-16.270935
1427157645.355,-16.743683
1427157645.371,-16.429077
1427157645.387,-15.691711
1427157645.402,-14.968964
1427157645.418,-14.599243
1427157645.434,-14.72702
1427157645.449,-15.255005
1427157645.465,-15.90094
1427157645.48,-16.358582
1427157645.496,-16.435852
1427157645.512,-16.130127
1427157645.527,-15.55191
1427157645.543,-14.85553
1427157645.559,-14.090546
1427157645.574,-13.174927
1427157645.59,-12.003632
1427157645.605,-10.513611
1427157645.621,-8.773529
1427157645.637,-6.944275
1427157645.652,-5.173462
1427157645.668,-3.480072
1427157645.684,-1.7200928
1427157645.699,0.3456726
1427157645.715,2.8850098
1427157645.73,5.8628845
1427157645.746,9.017487
1427157645.762,11.985321
1427157645.777,14.449768
1427157645.793,16.33368
1427157645.809,17.821442
1427157645.824,19.263763
1427157645.84,21.018463
1427157645.855,23.349976
1427157645.871,26.342834
1427157645.887,29.927063
1427157645.902,33.836426
1427157645.918,37.59973
1427157645.934,40.511475
1427157645.949,41.750275
1427157645.965,40.61783
1427157645.98,36.819122
1427157645.996,30.648865
1427157646.012,22.91919
1427157646.027,14.669952
1427157646.043,6.831665
1427157646.059,-0.029815674
1427157646.074,-5.7447205
1427157646.09,-10.372681
1427157646.105,-13.969269
1427157646.121,-16.51648
1427157646.137,-17.910767
1427157646.152,-18.141937
1427157646.168,-17.397003
1427157646.184,-16.0401
1427157646.199,-14.529755
1427157646.215,-13.242981
1427157646.23,-12.370789
1427157646.246,-11.891663
1427157646.262,-11.65802
1427157646.277,-11.476318
1427157646.293,-11.240143
1427157646.309,-10.932892
1427157646.324,-10.619446
1427157646.34,-10.362152
1427157646.355,-10.121948
1427157646.371,-9.752747
1427157646.387,-9.006653
1427157646.402,-7.658264
1427157646.418,-5.577423
1427157646.434,-2.8449097
1427157646.449,0.32641602
1427157646.465,3.6064148
1427157646.48,6.707428
1427157646.496,9.463379
1427157646.512,11.878357
1427157646.527,14.1111145
1427157646.543,16.446411
1427157646.559,19.17102
1427157646.574,22.421265
1427157646.59,26.024231
1427157646.605,29.431122
1427157646.621,31.794067
1427157646.637,32.253937
1427157646.652,30.236206
1427157646.668,25.722748
1427157646.684,19.292267
1427157646.699,11.877197
1427157646.715,4.4896545
1427157646.73,-2.1228638
1427157646.746,-7.582855
1427157646.762,-11.81311
1427157646.777,-14.885956
1427157646.793,-16.869873
1427157646.809,-17.787445
1427157646.824,-17.640442
1427157646.84,-16.50772
1427157646.855,-14.552643
1427157646.871,-12.052277
1427157646.887,-9.3463745
1427157646.902,-6.7808533
1427157646.918,-4.643585
1427157646.934,-3.1117554
1427157646.949,-2.2192383
1427157646.965,-1.8676453
1427157646.98,-1.9090576
1427157646.996,-2.1728516
1427157647.012,-2.4743347
1427157647.027,-2.6072083
1427157647.043,-2.3417053
1427157647.059,-1.4895935
1427157647.074,0.018005371
1427157647.09,2.0514832
1427157647.106,4.3337708
1427157647.121,6.5522766
1427157647.137,8.5251465
1427157647.152,10.272675
1427157647.168,11.997284
1427157647.184,13.99115
1427157647.199,16.515808
1427157647.215,19.743225
1427157647.23,23.718964
1427157647.246,28.257904
1427157647.262,32.888397
1427157647.277,36.778168
1427157647.293,38.91913
1427157647.309,38.374268
1427157647.324,34.721527
1427157647.34,28.213928
1427157647.356,19.795166
1427157647.371,10.74353
1427157647.387,2.2406616
1427157647.402,-4.955597
1427157647.418,-10.621582
1427157647.434,-14.899506
1427157647.449,-18.043335
1427157647.465,-20.22699
1427157647.481,-21.496185
1427157647.496,-21.841034
1427157647.512,-21.29544
1427157647.527,-20.037048
1427157647.543,-18.328949
1427157647.559,-16.47409
1427157647.574,-14.693573
1427157647.59,-13.083252
1427157647.606,-11.641052
1427157647.621,-10.337402
1427157647.637,-9.195221
1427157647.652,-8.280762
1427157647.668,-7.640045
1427157647.684,-7.2163086
1427157647.699,-6.744385
1427157647.715,-5.8532715
1427157647.731,-4.1914673
1427157647.746,-1.625824
1427157647.762,1.6839294
1427157647.777,5.3346252
1427157647.793,8.842621
1427157647.809,11.850891
1427157647.824,14.310028
1427157647.84,16.443207
1427157647.856,18.698334
1427157647.871,21.555359
1427157647.887,25.391052
1427157647.902,30.30243
1427157647.918,35.99649
1427157647.934,41.743378
1427157647.949,46.499023
1427157647.965,49.135986
1427157647.981,48.792297
1427157647.996,45.18036
1427157648.012,38.663635
1427157648.027,30.15213
1427157648.043,20.782593
1427157648.059,11.547241
1427157648.074,3.109253
1427157648.09,-4.222473
1427157648.106,-10.350555
1427157648.121,-15.260681
1427157648.137,-18.893494
1427157648.152,-21.23227
1427157648.168,-22.33606
1427157648.184,-22.460938
1427157648.199,-21.988922
1427157648.215,-21.388885
1427157648.231,-20.999115
1427157648.246,-20.959625
1427157648.262,-21.17099
1427157648.277,-21.358978
1427157648.293,-21.238556
1427157648.309,-20.646362
1427157648.324,-19.618347
1427157648.34,-18.3461
1427157648.356,-17.053864
1427157648.371,-15.8671875
1427157648.387,-14.6996155
1427157648.402,-13.306488
1427157648.418,-11.351624
1427157648.434,-8.622559
1427157648.449,-5.0853577
1427157648.465,-0.95318604
1427157648.481,3.4152222
1427157648.496,7.6671143
1427157648.512,11.585754
1427157648.527,15.171249
1427157648.543,18.64447
1427157648.559,22.347244
1427157648.574,26.615295
1427157648.59,31.678787
1427157648.606,37.532898
1427157648.621,43.86995
1427157648.637,50.050293
1427157648.652,55.10376
1427157648.668,57.96811
1427157648.684,57.723236
1427157648.699,53.904984
1427157648.715,46.68933
1427157648.731,36.869476
1427157648.746,25.62239
1427157648.762,14.177261
1427157648.777,3.4887543
1427157648.793,-5.867813
1427157648.809,-13.687073
1427157648.824,-19.941986
1427157648.84,-24.662186
1427157648.856,-27.843338
1427157648.871,-29.561111
1427157648.887,-29.976929
1427157648.902,-29.478287
1427157648.918,-28.566116
1427157648.934,-27.765228
1427157648.949,-27.444794
1427157648.965,-27.695328
1427157648.981,-28.29039
1427157648.996,-28.821884
1427157649.012,-28.895065
1427157649.027,-28.354828
1427157649.043,-27.332184
1427157649.059,-26.171326
1427157649.074,-25.148788
1427157649.09,-24.33928
1427157649.106,-23.489594
1427157649.121,-22.180267
1427157649.137,-20.012619
1427157649.152,-16.910995
1427157649.168,-13.11702
1427157649.184,-9.136047
1427157649.199,-5.4353943
1427157649.215,-2.2584457
1427157649.231,0.5228119
1427157649.246,3.2937775
1427157649.262,6.5146713
1427157649.277,10.554733
1427157649.293,15.585976
1427157649.309,21.555916
1427157649.324,28.160522
1427157649.34,34.79814
1427157649.356,40.583496
1427157649.371,44.361717
1427157649.387,45.054184
1427157649.402,41.95582
1427157649.418,35.10588
1427157649.434,25.299019
1427157649.449,13.910301
1427157649.465,2.4478378
1427157649.481,-7.926323
1427157649.496,-16.610275
1427157649.512,-23.53218
1427157649.527,-28.925797
1427157649.543,-32.98697
1427157649.559,-35.7884
1427157649.574,-37.272583
1427157649.59,-37.441917
1427157649.606,-36.466522
1427157649.621,-34.755287
1427157649.637,-32.807137
1427157649.652,-31.104446
1427157649.668,-29.90812
1427157649.684,-29.252113
1427157649.699,-28.933407
1427157649.715,-28.69085
1427157649.731,-28.270245
1427157649.746,-27.531578
1427157649.762,-26.484848
1427157649.778,-25.234318
1427157649.793,-23.899002
1427157649.809,-22.518734
1427157649.824,-20.98764
1427157649.84,-19.06873
1427157649.856,-16.444485
1427157649.871,-12.8556595
1427157649.887,-8.241127
1427157649.902,-2.8141975
1427157649.918,2.9957428
1427157649.934,8.650589
1427157649.949,13.718555
1427157649.965,18.001743
1427157649.981,21.618805
1427157649.996,24.867733
1427157650.012,28.147167
1427157650.028,31.830994
1427157650.043,36.235405
1427157650.059,41.53235
1427157650.074,47.686024
1427157650.09,54.30311
1427157650.106,60.560036
1427157650.121,65.27289
1427157650.137,67.152756
1427157650.153,65.211136
1427157650.168,59.136444
1427157650.184,49.439735
1427157650.199,37.343273
1427157650.215,24.330374
1427157650.231,11.741756
1427157650.246,0.38974142
1427157650.262,-9.417539
1427157650.278,-17.73834
1427157650.293,-24.696163
1427157650.309,-30.341003
1427157650.324,-34.579185
1427157650.34,-37.36446
1427157650.356,-38.796307
1427157650.371,-39.213203
1427157650.387,-39.102486
1427157650.403,-38.93147
1427157650.418,-38.968697
1427157650.434,-39.220436
1427157650.449,-39.491722
1427157650.465,-39.532726
1427157650.481,-39.194366
1427157650.496,-38.540092
1427157650.512,-37.702724
1427157650.528,-36.83737
1427157650.543,-35.923676
1427157650.559,-34.802628
1427157650.574,-33.180347
1427157650.59,-30.858953
1427157650.606,-27.782198
1427157650.621,-24.135435
1427157650.637,-20.248478
1427157650.653,-16.470161
1427157650.668,-13.003536
1427157650.684,-9.830193
1427157650.699,-6.704895
1427157650.715,-3.2839584
1427157650.731,0.70874405
1427157650.746,5.3105545
1427157650.762,10.295151
1427157650.778,15.21809
1427157650.793,19.633644
1427157650.809,23.28267
1427157650.824,26.221428
1427157650.84,28.810677
1427157650.856,31.652214
1427157650.871,35.351494
1427157650.887,40.39943
1427157650.903,46.918144
1427157650.918,54.532658
1427157650.934,62.261787
1427157650.949,68.648285
1427157650.965,72.10003
1427157650.981,71.38429
1427157650.996,66.04074
1427157651.012,56.573704
1427157651.028,44.238632
1427157651.043,30.596428
1427157651.059,17.021957
1427157651.074,4.390274
1427157651.09,-6.932358
1427157651.106,-16.829796
1427157651.121,-25.241547
1427157651.137,-32.00679
1427157651.153,-36.929558
1427157651.168,-39.952568
1427157651.184,-41.29783
1427157651.199,-41.483147
1427157651.215,-41.161156
1427157651.231,-40.90867
1427157651.246,-41.05455
1427157651.262,-41.57746
1427157651.278,-42.250183
1427157651.293,-42.757263
1427157651.309,-42.931908
1427157651.324,-42.781395
1427157651.34,-42.464767
1427157651.356,-42.120262
1427157651.371,-41.760864
1427157651.387,-41.18966
1427157651.403,-40.08127
1427157651.418,-38.11554
1427157651.434,-35.122246
1427157651.449,-31.200584
1427157651.465,-26.704292
1427157651.481,-22.127243
1427157651.496,-17.921417
1427157651.512,-14.284859
1427157651.528,-11.080856
1427157651.543,-7.85952
1427157651.559,-4.106865
1427157651.574,0.54104614
1427157651.59,6.025589
1427157651.606,11.91333
1427157651.621,17.56372
1427157651.637,22.426231
1427157651.653,26.288261
1427157651.668,29.342453
1427157651.684,32.111786
1427157651.699,35.203568
1427157651.715,39.17811
1427157651.731,44.360764
1427157651.746,50.729767
1427157651.762,57.83898
1427157651.778,64.71868
1427157651.793,70.01847
1427157651.809,72.27304
1427157651.824,70.38827
1427157651.84,64.03525
1427157651.856,53.85891
1427157651.871,41.22332
1427157651.887,27.800339
1427157651.903,15.012161
1427157651.918,3.6874313
1427157651.934,-5.9478226
1427157651.949,-14.04274
1427157651.965,-20.81443
1427157651.981,-26.336205
1427157651.996,-30.538925
1427157652.012,-33.357056
1427157652.028,-34.886932
1427157652.043,-35.440598
1427157652.059,-35.51146
1427157652.074,-35.58336
1427157652.09,-35.967667
1427157652.106,-36.696533
1427157652.121,-37.55429
1427157652.137,-38.185745
1427157652.153,-38.292862
1427157652.168,-37.772415
1427157652.184,-36.751816
1427157652.199,-35.483932
1427157652.215,-34.20955
1427157652.231,-32.974518
1427157652.246,-31.602982
1427157652.262,-29.760132
1427157652.278,-27.09784
1427157652.293,-23.435104
1427157652.309,-18.856796
1427157652.324,-13.712158
1427157652.34,-8.506592
1427157652.356,-3.6836243
1427157652.371,0.48973083
1427157652.387,4.0536804
1427157652.403,7.283722
1427157652.418,10.609268
1427157652.434,14.439941
1427157652.449,19.106201
1427157652.465,24.761826
1427157652.481,31.33139
1427157652.496,38.38971
1427157652.512,45.13318
1427157652.528,50.425903
1427157652.543,53.026886
1427157652.559,51.994476
1427157652.574,47.01274
1427157652.59,38.562134
1427157652.606,27.77304
1427157652.621,16.040894
1427157652.637,4.6068726
1427157652.653,-5.733841
1427157652.668,-14.666489
1427157652.684,-22.1763
1427157652.7,-28.307419
1427157652.715,-33.038803
1427157652.731,-36.279434
1427157652.746,-38.00058
1427157652.762,-38.34697
1427157652.778,-37.68167
1427157652.793,-36.49431
1427157652.809,-35.2984
1427157652.825,-34.455246
1427157652.84,-34.070724
1427157652.856,-33.99208
1427157652.871,-33.888336
1427157652.887,-33.373688
1427157652.903,-32.205444
1427157652.918,-30.324585
1427157652.934,-27.895966
1427157652.95,-25.194778
1427157652.965,-22.512955
1427157652.981,-19.986649
1427157652.996,-17.605988
1427157653.012,-15.172501
1427157653.028,-12.393677
1427157653.043,-9.028168
1427157653.059,-4.9534454
1427157653.075,-0.27908325
1427157653.09,4.708267
1427157653.106,9.611069
1427157653.121,14.1067505
1427157653.137,18.013107
1427157653.153,21.362106
1427157653.168,24.364426
1427157653.184,27.311676
1427157653.2,30.550934
1427157653.215,34.409378
1427157653.231,39.19783
1427157653.246,44.999023
1427157653.262,51.56021
1427157653.278,58.11473
1427157653.293,63.42279
1427157653.309,66.03728
1427157653.325,64.78554
1427157653.34,59.208588
1427157653.356,49.77536
1427157653.371,37.77948
1427157653.387,24.851059
1427157653.403,12.440186
1427157653.418,1.4419708
1427157653.434,-7.8826904
1427157653.45,-15.690567
1427157653.465,-22.28395
1427157653.481,-27.819443
1427157653.496,-32.32962
1427157653.512,-35.725235
1427157653.528,-38.007675
1427157653.543,-39.305237
1427157653.559,-39.88353
1427157653.575,-40.035507
1427157653.59,-40.006454
1427157653.606,-39.91246
1427157653.621,-39.749176
1427157653.637,-39.441025
1427157653.653,-38.925415
1427157653.668,-38.155197
1427157653.684,-37.133484
1427157653.7,-35.832794
1427157653.715,-34.220917
1427157653.731,-32.209152
1427157653.746,-29.70845
1427157653.762,-26.67517
1427157653.778,-23.141037
1427157653.793,-19.205414
1427157653.809,-15.03508
1427157653.825,-10.777344
1427157653.84,-6.5148163
1427157653.856,-2.25737
1427157653.871,2.0499573
1427157653.887,6.4837494
1427157653.903,11.067047
1427157653.918,15.772079
1427157653.934,20.516678
1427157653.95,25.241882
1427157653.965,29.92633
1427157653.981,34.687225
1427157653.996,39.731705
1427157654.012,45.301895
1427157654.028,51.5354
1427157654.043,58.259705
1427157654.059,64.82562
1427157654.075,70.14421
1427157654.09,72.884094
1427157654.106,71.89554
1427157654.121,66.664185
1427157654.137,57.550003
1427157654.153,45.73665
1427157654.168,32.81433
1427157654.184,20.228561
1427157654.2,8.8629
1427157654.215,-1.0706024
1427157654.231,-9.758484
1427157654.246,-17.437363
1427157654.262,-24.08281
1427157654.278,-29.429794
1427157654.293,-33.1364
1427157654.309,-35.097717
1427157654.325,-35.5661
1427157654.34,-35.11711
1427157654.356,-34.40297
1427157654.371,-33.926422
1427157654.387,-33.90706
1427157654.403,-34.268723
1427157654.418,-34.76352
1427157654.434,-35.10704
1427157654.45,-35.04831
1427157654.465,-34.465042
1427157654.481,-33.307144
1427157654.496,-31.616028
1427157654.512,-29.51741
1427157654.528,-27.234573
1427157654.543,-24.961258
1427157654.559,-22.872116
1427157654.575,-20.941269
1427157654.59,-18.975052
1427157654.606,-16.672485
1427157654.621,-13.744492
1427157654.637,-10.0776825
1427157654.653,-5.799118
1427157654.668,-1.2186584
1427157654.684,3.2775116
1427157654.7,7.4167786
1427157654.715,11.113907
1427157654.731,14.4951935
1427157654.746,17.824234
1427157654.762,21.49768
1427157654.778,25.89798
1427157654.793,31.341064
1427157654.809,37.786545
1427157654.825,44.724716
1427157654.84,51.067093
1427157654.856,55.37889
1427157654.871,56.31607
1427157654.887,53.12732
1427157654.903,46.022064
1427157654.918,36.083878
1427157654.934,24.857956
1427157654.95,13.81456
1427157654.965,3.8866425
1427157654.981,-4.6266937
1427157654.996,-11.85643
1427157655.012,-17.983734
1427157655.028,-23.032501
1427157655.043,-26.800903
1427157655.059,-29.074203
1427157655.075,-29.859192
1427157655.09,-29.49469
1427157655.106,-28.593964
1427157655.121,-27.798462
1427157655.137,-27.562424
1427157655.153,-27.972214
1427157655.168,-28.744781
1427157655.184,-29.412003
1427157655.2,-29.49025
1427157655.215,-28.75618
1427157655.231,-27.244583
1427157655.246,-25.235138
1427157655.262,-23.071884
1427157655.278,-20.998734
1427157655.293,-18.98906
1427157655.309,-16.784561
1427157655.325,-14.036171
1427157655.34,-10.45015
1427157655.356,-5.9753113
1427157655.372,-0.8771515
1427157655.387,4.3807373
1427157655.403,9.269562
1427157655.418,13.450432
1427157655.434,16.881538
1427157655.45,19.838387
1427157655.465,22.794243
1427157655.481,26.27311
1427157655.497,30.637161
1427157655.512,36.016907
1427157655.528,42.18052
1427157655.543,48.508972
1427157655.559,54.03057
1427157655.575,57.620697
1427157655.59,58.260582
1427157655.606,55.362793
1427157655.622,49.016663
1427157655.637,39.952744
1427157655.653,29.318398
1427157655.668,18.296303
1427157655.684,7.7704697
1427157655.7,-1.8093109
1427157655.715,-10.386879
1427157655.731,-18.037476
1427157655.747,-24.77246
1427157655.762,-30.436516
1427157655.778,-34.812614
1427157655.793,-37.74244
1427157655.809,-39.281273
1427157655.825,-39.73307
1427157655.84,-39.55092
1427157655.856,-39.195473
1427157655.872,-38.955734
1427157655.887,-38.885773
1427157655.903,-38.87413
1427157655.918,-38.736473
1427157655.934,-38.370026
1427157655.95,-37.800972
1427157655.965,-37.163925
1427157655.981,-36.54548
1427157655.997,-35.92392
1427157656.012,-35.059998
1427157656.028,-33.63372
1427157656.043,-31.346344
1427157656.059,-28.108292
1427157656.075,-24.105461
1427157656.09,-19.75058
1427157656.106,-15.493477
1427157656.122,-11.661774
1427157656.137,-8.305069
1427157656.153,-5.1786575
1427157656.168,-1.8914948
1427157656.184,1.9008636
1427157656.2,6.3505325
1427157656.215,11.297272
1427157656.231,16.4058
1427157656.247,21.24096
1427157656.262,25.535553
1427157656.278,29.224335
1427157656.293,32.497322
1427157656.309,35.7128
1427157656.325,39.303726
1427157656.34,43.68415
1427157656.356,49.14955
1427157656.372,55.720146
1427157656.387,63.015656
1427157656.403,70.13396
1427157656.418,75.76154
1427157656.434,78.46143
1427157656.45,77.175156
1427157656.465,71.59983
1427157656.481,62.313477
1427157656.497,50.559143
1427157656.512,37.78762
1427157656.528,25.184067
1427157656.543,13.451019
1427157656.559,2.8276749
1427157656.575,-6.6659927
1427157656.59,-15.019379
1427157656.606,-22.122505
1427157656.622,-27.862877
1427157656.637,-32.227654
1427157656.653,-35.402214
1427157656.668,-37.69568
1427157656.684,-39.457245
1427157656.7,-40.93341
1427157656.715,-42.238655
1427157656.731,-43.336426
1427157656.747,-44.14936
1427157656.762,-44.574196
1427157656.778,-44.597496
1427157656.793,-44.260086
1427157656.809,-43.689857
1427157656.825,-42.987137
1427157656.84,-42.205765
1427157656.856,-41.25354
1427157656.872,-39.95688
1427157656.887,-38.093468
1427157656.903,-35.53379
1427157656.918,-32.267937
1427157656.934,-28.448586
1427157656.95,-24.345161
1427157656.965,-20.238564
1427157656.981,-16.318062
1427157656.997,-12.651291
1427157657.012,-9.17614
1427157657.028,-5.7476234
1427157657.043,-2.2049713
1427157657.059,1.5427399
1427157657.075,5.5383453
1427157657.09,9.724831
1427157657.106,13.999569
1427157657.122,18.224777
1427157657.137,22.251755
1427157657.153,25.959755
1427157657.168,29.309052
1427157657.184,32.35327
1427157657.2,35.280804
1427157657.215,38.379444
1427157657.231,42.002758
1427157657.247,46.438053
1427157657.262,51.768494
1427157657.278,57.683815
1427157657.293,63.43378
1427157657.309,67.872314
1427157657.325,69.76085
1427157657.34,68.134384
1427157657.356,62.67767
1427157657.372,53.854214
1427157657.387,42.757164
1427157657.403,30.769371
1427157657.418,19.071346
1427157657.434,8.379829
1427157657.45,-1.0822067
1427157657.465,-9.401405
1427157657.481,-16.679916
1427157657.497,-22.87424
1427157657.512,-27.8152
1427157657.528,-31.35976
1427157657.543,-33.555576
1427157657.559,-34.708057
1427157657.575,-35.27593
1427157657.59,-35.70243
1427157657.606,-36.234577
1427157657.622,-36.884933
1427157657.637,-37.48676
1427157657.653,-37.843246
1427157657.668,-37.837376
1427157657.684,-37.520874
1427157657.7,-37.025215
1427157657.715,-36.46912
1427157657.731,-35.83295
1427157657.747,-34.961433
1427157657.762,-33.623016
1427157657.778,-31.655682
1427157657.793,-29.021193
1427157657.809,-25.890553
1427157657.825,-22.489717
1427157657.84,-19.014538
1427157657.856,-15.501207
1427157657.872,-11.837769
1427157657.887,-7.842451
1427157657.903,-3.4025917
1427157657.918,1.445055
1427157657.934,6.4490185
1427157657.95,11.260519
1427157657.965,15.534536
1427157657.981,19.127932
1427157657.997,22.12587
1427157658.012,24.837566
1427157658.028,27.719017
1427157658.044,31.250723
1427157658.059,35.809883
1427157658.075,41.534725
1427157658.09,48.153786
1427157658.106,54.969364
1427157658.122,60.82016
1427157658.137,64.41098
1427157658.153,64.610664
1427157658.168,60.913227
1427157658.184,53.59159
1427157658.2,43.64012
1427157658.215,32.420254
1427157658.231,21.2458
1427157658.247,10.979679
1427157658.262,1.968874
1427157658.278,-5.8635817
1427157658.294,-12.757338
1427157658.309,-18.872814
1427157658.325,-24.174255
1427157658.34,-28.481424
1427157658.356,-31.60968
1427157658.372,-33.532547
1427157658.387,-34.450256
1427157658.403,-34.78141
1427157658.419,-34.962273
1427157658.434,-35.315125
1427157658.45,-35.873753
1427157658.465,-36.436325
1427157658.481,-36.71747
1427157658.497,-36.57317
1427157658.512,-36.04699
1427157658.528,-35.410675
1427157658.544,-34.887753
1427157658.559,-34.513226
1427157658.575,-34.009415
1427157658.59,-32.944748
1427157658.606,-30.892859
1427157658.622,-27.741436
1427157658.637,-23.712313
1427157658.653,-19.30324
1427157658.669,-15.041874
1427157658.684,-11.251457
1427157658.7,-7.930168
1427157658.715,-4.7920847
1427157658.731,-1.4063387
1427157658.747,2.5157042
1427157658.762,7.0372524
1427157658.778,11.89654
1427157658.794,16.677717
1427157658.809,20.991514
1427157658.825,24.670633
1427157658.84,27.848698
1427157658.856,30.919388
1427157658.872,34.3836
1427157658.887,38.679764
1427157658.903,44.051067
1427157658.919,50.376793
1427157658.934,57.091293
1427157658.95,63.216217
1427157658.965,67.48189
1427157658.981,68.697464
1427157658.997,66.09296
1427157659.012,59.660004
1427157659.028,50.15165
1427157659.044,38.87078
1427157659.059,27.179258
1427157659.075,16.118917
1427157659.09,6.175062
1427157659.106,-2.5999374
1427157659.122,-10.368069
1427157659.137,-17.21511
1427157659.153,-23.060226
1427157659.169,-27.743702
1427157659.184,-31.193949
1427157659.2,-33.510406
1427157659.215,-34.947693
1427157659.231,-35.791256
1427157659.247,-36.211082
1427157659.262,-36.257595
1427157659.278,-35.922035
1427157659.294,-35.245335
1427157659.309,-34.39789
1427157659.325,-33.606243
1427157659.34,-33.067802
1427157659.356,-32.793953
1427157659.372,-32.59651
1427157659.387,-32.134857
1427157659.403,-31.084831
1427157659.419,-29.250828
1427157659.434,-26.659805
1427157659.45,-23.513775
1427157659.465,-20.11773
1427157659.481,-16.723602
1427157659.497,-13.4579735
1427157659.512,-10.273735
1427157659.528,-6.9981537
1427157659.544,-3.3832855
1427157659.559,0.73420334
1427157659.575,5.383114
1427157659.59,10.397785
1427157659.606,15.50148
1427157659.622,20.377827
1427157659.637,24.787441
1427157659.653,28.670444
1427157659.669,32.136894
1427157659.684,35.505035
1427157659.7,39.22486
1427157659.715,43.70974
1427157659.731,49.1524
1427157659.747,55.310406
1427157659.762,61.40396
1427157659.778,66.23588
1427157659.794,68.51021
1427157659.809,67.228745
1427157659.825,62.092888
1427157659.84,53.580093
1427157659.856,42.809345
1427157659.872,31.107574
1427157659.887,19.681671
1427157659.903,9.295731
1427157659.919,0.2730713
1427157659.934,-7.384571
1427157659.95,-13.747261
1427157659.965,-18.813683
1427157659.981,-22.51514
1427157659.997,-24.822067
1427157660.012,-25.841053
1427157660.028,-25.9169
1427157660.044,-25.555405
1427157660.059,-25.256016
1427157660.075,-25.307499
1427157660.09,-25.689503
1427157660.106,-26.136097
1427157660.122,-26.306808
1427157660.137,-26.011272
1427157660.153,-25.30006
1427157660.169,-24.424774
1427157660.184,-23.682549
1427157660.2,-23.19862
1427157660.215,-22.860989
1427157660.231,-22.300053
1427157660.247,-21.066982
1427157660.262,-18.825104
1427157660.278,-15.526768
1427157660.294,-11.413534
1427157660.309,-6.932373
1427157660.325,-2.56699
1427157660.34,1.3905487
1427157660.356,4.924019
1427157660.372,8.255693
1427157660.387,11.765545
1427157660.403,15.808586
1427157660.419,20.64648
1427157660.434,26.352825
1427157660.45,32.777596
1427157660.465,39.443214
1427157660.481,45.546257
1427157660.497,49.9769
1427157660.512,51.639626
1427157660.528,49.77613
1427157660.544,44.32557
1427157660.559,35.957886
1427157660.575,25.887117
1427157660.59,15.427477
1427157660.606,5.591528
1427157660.622,-3.102951
1427157660.637,-10.552233
1427157660.653,-16.852543
1427157660.669,-22.004128
1427157660.684,-25.909487
1427157660.7,-28.40464
1427157660.716,-29.47514
1427157660.731,-29.356285
1427157660.747,-28.53669
1427157660.762,-27.593716
1427157660.778,-27.02652
1427157660.794,-27.08167
1427157660.809,-27.70167
1427157660.825,-28.58125
1427157660.84,-29.288055
1427157660.856,-29.460922
1427157660.872,-28.918884
1427157660.887,-27.698994
1427157660.903,-25.988304
1427157660.919,-24.009184
1427157660.934,-21.894945
1427157660.95,-19.659119
1427157660.966,-17.199852
1427157660.981,-14.328513
1427157660.997,-10.906417
1427157661.012,-6.8251524
1427157661.028,-2.1656647
1427157661.044,2.851181
1427157661.059,7.9028244
1427157661.075,12.696741
1427157661.091,17.06963
1427157661.106,21.111706
1427157661.122,25.111242
1427157661.137,29.492956
1427157661.153,34.63769
1427157661.169,40.79487
1427157661.184,47.894516
1427157661.2,55.46377
1427157661.216,62.597836
1427157661.231,68.02545
1427157661.247,70.421295
1427157661.262,68.81922
1427157661.278,62.98347
1427157661.294,53.560936
1427157661.309,41.899143
1427157661.325,29.54832
1427157661.341,17.79208
1427157661.356,7.3254805
1427157661.372,-1.7361689
1427157661.387,-9.575359
1427157661.403,-16.411074
1427157661.419,-22.277563
1427157661.434,-27.086452
1427157661.45,-30.732723
1427157661.466,-33.22948
1427157661.481,-34.7453
1427157661.497,-35.52825
1427157661.512,-35.82693
1427157661.528,-35.834667
1427157661.544,-35.67589
1427157661.559,-35.432545
1427157661.575,-35.16414
1427157661.591,-34.908264
1427157661.606,-34.703262
1427157661.622,-34.544724
1427157661.637,-34.35634
1427157661.653,-34.00179
1427157661.669,-33.275185
1427157661.684,-31.992685
1427157661.7,-30.038696
1427157661.716,-27.457596
1427157661.731,-24.415937
1427157661.747,-21.137108
1427157661.762,-17.766302
1427157661.778,-14.320505
1427157661.794,-10.642311
1427157661.809,-6.5144577
1427157661.825,-1.7678051
1427157661.841,3.5971107
1427157661.856,9.396334
1427157661.872,15.299278
1427157661.887,20.957182
1427157661.903,26.109035
1427157661.919,30.70068
1427157661.934,34.947536
1427157661.95,39.29477
1427157661.966,44.304794
1427157661.981,50.4103
1427157661.997,57.584747
1427157662.012,65.170494
1427157662.028,71.88149
1427157662.044,76.14935
1427157662.059,76.62575
1427157662.075,72.687836
1427157662.091,64.68797
1427157662.106,53.79837
1427157662.122,41.527206
1427157662.137,29.24355
1427157662.153,17.76558
1427157662.169,7.355629
1427157662.184,-2.1100883
1427157662.2,-10.803898
1427157662.216,-18.723053
1427157662.231,-25.65112
1427157662.247,-31.28957
1427157662.262,-35.446808
1427157662.278,-38.211433
1427157662.294,-39.903225
1427157662.309,-41.011024
1427157662.325,-41.930664
1427157662.341,-42.874367
1427157662.356,-43.75674
1427157662.372,-44.345142
1427157662.387,-44.38922
1427157662.403,-43.799488
1427157662.419,-42.69054
1427157662.434,-41.301277
1427157662.45,-39.846718
1427157662.466,-38.39042
1427157662.481,-36.80783
1427157662.497,-34.8972
1427157662.512,-32.503685
1427157662.528,-29.647408
1427157662.544,-26.483688
1427157662.559,-23.236786
1427157662.575,-20.049568
1427157662.591,-16.902176
1427157662.606,-13.554726
1427157662.622,-9.703194
1427157662.637,-5.100342
1427157662.653,0.25419617
1427157662.669,6.0537567
1427157662.684,11.77581
1427157662.7,16.865082
1427157662.716,20.976616
1427157662.731,24.132011
1427157662.747,26.705986
1427157662.762,29.309189
1427157662.778,32.548553
1427157662.794,36.88237
1427157662.809,42.443626
1427157662.825,48.998924
1427157662.841,55.844025
1427157662.856,61.901802
1427157662.872,65.82461
1427157662.887,66.34057
1427157662.903,62.65503
1427157662.919,54.77098
1427157662.934,43.55902
1427157662.95,30.499268
1427157662.966,17.182846
1427157662.981,4.8435516
1427157662.997,-5.9456406
1427157663.012,-15.178902
1427157663.028,-23.152512
1427157663.044,-30.094093
1427157663.059,-35.988396
1427157663.075,-40.567818
1427157663.091,-43.5998
1427157663.106,-45.033134
1427157663.122,-45.14634
1427157663.137,-44.45588
1427157663.153,-43.55094
1427157663.169,-42.8658
1427157663.184,-42.53414
1427157663.2,-42.415733
1427157663.216,-42.192955
1427157663.231,-41.56414
1427157663.247,-40.36503
1427157663.262,-38.636482
1427157663.278,-36.574547
1427157663.294,-34.406273
1427157663.309,-32.252777
1427157663.325,-30.026245
1427157663.341,-27.465729
1427157663.356,-24.21093
1427157663.372,-20.00766
1427157663.387,-14.792343
1427157663.403,-8.80912
1427157663.419,-2.4994278
1427157663.434,3.649643
1427157663.45,9.303436
1427157663.466,14.372803
1427157663.481,19.035942
1427157663.497,23.63958
1427157663.512,28.56546
1427157663.528,34.107307
1427157663.544,40.43524
1427157663.559,47.5617
1427157663.575,55.27308
1427157663.591,63.01297
1427157663.606,69.841354
1427157663.622,74.48962
1427157663.638,75.68533
1427157663.653,72.5548
1427157663.669,65.02441
1427157663.684,53.89232
1427157663.7,40.658157
1427157663.716,26.980568
1427157663.731,14.157204
1427157663.747,2.831833
1427157663.763,-6.955513
1427157663.778,-15.48365
1427157663.794,-22.976158
1427157663.809,-29.448334
1427157663.825,-34.719894
1427157663.841,-38.618393
1427157663.856,-41.1597
1427157663.872,-42.592766
1427157663.888,-43.268173
1427157663.903,-43.501686
1427157663.919,-43.460815
1427157663.934,-43.185844
1427157663.95,-42.670525
1427157663.966,-41.959312
1427157663.981,-41.1446
1427157663.997,-40.313263
1427157664.013,-39.443512
1427157664.028,-38.408943
1427157664.044,-37.02281
1427157664.059,-35.10916
1427157664.075,-32.567528
1427157664.091,-29.412247
1427157664.106,-25.731476
1427157664.122,-21.647758
1427157664.138,-17.263763
1427157664.153,-12.6515045
1427157664.169,-7.8046875
1427157664.184,-2.7040863
1427157664.2,2.686676
1427157664.216,8.307854
1427157664.231,14.014236
1427157664.247,19.533981
1427157664.263,24.62854
1427157664.278,29.155563
1427157664.294,33.201775
1427157664.309,37.089584
1427157664.325,41.281662
1427157664.341,46.269928
1427157664.356,52.41278
1427157664.372,59.725456
1427157664.388,67.725044
1427157664.403,75.34666
1427157664.419,81.06305
1427157664.434,83.264206
1427157664.45,80.77427
1427157664.466,73.31419
1427157664.481,61.67186
1427157664.497,47.471924
1427157664.513,32.609726
1427157664.528,18.626907
1427157664.544,6.3768234
1427157664.559,-4.041565
1427157664.575,-12.968384
1427157664.591,-20.778564
1427157664.606,-27.623154
1427157664.622,-33.423462
1427157664.638,-37.970245
1427157664.653,-41.17607
1427157664.669,-43.165512
1427157664.684,-44.280533
1427157664.7,-44.936325
1427157664.716,-45.501312
1427157664.731,-46.132217
1427157664.747,-46.822906
1427157664.763,-47.450928
1427157664.778,-47.85196
1427157664.794,-47.899445
1427157664.809,-47.515503
1427157664.825,-46.62108
1427157664.841,-45.154175
1427157664.856,-43.05217
1427157664.872,-40.334213
1427157664.888,-37.083725
1427157664.903,-33.43129
1427157664.919,-29.48117
1427157664.934,-25.261429
1427157664.95,-20.690552
1427157664.966,-15.651108
1427157664.981,-10.083694
1427157664.997,-4.0653687
1427157665.013,2.197342
1427157665.028,8.403091
1427157665.044,14.250931
1427157665.059,19.541016
1427157665.075,24.189163
1427157665.091,28.270493
1427157665.106,32.06227
1427157665.122,35.9637
1427157665.138,40.51944
1427157665.153,46.142227
1427157665.169,52.885864
1427157665.184,60.18535
1427157665.2,66.784424
1427157665.216,70.99631
1427157665.231,71.262146
1427157665.247,66.74005
1427157665.263,57.674637
1427157665.278,45.351807
1427157665.294,31.633972
1427157665.309,18.270798
1427157665.325,6.38974
1427157665.341,-3.6735382
1427157665.356,-12.154587
1427157665.372,-19.459976
1427157665.388,-25.801743
1427157665.403,-31.098969
1427157665.419,-35.102646
1427157665.434,-37.660706
1427157665.45,-38.91684
1427157665.466,-39.312225
1427157665.481,-39.430862
1427157665.497,-39.76837
1427157665.513,-40.481293
1427157665.528,-41.368393
1427157665.544,-42.0011
1427157665.559,-41.969727
1427157665.575,-41.105392
1427157665.591,-39.601257
1427157665.606,-37.853745
1427157665.622,-36.25714
1427157665.638,-34.917923
1427157665.653,-33.600708
1427157665.669,-31.803848
1427157665.684,-29.013885
1427157665.7,-24.916702
1427157665.716,-19.554077
1427157665.731,-13.297134
1427157665.747,-6.689026
1427157665.763,-0.25042725
1427157665.778,5.6601257
1427157665.794,10.914856
1427157665.809,15.621307
1427157665.825,20.075531
1427157665.841,24.69783
1427157665.856,29.946976
1427157665.872,36.180206
1427157665.888,43.49153
1427157665.903,51.516403
1427157665.919,59.316452
1427157665.934,65.548065
1427157665.95,68.72482
1427157665.966,67.73656
1427157665.981,62.19841
1427157665.997,52.6492
1427157666.013,40.33583
1427157666.028,26.84497
1427157666.044,13.58284
1427157666.059,1.465805
1427157666.075,-9.152435
1427157666.091,-18.292953
1427157666.106,-26.084854
1427157666.122,-32.565063
1427157666.138,-37.615906
1427157666.153,-41.106583
1427157666.169,-43.03975
1427157666.184,-43.640182
1427157666.2,-43.31787
1427157666.216,-42.580124
1427157666.231,-41.859406
1427157666.247,-41.37619
1427157666.263,-41.120605
1427157666.278,-40.873962
1427157666.294,-40.32672
1427157666.31,-39.225754
1427157666.325,-37.44998
1427157666.341,-35.06639
1427157666.356,-32.25688
1427157666.372,-29.249664
1427157666.388,-26.209091
1427157666.403,-23.158188
1427157666.419,-19.976227
1427157666.435,-16.471474
1427157666.45,-12.4614105
1427157666.466,-7.8620224
1427157666.481,-2.7810287
1427157666.497,2.5214462
1427157666.513,7.7576523
1427157666.528,12.700569
1427157666.544,17.28923
1427157666.56,21.632645
1427157666.575,25.948074
1427157666.591,30.504387
1427157666.606,35.57331
1427157666.622,41.419518
1427157666.638,48.25876
1427157666.653,56.062065
1427157666.669,64.35672
1427157666.685,72.06989
1427157666.7,77.656715
1427157666.716,79.51061
1427157666.731,76.53341
1427157666.747,68.62453
1427157666.763,56.77691
1427157666.778,42.71982
1427157666.794,28.326012
1427157666.81,14.986198
1427157666.825,3.351059
1427157666.841,-6.6207275
1427157666.856,-15.297195
1427157666.872,-23.01265
1427157666.888,-29.826012
1427157666.903,-35.57251
1427157666.919,-40.015945
1427157666.935,-43.053802
1427157666.95,-44.821075
1427157666.966,-45.639946
1427157666.981,-45.90191
1427157666.997,-45.919388
1427157667.013,-45.80333
1427157667.028,-45.49273
1427157667.044,-44.82863
1427157667.06,-43.720245
1427157667.075,-42.17817
1427157667.091,-40.33757
1427157667.106,-38.321938
1427157667.122,-36.209167
1427157667.138,-33.904266
1427157667.153,-31.275368
1427157667.169,-28.194786
1427157667.185,-24.644295
1427157667.2,-20.720581
1427157667.216,-16.541786
1427157667.231,-12.185013
1427157667.247,-7.6149063
1427157667.263,-2.7031174
1427157667.278,2.6406555
1427157667.294,8.377998
1427157667.31,14.273621
1427157667.325,19.96148
1427157667.341,25.105545
1427157667.356,29.59272
1427157667.372,33.610046
1427157667.388,37.65764
1427157667.403,42.347572
1427157667.419,48.19867
1427157667.435,55.270447
1427157667.45,63.046165
1427157667.466,70.345314
1427157667.481,75.577065
1427157667.497,77.19292
1427157667.513,74.18287
1427157667.528,66.44978
1427157667.544,54.91559
1427157667.56,41.18647
1427157667.575,27.030342
1427157667.591,13.787804
1427157667.606,2.1131287
1427157667.622,-8.002304
1427157667.638,-16.846504
1427157667.653,-24.621162
1427157667.669,-31.227768
1427157667.685,-36.349617
1427157667.7,-39.70684
1427157667.716,-41.361137
1427157667.731,-41.710144
1427157667.747,-41.403893
1427157667.763,-41.019333
1427157667.778,-40.855675
1427157667.794,-40.83815
1427157667.81,-40.658493
1427157667.825,-39.96395
1427157667.841,-38.62233
1427157667.856,-36.754173
1427157667.872,-34.690582
1427157667.888,-32.778564
1427157667.903,-31.214127
1427157667.919,-29.915237
1427157667.935,-28.590958
1427157667.95,-26.815277
1427157667.966,-24.204254
1427157667.981,-20.559845
1427157667.997,-15.947556
1427157668.013,-10.653145
1427157668.028,-5.160118
1427157668.044,0.08117676
1427157668.06,4.71875
1427157668.075,8.693581
1427157668.091,12.171257
1427157668.106,15.515316
1427157668.122,19.088531
1427157668.138,23.207226
1427157668.153,28.102463
1427157668.169,33.843075
1427157668.185,40.26519
1427157668.2,46.84889
1427157668.216,52.619896
1427157668.231,56.297707
1427157668.247,56.615032
1427157668.263,52.809177
1427157668.278,44.98813
1427157668.294,34.17068
1427157668.31,21.93433
1427157668.325,9.904881
1427157668.341,-0.80189896
1427157668.356,-9.769691
1427157668.372,-17.151375
1427157668.388,-23.24786
1427157668.403,-28.259148
1427157668.419,-32.103024
1427157668.435,-34.578484
1427157668.45,-35.613102
1427157668.466,-35.446915
1427157668.481,-34.59776
1427157668.497,-33.68903
1427157668.513,-33.17298
1427157668.528,-33.18264
1427157668.544,-33.47056
1427157668.56,-33.643906
1427157668.575,-33.325287
1427157668.591,-32.38198
1427157668.606,-30.88591
1427157668.622,-29.076485
1427157668.638,-27.136332
1427157668.653,-25.140816
1427157668.669,-23.011395
1427157668.685,-20.610268
1427157668.7,-17.772718
1427157668.716,-14.394806
1427157668.731,-10.403953
1427157668.747,-5.777178
1427157668.763,-0.56346464
1427157668.778,5.0685225
1427157668.794,10.827788
1427157668.81,16.346966
1427157668.825,21.338747
1427157668.841,25.687788
1427157668.856,29.544516
1427157668.872,33.242676
1427157668.888,37.238976
1427157668.903,41.93052
1427157668.919,47.554058
1427157668.935,54.035397
1427157668.95,60.87999
1427157668.966,67.162384
1427157668.982,71.631134
1427157668.997,72.98582
1427157669.013,70.35456
1427157669.028,63.61437
1427157669.044,53.546227
1427157669.06,41.57661
1427157669.075,29.286182
1427157669.091,17.879154
1427157669.107,7.9213285
1427157669.122,-0.65000534
1427157669.138,-8.150238
1427157669.153,-14.844332
1427157669.169,-20.72108
1427157669.185,-25.58429
1427157669.2,-29.218851
1427157669.216,-31.624168
1427157669.232,-33.04652
1427157669.247,-33.921707
1427157669.263,-34.662483
1427157669.278,-35.54442
1427157669.294,-36.627796
1427157669.31,-37.804085
1427157669.325,-38.865074
1427157669.341,-39.598083
1427157669.357,-39.816135
1427157669.372,-39.43866
1427157669.388,-38.437958
1427157669.403,-36.89335
1427157669.419,-34.904884
1427157669.435,-32.557877
1427157669.45,-29.8521
1427157669.466,-26.721985
1427157669.482,-23.054588
1427157669.497,-18.785297
1427157669.513,-13.909199
1427157669.528,-8.53307
1427157669.544,-2.815857
1427157669.56,3.0583878
1427157669.575,8.899181
1427157669.591,14.566608
1427157669.607,19.93929
1427157669.622,24.933056
1427157669.638,29.533714
1427157669.653,33.827686
1427157669.669,38.063606
1427157669.685,42.5951
1427157669.7,47.747765
1427157669.716,53.563156
1427157669.732,59.568905
1427157669.747,64.70023
1427157669.763,67.55671
1427157669.778,66.83708
1427157669.794,61.931713
1427157669.81,53.17659
1427157669.825,41.81823
1427157669.841,29.486229
1427157669.857,17.657116
1427157669.872,7.1200714
1427157669.888,-1.9712982
1427157669.903,-9.871693
1427157669.919,-16.802456
1427157669.935,-22.69598
1427157669.95,-27.2645
1427157669.966,-30.248749
1427157669.982,-31.66452
1427157669.997,-31.906696
1427157670.013,-31.57706
1427157670.028,-31.245747
1427157670.044,-31.226448
1427157670.06,-31.50933
1427157670.075,-31.81937
1427157670.091,-31.806694
1427157670.107,-31.178848
1427157670.122,-29.858513
1427157670.138,-27.959808
1427157670.153,-25.742691
1427157670.169,-23.495369
1427157670.185,-21.389717
1427157670.2,-19.42508
1427157670.216,-17.4095
1427157670.232,-15.048378
1427157670.247,-12.060944
1427157670.263,-8.332588
1427157670.278,-3.9369812
1427157670.294,0.8812485
1427157670.31,5.7803345
1427157670.325,10.475349
1427157670.341,14.779839
1427157670.357,18.680786
1427157670.372,22.27642
1427157670.388,25.756828
1427157670.403,29.300987
1427157670.419,33.132927
1427157670.435,37.44123
1427157670.45,42.34794
1427157670.466,47.745453
1427157670.482,53.15432
1427157670.497,57.663445
1427157670.513,60.079285
1427157670.528,59.299965
1427157670.544,54.75679
1427157670.56,46.6706
1427157670.575,36.063866
1427157670.591,24.349052
1427157670.607,12.8689575
1427157670.622,2.5017014
1427157670.638,-6.449394
1427157670.653,-14.06617
1427157670.669,-20.506966
1427157670.685,-25.809471
1427157670.7,-29.843765
1427157670.716,-32.466248
1427157670.732,-33.65497
1427157670.747,-33.64733
1427157670.763,-32.826096
1427157670.778,-31.626915
1427157670.794,-30.386375
1427157670.81,-29.262009
1427157670.825,-28.246025
1427157670.841,-27.26458
1427157670.857,-26.242157
1427157670.872,-25.199661
1427157670.888,-24.241417
1427157670.903,-23.476532
1427157670.919,-22.888542
1427157670.935,-22.268234
1427157670.95,-21.210503
1427157670.966,-19.271408
1427157670.982,-16.175247
1427157670.997,-11.995155
1427157671.013,-7.120125
1427157671.028,-2.1515121
1427157671.044,2.4268646
1427157671.06,6.40184
1427157671.075,9.9728775
1427157671.091,13.5718155
1427157671.107,17.7052
1427157671.122,22.743088
1427157671.138,28.780937
1427157671.153,35.56913
1427157671.169,42.503456
1427157671.185,48.641144
1427157671.2,52.831116
1427157671.216,53.983536
1427157671.232,51.423607
1427157671.247,45.1494
1427157671.263,35.936913
1427157671.278,25.06498
1427157671.294,13.907196
1427157671.31,3.5127106
1427157671.325,-5.6124573
1427157671.341,-13.4325485
1427157671.357,-20.08023
1427157671.372,-25.605362
1427157671.388,-29.857864
1427157671.403,-32.583893
1427157671.419,-33.645996
1427157671.435,-33.225708
1427157671.45,-31.833458
1427157671.466,-30.164322
1427157671.482,-28.85537
1427157671.497,-28.23845
1427157671.513,-28.219574
1427157671.528,-28.396942
1427157671.544,-28.236855
1427157671.56,-27.388863
1427157671.575,-25.786934
1427157671.591,-23.66536
1427157671.607,-21.3359
1427157671.622,-19.019737
1427157671.638,-16.701546
1427157671.654,-14.180679
1427157671.669,-11.176506
1427157671.685,-7.503868
1427157671.7,-3.1627884
1427157671.716,1.623436
1427157671.732,6.5253906
1427157671.747,11.17836
1427157671.763,15.391617
1427157671.778,19.200165
1427157671.794,22.884926
1427157671.81,26.844208
1427157671.825,31.48645
1427157671.841,37.04847
1427157671.857,43.488815
1427157671.872,50.427216
1427157671.888,57.118935
1427157671.904,62.504326
1427157671.919,65.41406
1427157671.935,64.83682
1427157671.95,60.301865
1427157671.966,52.09971
1427157671.982,41.266396
1427157671.997,29.258858
1427157672.013,17.48758
1427157672.029,6.836075
1427157672.044,-2.4437485
1427157672.06,-10.605255
1427157672.075,-17.976723
1427157672.091,-24.680046
1427157672.107,-30.481972
1427157672.122,-35.010124
1427157672.138,-37.990562
1427157672.154,-39.45217
1427157672.169,-39.735977
1427157672.185,-39.34024
1427157672.2,-38.707527
1427157672.216,-38.101105
1427157672.232,-37.560036
1427157672.247,-36.983635
1427157672.263,-36.227547
1427157672.279,-35.199455
1427157672.294,-33.86705
1427157672.31,-32.27392
1427157672.325,-30.494919
1427157672.341,-28.580254
1427157672.357,-26.524185
1427157672.372,-24.219902
1427157672.388,-21.493744
1427157672.404,-18.17846
1427157672.419,-14.142906
1427157672.435,-9.448822
1427157672.45,-4.3050995
1427157672.466,0.93143463
1427157672.482,5.9248886
1427157672.497,10.486465
1427157672.513,14.638733
1427157672.529,18.59784
1427157672.544,22.670197
1427157672.56,27.08081
1427157672.575,31.937706
1427157672.591,37.26042
1427157672.607,43.051422
1427157672.622,49.322266
1427157672.638,55.96821
1427157672.654,62.5624
1427157672.669,68.225586
1427157672.685,71.68763
1427157672.7,71.721725
1427157672.716,67.61507
1427157672.732,59.54226
1427157672.747,48.547318
1427157672.763,36.171448
1427157672.779,23.855576
1427157672.794,12.5186615
1427157672.81,2.4516602
1427157672.825,-6.450348
1427157672.841,-14.328293
1427157672.857,-21.130852
1427157672.872,-26.601677
1427157672.888,-30.499962
1427157672.904,-32.830536
1427157672.919,-33.918793
1427157672.935,-34.31308
1427157672.95,-34.571533
1427157672.966,-35.019142
1427157672.982,-35.686615
1427157672.997,-36.349884
1427157673.013,-36.703766
1427157673.029,-36.542534
1427157673.044,-35.805317
1427157673.06,-34.59748
1427157673.075,-33.091507
1427157673.091,-31.4239
1427157673.107,-29.641327
1427157673.122,-27.706982
1427157673.138,-25.488941
1427157673.154,-22.827915
1427157673.169,-19.54739
1427157673.185,-15.56184
1427157673.2,-10.908966
1427157673.216,-5.834854
1427157673.232,-0.7369766
1427157673.247,3.9455795
1427157673.263,7.963093
1427157673.279,11.348526
1427157673.294,14.45063
1427157673.31,17.729954
1427157673.325,21.59499
1427157673.341,26.252712
1427157673.357,31.710838
1427157673.372,37.74829
1427157673.388,43.95187
1427157673.404,49.604042
1427157673.419,53.700993
1427157673.435,55.105072
1427157673.45,52.902023
1427157673.466,46.812984
1427157673.482,37.423862
1427157673.497,26.033474
1427157673.513,14.227215
1427157673.529,3.2899818
1427157673.544,-6.1409264
1427157673.56,-14.093487
1427157673.575,-20.884129
1427157673.591,-26.795383
1427157673.607,-31.776695
1427157673.622,-35.545284
1427157673.638,-37.76789
1427157673.654,-38.381298
1427157673.669,-37.65823
1427157673.685,-36.186268
1427157673.7,-34.652847
1427157673.716,-33.560604
1427157673.732,-33.106014
1427157673.747,-33.11204
1427157673.763,-33.122997
1427157673.779,-32.709618
1427157673.794,-31.636738
1427157673.81,-29.990173
1427157673.825,-28.063713
1427157673.841,-26.150238
1427157673.857,-24.264744
1427157673.872,-22.122341
1427157673.888,-19.293667
1427157673.904,-15.450119
1427157673.919,-10.616398
1427157673.935,-5.171665
1427157673.95,0.3227234
1427157673.966,5.3711624
1427157673.982,9.766312
1427157673.997,13.636868
1427157674.013,17.345291
1427157674.029,21.336452
1427157674.044,25.974026
1427157674.06,31.434341
1427157674.075,37.704502
1427157674.091,44.59107
1427157674.107,51.707222
1427157674.122,58.465996
1427157674.138,64.042
1427157674.154,67.435104
1427157674.169,67.6805
1427157674.185,64.1183
1427157674.2,56.70323
1427157674.216,46.174477
1427157674.232,33.893555
1427157674.247,21.390213
1427157674.263,9.906269
1427157674.279,-0.0042419434
1427157674.294,-8.449303
1427157674.31,-15.8924675
1427157674.325,-22.692211
1427157674.341,-28.86752
1427157674.357,-34.06541
1427157674.372,-37.831657
1427157674.388,-39.95405
1427157674.404,-40.56521
1427157674.419,-40.133797
1427157674.435,-39.209766
1427157674.45,-38.224686
1427157674.466,-37.38841
1427157674.482,-36.71295
1427157674.497,-36.141197
1427157674.513,-35.618755
1427157674.529,-35.139023
1427157674.544,-34.663338
1427157674.56,-34.0821
1427157674.576,-33.190224
1427157674.591,-31.713345
1427157674.607,-29.47353
1427157674.622,-26.432636
1427157674.638,-22.73782
1427157674.654,-18.663647
1427157674.669,-14.464294
1427157674.685,-10.265106
1427157674.701,-6.001686
1427157674.716,-1.5348396
1427157674.732,3.2604218
1427157674.747,8.341812
1427157674.763,13.533016
1427157674.779,18.589893
1427157674.794,23.309364
1427157674.81,27.596806
1427157674.826,31.52195
1427157674.841,35.267273
1427157674.857,39.13364
1427157674.872,43.518604
1427157674.888,48.798244
1427157674.904,55.1107
1427157674.919,62.074284
1427157674.935,68.67739
1427157674.951,73.399155
1427157674.966,74.668396
1427157674.982,71.507164
1427157674.997,63.897198
1427157675.013,52.860577
1427157675.029,40.021065
1427157675.044,26.995739
1427157675.06,14.8658905
1427157675.076,4.04932
1427157675.091,-5.5366364
1427157675.107,-14.108147
1427157675.122,-21.723248
1427157675.138,-28.211124
1427157675.154,-33.305912
1427157675.169,-36.866463
1427157675.185,-38.973354
1427157675.201,-39.959965
1427157675.216,-40.252304
1427157675.232,-40.23397
1427157675.247,-40.1222
1427157675.263,-39.945076
1427157675.279,-39.62963
1427157675.294,-39.086525
1427157675.31,-38.332493
1427157675.326,-37.429947
1427157675.341,-36.46178
1427157675.357,-35.39932
1427157675.372,-34.113483
1427157675.388,-32.38749
1427157675.404,-30.049599
1427157675.419,-27.049438
1427157675.435,-23.53543
1427157675.451,-19.776257
1427157675.466,-16.042068
1427157675.482,-12.475815
1427157675.497,-9.014946
1427157675.513,-5.3933334
1427157675.529,-1.2921028
1427157675.544,3.4844284
1427157675.56,8.833782
1427157675.576,14.35854
1427157675.591,19.508701
1427157675.607,23.822948
1427157675.622,27.168552
1427157675.638,29.813831
1427157675.654,32.30906
1427157675.669,35.260963
1427157675.685,39.147846
1427157675.701,44.19568
1427157675.716,50.27225
1427157675.732,56.855267
1427157675.747,62.976498
1427157675.763,67.31277
1427157675.779,68.441345
1427157675.794,65.345924
1427157675.81,57.80973
1427157675.826,46.65755
1427157675.841,33.497665
1427157675.857,20.161867
1427157675.872,8.05661
1427157675.888,-2.1775284
1427157675.904,-10.668222
1427157675.919,-17.838615
1427157675.935,-24.041346
1427157675.951,-29.2682
1427157675.966,-33.2528
1427157675.982,-35.757217
1427157675.997,-36.834038
1427157676.013,-36.87143
1427157676.029,-36.483025
1427157676.044,-36.19407
1427157676.06,-36.243156
1427157676.076,-36.53727
1427157676.091,-36.741695
1427157676.107,-36.527534
1427157676.122,-35.77191
1427157676.138,-34.61898
1427157676.154,-33.38233
1427157676.169,-32.348064
1427157676.185,-31.598415
1427157676.201,-30.910767
1427157676.216,-29.894707
1427157676.232,-28.136559
1427157676.247,-25.430117
1427157676.263,-21.803265
1427157676.279,-17.509666
1427157676.294,-12.837109
1427157676.31,-8.041357
1427157676.326,-3.250125
1427157676.341,1.5030489
1427157676.357,6.2189884
1427157676.372,10.921303
1427157676.388,15.679766
1427157676.404,20.651276
1427157676.419,26.1041
1427157676.435,32.257973
1427157676.451,39.128124
1427157676.466,46.258892
1427157676.482,52.69066
1427157676.497,57.10035
1427157676.513,58.268784
1427157676.529,55.506874
1427157676.544,48.978382
1427157676.56,39.666306
1427157676.576,28.984627
1427157676.591,18.250748
1427157676.607,8.291708
1427157676.622,-0.6572232
1427157676.638,-8.727765
1427157676.654,-16.043404
1427157676.669,-22.49657
1427157676.685,-27.706448
1427157676.701,-31.264927
1427157676.716,-32.97691
1427157676.732,-33.06739
1427157676.747,-32.104992
1427157676.763,-30.803686
1427157676.779,-29.792942
1427157676.794,-29.362896
1427157676.81,-29.470566
1427157676.826,-29.78603
1427157676.841,-29.910364
1427157676.857,-29.515095
1427157676.872,-28.469534
1427157676.888,-26.800299
1427157676.904,-24.69678
1427157676.919,-22.369593
1427157676.935,-19.990505
1427157676.951,-17.60101
1427157676.966,-15.135732
1427157676.982,-12.392994
1427157676.997,-9.160728
1427157677.013,-5.308366
1427157677.029,-0.8829241
1427157677.044,3.894516
1427157677.06,8.6707945
1427157677.076,13.183353
1427157677.091,17.341671
1427157677.107,21.3074
1427157677.122,25.387539
1427157677.138,29.93791
1427157677.154,35.21689
1427157677.169,41.34527
1427157677.185,48.18767
1427157677.201,55.278202
1427157677.216,61.78811
1427157677.232,66.54183
1427157677.248,68.286766
1427157677.263,66.12753
1427157677.279,59.854958
1427157677.294,50.156128
1427157677.31,38.35071
1427157677.326,25.969248
1427157677.341,14.1972065
1427157677.357,3.6371295
1427157677.373,-5.6636252
1427157677.388,-13.888679
1427157677.404,-21.125273
1427157677.419,-27.221565
1427157677.435,-31.877077
1427157677.451,-34.86118
1427157677.466,-36.236263
1427157677.482,-36.37359
1427157677.498,-35.82812
1427157677.513,-35.114475
1427157677.529,-34.58211
1427157677.544,-34.298336
1427157677.56,-34.182415
1427157677.576,-34.050503
1427157677.591,-33.7311
1427157677.607,-33.100235
1427157677.623,-32.12087
1427157677.638,-30.823145
1427157677.654,-29.269121
1427157677.669,-27.555069
1427157677.685,-25.709864
1427157677.701,-23.674711
1427157677.716,-21.314882
1427157677.732,-18.413715
1427157677.748,-14.801027
1427157677.763,-10.392622
1427157677.779,-5.2886577
1427157677.794,0.29302883
1427157677.81,6.007865
1427157677.826,11.554886
1427157677.841,16.700916
1427157677.857,21.394173
1427157677.873,25.778372
1427157677.888,30.19189
1427157677.904,35.06517
1427157677.919,40.796196
1427157677.935,47.518475
1427157677.951,54.905853
1427157677.966,62.101646
1427157677.982,67.80325
1427157677.998,70.59997
1427157678.013,69.40617
1427157678.029,63.84554
1427157678.044,54.477173
1427157678.06,42.533962
1427157678.076,29.583832
1427157678.091,16.959942
1427157678.107,5.494442
1427157678.123,-4.603382
1427157678.138,-13.434814
1427157678.154,-21.085335
1427157678.169,-27.45232
1427157678.185,-32.28168
1427157678.201,-35.365948
1427157678.216,-36.774063
1427157678.232,-36.936207
1427157678.248,-36.48462
1427157678.263,-35.99626
1427157678.279,-35.81173
1427157678.294,-35.92885
1427157678.31,-36.12984
1427157678.326,-36.105377
1427157678.341,-35.647842
1427157678.357,-34.70041
1427157678.373,-33.345978
1427157678.388,-31.700617
1427157678.404,-29.923084
1427157678.419,-28.067514
1427157678.435,-26.117004
1427157678.451,-23.961967
1427157678.466,-21.471138
1427157678.482,-18.504107
1427157678.498,-15.015678
1427157678.513,-11.047092
1427157678.529,-6.734482
1427157678.544,-2.2891464
1427157678.56,2.0617104
1427157678.576,6.122387
1427157678.591,9.77219
1427157678.607,13.0685425
1427157678.623,16.197086
1427157678.638,19.481495
1427157678.654,23.278282
1427157678.669,27.911976
1427157678.685,33.508816
1427157678.701,39.87922
1427157678.716,46.43478
1427157678.732,52.204243
1427157678.748,55.99543
1427157678.763,56.71986
1427157678.779,53.726643
1427157678.794,47.090237
1427157678.81,37.572693
1427157678.826,26.42107
1427157678.841,14.905682
1427157678.857,3.9898148
1427157678.873,-5.8517075
1427157678.888,-14.505089
1427157678.904,-22.00882
1427157678.919,-28.297863
1427157678.935,-33.214527
1427157678.951,-36.574512
1427157678.966,-38.40511
1427157678.982,-38.98883
1427157678.998,-38.82719
1427157679.013,-38.435177
1427157679.029,-38.17027
1427157679.044,-38.110115
1427157679.06,-38.129986
1427157679.076,-37.982864
1427157679.091,-37.515377
1427157679.107,-36.70026
1427157679.123,-35.658768
1427157679.138,-34.473743
1427157679.154,-33.114887
1427157679.169,-31.344032
1427157679.185,-28.798885
1427157679.201,-25.159416
1427157679.216,-20.361778
1427157679.232,-14.648544
1427157679.248,-8.517487
1427157679.263,-2.4731178
1427157679.279,3.1686592
1427157679.294,8.440861
1427157679.31,13.681084
1427157679.326,19.39278
1427157679.341,26.014694
1427157679.357,33.75534
1427157679.373,42.40402
1427157679.388,51.286167
1427157679.404,59.253796
1427157679.419,64.92035
1427157679.435,67.01019
1427157679.451,64.80501
1427157679.466,58.39186
1427157679.482,48.712955
1427157679.498,37.1822
1427157679.513,25.247086
1427157679.529,13.9491005
1427157679.544,3.7898407
1427157679.56,-5.155937
1427157679.576,-12.951618
1427157679.591,-19.554024
1427157679.607,-24.78442
1427157679.623,-28.431477
1427157679.638,-30.421883
1427157679.654,-30.905373
1427157679.669,-30.234589
1427157679.685,-28.838745
1427157679.701,-27.091373
1427157679.716,-25.303368
1427157679.732,-23.642838
1427157679.748,-22.201298
1427157679.763,-20.943722
1427157679.779,-19.763512
1427157679.794,-18.474712
1427157679.81,-16.862743
1427157679.826,-14.72982
1427157679.841,-11.932251
1427157679.857,-8.439163
1427157679.873,-4.3514442
1427157679.888,0.11498642
1427157679.904,4.641739
1427157679.92,8.911514
1427157679.935,12.7264595
1427157679.951,16.121979
1427157679.966,19.409073
1427157679.982,23.149235
1427157679.998,27.96175
1427157680.013,34.264538
1427157680.029,41.945873
1427157680.045,50.223072
1427157680.06,57.657578
1427157680.076,62.545357
1427157680.091,63.457813
1427157680.107,59.74705
1427157680.123,51.799747
1427157680.138,40.893913
1427157680.154,28.700417
1427157680.17,16.72932
1427157680.185,5.9101295
1427157680.201,-3.4535828
1427157680.216,-11.486397
1427157680.232,-18.366665
1427157680.248,-24.136833
1427157680.263,-28.651318
1427157680.279,-31.757114
1427157680.295,-33.47299
1427157680.31,-34.036312
1427157680.326,-33.828106
1427157680.341,-33.196404
1427157680.357,-32.32953
1427157680.373,-31.253086
1427157680.388,-29.909985
1427157680.404,-28.289387
1427157680.42,-26.505596
1427157680.435,-24.741493
1427157680.451,-23.165173
1427157680.466,-21.790741
1427157680.482,-20.424225
1427157680.498,-18.732353
1427157680.513,-16.34246
1427157680.529,-13.023254
1427157680.545,-8.751175
1427157680.56,-3.7544327
1427157680.576,1.5926895
1427157680.591,6.9201965
1427157680.607,12.006989
1427157680.623,16.881615
1427157680.638,21.83957
1427157680.654,27.32988
1427157680.67,33.81362
1427157680.685,41.461174
1427157680.701,49.944412
1427157680.716,58.25551
1427157680.732,64.9093
1427157680.748,68.308525
1427157680.763,67.282776
1427157680.779,61.53907
1427157680.795,51.790176
1427157680.81,39.46498
1427157680.826,26.19423
1427157680.841,13.2471695
1427157680.857,1.2592392
1427157680.873,-9.710327
1427157680.888,-19.797798
1427157680.904,-28.985283
1427157680.92,-36.93592
1427157680.935,-43.157997
1427157680.951,-47.290848
1427157680.966,-49.37554
1427157680.982,-49.886536
1427157680.998,-49.565002
1427157681.013,-49.067696
1427157681.029,-48.732643
1427157681.045,-48.469864
1427157681.06,-47.911346
1427157681.076,-46.679443
1427157681.091,-44.621613
1427157681.107,-41.91783
1427157681.123,-39.004143
1427157681.138,-36.31987
1427157681.154,-34.059044
1427157681.17,-32.009033
1427157681.185,-29.650276
1427157681.201,-26.348694
1427157681.216,-21.757133
1427157681.232,-15.953751
1427157681.248,-9.476913
1427157681.263,-3.0445175
1427157681.279,2.754486
1427157681.295,7.7422485
1427157681.31,12.182968
1427157681.326,16.61515
1427157681.341,21.595741
1427157681.357,27.475784
1427157681.373,34.369743
1427157681.388,42.13414
1427157681.404,50.378914
1427157681.42,58.414467
1427157681.435,65.208405
1427157681.451,69.49834
1427157681.466,70.08502
1427157681.482,66.33807
1427157681.498,58.428444
1427157681.513,47.3907
1427157681.529,34.692337
1427157681.545,21.752563
1427157681.56,9.484383
1427157681.576,-1.7639084
1427157681.591,-12.012657
1427157681.607,-21.279411
1427157681.623,-29.35154
1427157681.638,-35.81845
1427157681.654,-40.295532
1427157681.67,-42.689568
1427157681.685,-43.337685
1427157681.701,-42.8758
1427157681.716,-42.01458
1427157681.732,-41.23419
1427157681.748,-40.693855
1427157681.763,-40.204247
1427157681.779,-39.45981
1427157681.795,-38.23857
1427157681.81,-36.56182
1427157681.826,-34.69065
1427157681.841,-32.96949
1427157681.857,-31.597214
1427157681.873,-30.447144
1427157681.888,-29.076263
1427157681.904,-26.868942
1427157681.92,-23.352669
1427157681.935,-18.44944
1427157681.951,-12.531181
1427157681.966,-6.319847
1427157681.982,-0.55844116
1427157681.998,4.267685
1427157682.013,8.147621
1427157682.029,11.503159
1427157682.045,15.002869
1427157682.06,19.251808
1427157682.076,24.642967
1427157682.091,31.20253
1427157682.107,38.62879
1427157682.123,46.282608
1427157682.138,53.23877
1427157682.154,58.35565
1427157682.17,60.490303
1427157682.185,58.80706
1427157682.201,53.11048
1427157682.216,43.990326
1427157682.232,32.669594
1427157682.248,20.575485
1427157682.263,8.902672
1427157682.279,-1.7303467
1427157682.295,-11.218147
1427157682.31,-19.69159
1427157682.326,-27.168045
1427157682.341,-33.425926
1427157682.357,-38.100082
1427157682.373,-40.964615
1427157682.388,-42.155563
1427157682.404,-42.205833
1427157682.42,-41.7912
1427157682.435,-41.482155
1427157682.451,-41.467392
1427157682.466,-41.544044
1427157682.482,-41.294518
1427157682.498,-40.361702
1427157682.513,-38.6529
1427157682.529,-36.428703
1427157682.545,-34.095566
1427157682.56,-32.021652
1427157682.576,-30.26384
1427157682.592,-28.536919
1427157682.607,-26.311943
1427157682.623,-23.09105
1427157682.638,-18.618904
1427157682.654,-13.003677
1427157682.67,-6.6955414
1427157682.685,-0.27000427
1427157682.701,5.7657394
1427157682.716,11.146515
1427157682.732,15.902107
1427157682.748,20.270355
1427157682.763,24.621387
1427157682.779,29.342983
1427157682.795,34.768147
1427157682.81,41.08644
1427157682.826,48.25321
1427157682.842,55.81582
1427157682.857,62.8438
1427157682.873,68.04761
1427157682.888,70.093124
1427157682.904,68.03162
1427157682.92,61.72868
1427157682.935,51.91544
1427157682.951,39.981823
1427157682.967,27.46371
1427157682.982,15.55941
1427157682.998,4.8379173
1427157683.013,-4.6529655
1427157683.029,-13.101795
1427157683.045,-20.610043
1427157683.06,-27.059662
1427157683.076,-32.1878
1427157683.092,-35.831177
1427157683.107,-38.042282
1427157683.123,-39.143845
1427157683.138,-39.567657
1427157683.154,-39.671646
1427157683.17,-39.647858
1427157683.185,-39.53211
1427157683.201,-39.28591
1427157683.217,-38.92986
1427157683.232,-38.545425
1427157683.248,-38.21992
1427157683.263,-37.98607
1427157683.279,-37.746037
1427157683.295,-37.259506
1427157683.31,-36.28044
1427157683.326,-34.601997
1427157683.342,-32.1524
1427157683.357,-29.02035
1427157683.373,-25.386951
1427157683.388,-21.450237
1427157683.404,-17.339287
1427157683.42,-13.074891
1427157683.435,-8.563365
1427157683.451,-3.6736405
1427157683.467,1.6368768
1427157683.482,7.282459
1427157683.498,13.057634
1427157683.513,18.710623
1427157683.529,24.038223
1427157683.545,29.045424
1427157683.56,33.901955
1427157683.576,38.936184
1427157683.592,44.50182
1427157683.607,50.847233
1427157683.623,57.925095
1427157683.638,65.248436
1427157683.654,71.84446
1427157683.67,76.37343
1427157683.685,77.498146
1427157683.701,74.35971
1427157683.717,66.88904
1427157683.732,55.925346
1427157683.748,42.932404
1427157683.763,29.501434
1427157683.779,16.836771
1427157683.795,5.528864
1427157683.81,-4.434452
1427157683.826,-13.352657
1427157683.842,-21.423191
1427157683.857,-28.589634
1427157683.873,-34.50772
1427157683.888,-38.796135
1427157683.904,-41.27652
1427157683.92,-42.09928
1427157683.935,-41.753372
1427157683.951,-40.83547
1427157683.967,-39.84124
1427157683.982,-38.973885
1427157683.998,-38.182938
1427157684.013,-37.23609
1427157684.029,-35.975014
1427157684.045,-34.357086
1427157684.06,-32.461918
1427157684.076,-30.38042
1427157684.092,-28.132393
1427157684.107,-25.656597
1427157684.123,-22.885021
1427157684.138,-19.822193
1427157684.154,-16.55117
1427157684.17,-13.142666
1427157684.185,-9.574646
1427157684.201,-5.692787
1427157684.217,-1.3188782
1427157684.232,3.640709
1427157684.248,9.035118
1427157684.263,14.548759
1427157684.279,19.77008
1427157684.295,24.432098
1427157684.31,28.50541
1427157684.326,32.233948
1427157684.342,36.04812
1427157684.357,40.401215
1427157684.373,45.60344
1427157684.388,51.708466
1427157684.404,58.352226
1427157684.42,64.75309
1427157684.435,69.77701
1427157684.451,72.20711
1427157684.467,71.06689
1427157684.482,65.976715
1427157684.498,57.291283
1427157684.513,46.063652
1427157684.529,33.66858
1427157684.545,21.419174
1427157684.56,10.209488
1427157684.576,0.42090607
1427157684.592,-7.9482956
1427157684.607,-15.036827
1427157684.623,-20.907143
1427157684.638,-25.46241
1427157684.654,-28.575768
1427157684.67,-30.259048
1427157684.685,-30.761917
1427157684.701,-30.522537
1427157684.717,-30.055237
1427157684.732,-29.70327
1427157684.748,-29.614166
1427157684.763,-29.679214
1427157684.779,-29.725029
1427157684.795,-29.624878
1427157684.81,-29.3908
1427157684.826,-29.140831
1427157684.842,-28.947617
1427157684.857,-28.7501
1427157684.873,-28.281235
1427157684.888,-27.140266
1427157684.904,-24.971207
1427157684.92,-21.634766
1427157684.935,-17.30133
1427157684.951,-12.385109
1427157684.967,-7.411583
1427157684.982,-2.774353
1427157684.998,1.3844757
1427157685.013,5.2546616
1427157685.029,9.207115
1427157685.045,13.685455
1427157685.06,19.022026
1427157685.076,25.334084
1427157685.092,32.42048
1427157685.107,39.70951
1427157685.123,46.262184
1427157685.138,50.919243
1427157685.154,52.588654
1427157685.17,50.62361
1427157685.185,45.056953
1427157685.201,36.67131
1427157685.217,26.68782
1427157685.232,16.393951
1427157685.248,6.7117615
1427157685.264,-1.9407349
1427157685.279,-9.561836
1427157685.295,-16.275932
1427157685.31,-22.0792
1427157685.326,-26.79055
1427157685.342,-30.10257
1427157685.357,-31.831451
1427157685.373,-32.078247
1427157685.388,-31.248962
1427157685.404,-29.903008
1427157685.42,-28.58004
1427157685.435,-27.584404
1427157685.451,-26.91903
1427157685.467,-26.371597
1427157685.482,-25.655357
1427157685.498,-24.645096
1427157685.514,-23.384468
1427157685.529,-22.080978
1427157685.545,-20.918968
1427157685.56,-19.967781
1427157685.576,-19.062569
1427157685.592,-17.893257
1427157685.607,-16.130234
1427157685.623,-13.545799
1427157685.639,-10.106483
1427157685.654,-5.9901657
1427157685.67,-1.4957657
1427157685.685,3.035904
1427157685.701,7.345291
1427157685.717,11.294128
1427157685.732,14.939697
1427157685.748,18.489471
1427157685.764,22.261063
1427157685.779,26.569077
1427157685.795,31.675797
1427157685.81,37.6606
1427157685.826,44.359314
1427157685.842,51.269867
1427157685.857,57.53665
1427157685.873,62.038177
1427157685.889,63.633347
1427157685.904,61.55304
1427157685.92,55.67238
1427157685.935,46.642853
1427157685.951,35.6902
1427157685.967,24.2184
1427157685.982,13.373596
1427157685.998,3.766693
1427157686.014,-4.483536
1427157686.029,-11.575195
1427157686.045,-17.68489
1427157686.06,-22.88884
1427157686.076,-27.075882
1427157686.092,-30.125854
1427157686.107,-32.007416
1427157686.123,-32.876846
1427157686.139,-33.016617
1427157686.154,-32.757706
1427157686.17,-32.396225
1427157686.185,-32.075485
1427157686.201,-31.821411
1427157686.217,-31.53743
1427157686.232,-31.099823
1427157686.248,-30.428497
1427157686.264,-29.504166
1427157686.279,-28.368484
1427157686.295,-27.052353
1427157686.31,-25.569473
1427157686.326,-23.8553
1427157686.342,-21.85492
1427157686.357,-19.498032
1427157686.373,-16.759064
1427157686.389,-13.60878
1427157686.404,-10.031128
1427157686.42,-5.999298
1427157686.435,-1.5438843
1427157686.451,3.205246
1427157686.467,8.02269
1427157686.482,12.644821
1427157686.498,16.872086
1427157686.514,20.66307
1427157686.529,24.11914
1427157686.545,27.496796
1427157686.56,31.075195
1427157686.576,35.158585
1427157686.592,39.96237
1427157686.607,45.589203
1427157686.623,51.82112
1427157686.639,58.018616
1427157686.654,63.078278
1427157686.67,65.69714
1427157686.685,64.75456
1427157686.701,59.78325
1427157686.717,51.216263
1427157686.732,40.255264
1427157686.748,28.467178
1427157686.764,17.20958
1427157686.779,7.2842712
1427157686.795,-1.154007
1427157686.81,-8.355103
1427157686.826,-14.619598
1427157686.842,-20.05449
1427157686.857,-24.529938
1427157686.873,-27.83609
1427157686.889,-29.861633
1427157686.904,-30.770523
1427157686.92,-30.926605
1427157686.935,-30.787048
1427157686.951,-30.683258
1427157686.967,-30.729156
1427157686.982,-30.798569
1427157686.998,-30.661728
1427157687.014,-30.131393
1427157687.029,-29.152054
1427157687.045,-27.782074
1427157687.06,-26.132462
1427157687.076,-24.244766
1427157687.092,-22.12645
1427157687.107,-19.759766
1427157687.123,-17.19487
1427157687.139,-14.561935
1427157687.154,-11.994812
1427157687.17,-9.505493
1427157687.185,-6.970932
1427157687.201,-4.162918
1427157687.217,-0.87498474
1427157687.232,2.938675
1427157687.248,7.0989227
1427157687.264,11.283249
1427157687.279,15.147156
1427157687.295,18.477722
1427157687.31,21.273026
1427157687.326,23.724289
1427157687.342,26.169876
1427157687.357,29.024536
1427157687.373,32.6559
1427157687.389,37.291565
1427157687.404,42.82538
1427157687.42,48.717163
1427157687.435,53.928207
1427157687.451,57.15892
1427157687.467,57.19693
1427157687.482,53.37857
1427157687.498,45.85237
1427157687.514,35.598938
1427157687.529,24.025192
1427157687.545,12.542084
1427157687.56,2.1128845
1427157687.576,-6.8540497
1427157687.592,-14.36792
1427157687.607,-20.572525
1427157687.623,-25.503754
1427157687.639,-29.027893
1427157687.654,-31.021744
1427157687.67,-31.521622
1427157687.685,-30.850708
1427157687.701,-29.533005
1427157687.717,-28.146423
1427157687.732,-27.079391
1427157687.748,-26.45047
1427157687.764,-26.1371
1427157687.779,-25.877014
1427157687.795,-25.441406
1427157687.81,-24.747696
1427157687.826,-23.881073
1427157687.842,-23.017883
1427157687.857,-22.315918
1427157687.873,-21.792694
1427157687.889,-21.249512
1427157687.904,-20.311218
1427157687.92,-18.570969
1427157687.935,-15.7677
1427157687.951,-11.926239
1427157687.967,-7.377014
1427157687.982,-2.6503143
1427157687.998,1.7218323
1427157688.014,5.460907
1427157688.029,8.600662
1427157688.045,11.494751
1427157688.06,14.6145935
1427157688.076,18.394989
1427157688.092,23.124023
1427157688.107,28.880333
1427157688.123,35.514267
1427157688.139,42.62114
1427157688.154,49.477936
1427157688.17,55.073097
1427157688.186,58.260956
1427157688.201,58.105194
1427157688.217,54.16268
1427157688.232,46.763092
1427157688.248,36.89216
1427157688.264,25.935204
1427157688.279,15.190811
1427157688.295,5.575653
1427157688.311,-2.5933533
1427157688.326,-9.446884
1427157688.342,-15.310783
1427157688.357,-20.417007
1427157688.373,-24.796616
1427157688.389,-28.292557
1427157688.404,-30.74141
1427157688.42,-32.134018
1427157688.436,-32.666016
1427157688.451,-32.692818
1427157688.467,-32.55253
1427157688.482,-32.442818
1427157688.498,-32.40795
1427157688.514,-32.357468
1427157688.529,-32.198112
1427157688.545,-31.846893
1427157688.561,-31.297432
1427157688.576,-30.501122
1427157688.592,-29.386429
1427157688.607,-27.822716
1427157688.623,-25.713058
1427157688.639,-23.072906
1427157688.654,-20.02871
1427157688.67,-16.758392
1427157688.686,-13.460884
1427157688.701,-10.219475
1427157688.717,-6.9757385
1427157688.732,-3.588791
1427157688.748,0.11759186
1427157688.764,4.258629
1427157688.779,8.759926
1427157688.795,13.395805
1427157688.811,17.813667
1427157688.826,21.698494
1427157688.842,24.941109
1427157688.857,27.7294
1427157688.873,30.509094
1427157688.889,33.876495
1427157688.904,38.339684
1427157688.92,44.120422
1427157688.936,50.976128
1427157688.951,58.13079
1427157688.967,64.33355
1427157688.982,68.17389
1427157688.998,68.44007
1427157689.014,64.52533
1427157689.029,56.642822
1427157689.045,45.78505
1427157689.061,33.369705
1427157689.076,20.825035
1427157689.092,9.177452
1427157689.107,-1.0587921
1427157689.123,-9.809128
1427157689.139,-17.183693
1427157689.154,-23.28823
1427157689.17,-28.073074
1427157689.186,-31.478867
1427157689.201,-33.539406
1427157689.217,-34.473846
1427157689.232,-34.67871
1427157689.248,-34.604156
1427157689.264,-34.607925
1427157689.279,-34.85563
1427157689.295,-35.31253
1427157689.311,-35.81208
1427157689.326,-36.175056
1427157689.342,-36.281296
1427157689.357,-36.082886
1427157689.373,-35.55181
1427157689.389,-34.646957
1427157689.404,-33.297615
1427157689.42,-31.417976
1427157689.436,-28.99356
1427157689.451,-26.08023
1427157689.467,-22.808472
1427157689.482,-19.291656
1427157689.498,-15.597218
1427157689.514,-11.683151
1427157689.529,-7.485306
1427157689.545,-2.9495773
1427157689.561,1.8744736
1427157689.576,6.8743973
1427157689.592,11.873058
1427157689.607,16.709545
1427157689.623,21.272491
1427157689.639,25.528305
1427157689.654,29.509499
1427157689.67,33.37814
1427157689.686,37.44431
1427157689.701,42.110268
1427157689.717,47.62203
1427157689.732,53.813667
1427157689.748,59.9076
1427157689.764,64.564606
1427157689.779,66.2685
1427157689.795,63.93497
1427157689.811,57.344433
1427157689.826,47.32714
1427157689.842,35.41625
1427157689.857,23.252777
1427157689.873,12.033863
1427157689.889,2.2432938
1427157689.904,-6.2165527
1427157689.92,-13.649868
1427157689.936,-20.202663
1427157689.951,-25.733532
1427157689.967,-29.891712
1427157689.982,-32.399162
1427157689.998,-33.303696
1427157690.014,-33.022835
1427157690.029,-32.234657
1427157690.045,-31.632523
1427157690.061,-31.67398
1427157690.076,-32.39405
1427157690.092,-33.50993
1427157690.107,-34.55153
1427157690.123,-35.16141
1427157690.139,-35.1939
1427157690.154,-34.77159
1427157690.17,-34.121994
1427157690.186,-33.424965
1427157690.201,-32.653046
1427157690.217,-31.570183
1427157690.232,-29.839748
1427157690.248,-27.165974
1427157690.264,-23.424366
1427157690.279,-18.753454
1427157690.295,-13.491233
1427157690.311,-8.051802
1427157690.326,-2.7722068
1427157690.342,2.205422
1427157690.357,6.9601717
1427157690.373,11.681299
1427157690.389,16.527912
1427157690.404,21.579712
1427157690.42,26.830723
1427157690.436,32.303387
1427157690.451,38.145336
1427157690.467,44.424343
1427157690.482,50.987576
1427157690.498,57.1706
1427157690.514,61.871296
1427157690.529,63.804115
1427157690.545,62.020893
1427157690.561,56.253723
1427157690.576,47.093754
1427157690.592,35.763367
1427157690.607,23.642628
1427157690.623,11.869167
1427157690.639,1.127408
1427157690.654,-8.3944645
1427157690.67,-16.741398
1427157690.686,-23.983345
1427157690.701,-30.029087
1427157690.717,-34.64102
1427157690.732,-37.556564
1427157690.748,-38.76137
1427157690.764,-38.5163
1427157690.779,-37.419502
1427157690.795,-36.20015
1427157690.811,-35.454346
1427157690.826,-35.411087
1427157690.842,-35.95483
1427157690.858,-36.730553
1427157690.873,-37.35907
1427157690.889,-37.62323
1427157690.904,-37.421555
1427157690.92,-36.727135
1427157690.936,-35.52909
1427157690.951,-33.784485
1427157690.967,-31.520802
1427157690.983,-28.829426
1427157690.998,-25.849749
1427157691.014,-22.685175
1427157691.029,-19.32869
1427157691.045,-15.626867
1427157691.061,-11.427134
1427157691.076,-6.6412334
1427157691.092,-1.3297501
1427157691.108,4.316639
1427157691.123,10.031925
1427157691.139,15.585438
1427157691.154,20.82098
1427157691.17,25.690346
1427157691.186,30.262444
1427157691.201,34.734043
1427157691.217,39.422016
1427157691.233,44.733795
1427157691.248,50.948696
1427157691.264,58.022274
1427157691.279,65.33075
1427157691.295,71.69111
1427157691.311,75.58186
1427157691.326,75.66797
1427157691.342,71.27765
1427157691.358,62.69207
1427157691.373,51.066902
1427157691.389,37.979645
1427157691.404,24.851257
1427157691.42,12.553955
1427157691.436,1.3551254
1427157691.451,-8.846291
1427157691.467,-18.117344
1427157691.483,-26.281109
1427157691.498,-32.965595
1427157691.514,-37.821312
1427157691.529,-40.809788
1427157691.545,-42.27966
1427157691.561,-42.848003
1427157691.576,-43.144787
1427157691.592,-43.60505
1427157691.608,-44.303772
1427157691.623,-45.059505
1427157691.639,-45.620384
1427157691.654,-45.809185
1427157691.67,-45.637756
1427157691.686,-45.263237
1427157691.701,-44.890583
1427157691.717,-44.590137
1427157691.733,-44.27957
1427157691.748,-43.706367
1427157691.764,-42.56675
1427157691.779,-40.652912
1427157691.795,-37.91785
1427157691.811,-34.481167
1427157691.826,-30.569138
1427157691.842,-26.381062
1427157691.858,-22.057098
1427157691.873,-17.669739
1427157691.889,-13.251354
1427157691.904,-8.806309
1427157691.92,-4.31831
1427157691.936,0.27024078
1427157691.951,5.0373344
1427157691.967,10.008739
1427157691.983,15.100365
1427157691.998,20.099781
1427157692.014,24.765594
1427157692.029,28.956413
1427157692.045,32.746426
1427157692.061,36.4283
1427157692.076,40.418545
1427157692.092,45.121685
1427157692.108,50.821247
1427157692.123,57.58616
1427157692.139,65.14165
1427157692.154,72.762146
1427157692.17,79.25348
1427157692.186,83.122574
1427157692.201,82.99948
1427157692.217,78.18378
1427157692.233,68.964676
1427157692.248,56.568077
1427157692.264,42.69275
1427157692.279,28.898647
1427157692.295,16.12564
1427157692.311,4.6476593
1427157692.326,-5.6403465
1427157692.342,-14.827839
1427157692.358,-22.747978
1427157692.373,-29.042995
1427157692.389,-33.43043
1427157692.404,-35.894485
1427157692.42,-36.80681
1427157692.436,-36.78253
1427157692.451,-36.468987
1427157692.467,-36.347885
1427157692.483,-36.61522
1427157692.498,-37.233078
1427157692.514,-38.00151
1427157692.529,-38.699867
1427157692.545,-39.162804
1427157692.561,-39.326225
1427157692.576,-39.169907
1427157692.592,-38.617195
1427157692.608,-37.530937
1427157692.623,-35.771423
1427157692.639,-33.289223
1427157692.654,-30.25695
1427157692.67,-27.000465
1427157692.686,-23.882866
1427157692.701,-21.091118
1427157692.717,-18.542366
1427157692.733,-15.886887
1427157692.748,-12.715553
1427157692.764,-8.769875
1427157692.779,-4.0577316
1427157692.795,1.1514587
1427157692.811,6.442787
1427157692.826,11.481575
1427157692.842,16.082619
1427157692.858,20.28563
1427157692.873,24.290192
1427157692.889,28.428574
1427157692.904,33.073837
1427157692.92,38.555298
1427157692.936,44.976196
1427157692.951,52.017593
1427157692.967,58.792892
1427157692.983,63.961494
1427157692.998,66.04241
1427157693.014,63.941498
1427157693.029,57.380943
1427157693.045,47.051422
1427157693.061,34.38408
1427157693.076,21.04145
1427157693.092,8.338242
1427157693.108,-2.9885101
1427157693.123,-12.787537
1427157693.139,-21.160545
1427157693.154,-28.181908
1427157693.17,-33.743042
1427157693.186,-37.64688
1427157693.201,-39.77153
1427157693.217,-40.26803
1427157693.233,-39.580643
1427157693.248,-38.340797
1427157693.264,-37.18576
1427157693.279,-36.570457
1427157693.295,-36.622444
1427157693.311,-37.158638
1427157693.326,-37.745018
1427157693.342,-37.928818
1427157693.358,-37.357994
1427157693.373,-35.994873
1427157693.389,-34.069977
1427157693.404,-31.931252
1427157693.42,-29.853188
1427157693.436,-27.849632
1427157693.451,-25.606796
1427157693.467,-22.684242
1427157693.483,-18.707375
1427157693.498,-13.604958
1427157693.514,-7.6343155
1427157693.53,-1.2800064
1427157693.545,4.9679947
1427157693.561,10.802864
1427157693.576,16.182823
1427157693.592,21.23822
1427157693.608,26.199478
1427157693.623,31.266968
1427157693.639,36.633568
1427157693.654,42.497772
1427157693.67,49.000603
1427157693.686,56.016464
1427157693.701,62.99375
1427157693.717,68.87239
1427157693.733,72.288666
1427157693.748,71.99128
1427157693.764,67.34457
1427157693.78,58.652077
1427157693.795,47.052803
1427157693.811,34.13488
1427157693.826,21.378036
1427157693.842,9.694496
1427157693.858,-0.65052795
1427157693.873,-9.815689
1427157693.889,-18.030205
1427157693.905,-25.24965
1427157693.92,-31.177765
1427157693.936,-35.45198
1427157693.951,-37.936348
1427157693.967,-38.913033
1427157693.983,-38.97689
1427157693.998,-38.79605
1427157694.014,-38.808098
1427157694.03,-39.113953
1427157694.045,-39.485237
1427157694.061,-39.589775
1427157694.076,-39.2073
1427157694.092,-38.32672
1427157694.108,-37.093384
1427157694.123,-35.684265
1427157694.139,-34.22306
1427157694.155,-32.688965
1427157694.17,-30.958748
1427157694.186,-28.859169
1427157694.201,-26.178307
1427157694.217,-22.768723
1427157694.233,-18.530487
1427157694.248,-13.518875
1427157694.264,-7.905693
1427157694.28,-1.9057693
1427157694.295,4.2471924
1427157694.311,10.376404
1427157694.326,16.394257
1427157694.342,22.276161
1427157694.358,28.026077
1427157694.373,33.72986
1427157694.389,39.55622
1427157694.405,45.772568
1427157694.42,52.58911
1427157694.436,59.958138
1427157694.451,67.35421
1427157694.467,73.69917
1427157694.483,77.6011
1427157694.498,77.733765
1427157694.514,73.36531
1427157694.53,64.631996
1427157694.545,52.571472
1427157694.561,38.770645
1427157694.576,24.88324
1427157694.592,12.097618
1427157694.608,0.9625397
1427157694.623,-8.548882
1427157694.639,-16.764503
1427157694.655,-23.900902
1427157694.67,-29.920761
1427157694.686,-34.599777
1427157694.701,-37.728317
1427157694.717,-39.36474
1427157694.733,-39.904716
1427157694.748,-39.9914
1427157694.764,-40.234673
1427157694.78,-40.932053
1427157694.795,-41.983093
1427157694.811,-42.96247
1427157694.826,-43.374397
1427157694.842,-42.89361
1427157694.858,-41.53598
1427157694.873,-39.590607
1427157694.889,-37.42936
1427157694.905,-35.32807
1427157694.92,-33.308846
1427157694.936,-31.119797
1427157694.951,-28.38263
1427157694.967,-24.761719
1427157694.983,-20.090576
1427157694.998,-14.482353
1427157695.014,-8.30497
1427157695.03,-2.005272
1427157695.045,4.0202026
1427157695.061,9.564133
1427157695.076,14.666443
1427157695.092,19.52272
1427157695.108,24.430908
1427157695.123,29.688835
1427157695.139,35.582848
1427157695.155,42.328873
1427157695.17,49.974648
1427157695.186,58.20909
1427157695.201,66.20111
1427157695.217,72.63313
1427157695.233,75.97896
1427157695.248,75.0258
1427157695.264,69.34864
1427157695.28,59.559013
1427157695.295,47.108826
1427157695.311,33.74341
1427157695.326,20.930847
1427157695.342,9.451202
1427157695.358,-0.598114
1427157695.373,-9.509781
1427157695.389,-17.543518
1427157695.405,-24.667755
1427157695.42,-30.603165
1427157695.436,-35.047134
1427157695.451,-37.92398
1427157695.467,-39.515503
1427157695.483,-40.349915
1427157695.498,-40.94983
1427157695.514,-41.59749
1427157695.53,-42.232086
1427157695.545,-42.563705
1427157695.561,-42.31079
1427157695.576,-41.376373
1427157695.592,-39.949127
1427157695.608,-38.39853
1427157695.623,-37.040146
1427157695.639,-35.9532
1427157695.655,-34.893555
1427157695.67,-33.398483
1427157695.686,-30.984009
1427157695.701,-27.349472
1427157695.717,-22.521591
1427157695.733,-16.848022
1427157695.748,-10.871796
1427157695.764,-5.1317596
1427157695.78,0.038497925
1427157695.795,4.6305084
1427157695.811,8.93219
1427157695.826,13.451141
1427157695.842,18.740204
1427157695.858,25.194702
1427157695.873,32.897858
1427157695.889,41.45282
1427157695.905,49.929703
1427157695.92,56.97879
1427157695.936,61.14038
1427157695.951,61.285385
1427157695.967,57.033356
1427157695.983,48.932816
1427157695.998,38.215622
1427157696.014,26.386993
1427157696.03,14.702423
1427157696.045,3.8678894
1427157696.061,-5.955475
1427157696.076,-14.862473
1427157696.092,-22.916763
1427157696.108,-29.952515
1427157696.123,-35.597656
1427157696.139,-39.475586
1427157696.155,-41.422714
1427157696.17,-41.608597
1427157696.186,-40.52661
1427157696.202,-38.851532
1427157696.217,-37.23645
1427157696.233,-36.117325
1427157696.248,-35.638092
1427157696.264,-35.591507
1427157696.28,-35.65985
1427157696.295,-35.48915
1427157696.311,-34.90001
1427157696.326,-33.89212
1427157696.342,-32.55124
1427157696.358,-30.914581
1427157696.373,-28.937683
1427157696.389,-26.462738
1427157696.405,-23.324173
1427157696.42,-19.43689
1427157696.436,-14.8695755
1427157696.452,-9.808548
1427157696.467,-4.558098
1427157696.483,0.58691406
1427157696.498,5.4078445
1427157696.514,9.871506
1427157696.53,14.11972
1427157696.545,18.47828
1427157696.561,23.225136
1427157696.577,28.495216
1427157696.592,34.261444
1427157696.608,40.40335
1427157696.623,46.817245
1427157696.639,53.416786
1427157696.655,59.9347
1427157696.67,65.741974
1427157696.686,69.76346
1427157696.702,70.7246
1427157696.717,67.6838
1427157696.733,60.49581
1427157696.748,49.945496
1427157696.764,37.517326
1427157696.78,24.771576
1427157696.795,12.841263
1427157696.811,2.157692
1427157696.827,-7.3666534
1427157696.842,-15.967651
1427157696.858,-23.696823
1427157696.873,-30.300072
1427157696.889,-35.392036
1427157696.905,-38.708504
1427157696.92,-40.321587
1427157696.936,-40.652153
1427157696.952,-40.309624
1427157696.967,-39.86698
1427157696.983,-39.623993
1427157696.998,-39.5785
1427157697.014,-39.453857
1427157697.03,-38.94883
1427157697.045,-37.87433
1427157697.061,-36.26358
1427157697.077,-34.30963
1427157697.092,-32.219482
1427157697.108,-30.120728
1427157697.123,-28.020813
1427157697.139,-25.816086
1427157697.155,-23.36689
1427157697.17,-20.505836
1427157697.186,-17.074677
1427157697.202,-12.945831
1427157697.217,-8.067764
1427157697.233,-2.5425797
1427157697.248,3.3789597
1427157697.264,9.343132
1427157697.28,15.010803
1427157697.295,20.181824
1427157697.311,24.843636
1427157697.327,29.12056
1427157697.342,33.281708
1427157697.358,37.65744
1427157697.373,42.580254
1427157697.389,48.32586
1427157697.405,54.85919
1427157697.42,61.69391
1427157697.436,67.77544
1427157697.452,71.72362
1427157697.467,72.22565
1427157697.483,68.5563
1427157697.498,60.862823
1427157697.514,50.131424
1427157697.53,37.800262
1427157697.545,25.257553
1427157697.561,13.431557
1427157697.577,2.7072983
1427157697.592,-6.9367905
1427157697.608,-15.597397
1427157697.623,-23.251373
1427157697.639,-29.634628
1427157697.655,-34.41604
1427157697.67,-37.381264
1427157697.686,-38.62639
1427157697.702,-38.600533
1427157697.717,-37.958733
1427157697.733,-37.361595
1427157697.748,-37.19686
1427157697.764,-37.428673
1427157697.78,-37.73342
1427157697.795,-37.66236
1427157697.811,-36.948273
1427157697.827,-35.641754
1427157697.842,-34.025604
1427157697.858,-32.436043
1427157697.873,-30.985313
1427157697.889,-29.467583
1427157697.905,-27.436287
1427157697.92,-24.411438
1427157697.936,-20.149536
1427157697.952,-14.780495
1427157697.967,-8.826134
1427157697.983,-2.968872
1427157697.998,2.1790848
1427157698.014,6.369362
1427157698.03,9.843864
1427157698.045,13.197445
1427157698.061,17.121979
1427157698.077,22.116516
1427157698.092,28.315826
1427157698.108,35.521114
1427157698.123,43.16538
1427157698.139,50.451782
1427157698.155,56.340233
1427157698.17,59.690643
1427157698.186,59.530643
1427157698.202,55.385117
1427157698.217,47.55652
1427157698.233,37.118042
1427157698.248,25.524372
1427157698.264,14.128948
1427157698.28,3.7011223
1427157698.295,-5.5770416
1427157698.311,-13.914997
1427157698.327,-21.454803
1427157698.342,-28.01773
1427157698.358,-33.19615
1427157698.373,-36.60631
1427157698.389,-38.191555
1427157698.405,-38.29365
1427157698.42,-37.516106
1427157698.436,-36.476334
1427157698.452,-35.574303
1427157698.467,-34.948475
1427157698.483,-34.47683
1427157698.498,-33.951065
1427157698.514,-33.16319
1427157698.53,-32.059105
1427157698.545,-30.678455
1427157698.561,-29.147148
1427157698.577,-27.480755
1427157698.592,-25.54832
1427157698.608,-23.030338
1427157698.623,-19.6214
1427157698.639,-15.176966
1427157698.655,-9.869272
1427157698.67,-4.1569176
1427157698.686,1.3936005
1427157698.702,6.350178
1427157698.717,10.554918
1427157698.733,14.196146
1427157698.748,17.687786
1427157698.764,21.534351
1427157698.78,26.207226
1427157698.795,32.08925
1427157698.811,39.305782
1427157698.827,47.54962
1427157698.842,55.962364
1427157698.858,63.18734
1427157698.873,67.65589
1427157698.889,68.13685
1427157698.905,64.16799
1427157698.92,56.27076
1427157698.936,45.689606
1427157698.952,33.94181
1427157698.967,22.298096
1427157698.983,11.495275
1427157698.998,1.7527065
1427157699.014,-6.9556837
1427157699.03,-14.637997
1427157699.045,-21.142424
1427157699.061,-26.268095
1427157699.077,-29.884415
1427157699.092,-32.074207
1427157699.108,-33.136738
1427157699.124,-33.42626
1427157699.139,-33.1973
1427157699.155,-32.513504
1427157699.17,-31.300392
1427157699.186,-29.492817
1427157699.202,-27.148981
1427157699.217,-24.54178
1427157699.233,-22.062494
1427157699.249,-20.039452
1427157699.264,-18.552708
1427157699.28,-17.388334
1427157699.295,-16.073574
1427157699.311,-14.076473
1427157699.327,-11.038903
1427157699.342,-6.907115
1427157699.358,-1.92752
1427157699.374,3.427486
1427157699.389,8.677724
1427157699.405,13.479588
1427157699.42,17.742704
1427157699.436,21.646873
1427157699.452,25.577398
1427157699.467,30.020124
1427157699.483,35.413975
1427157699.499,41.93499
1427157699.514,49.33938
1427157699.53,56.872375
1427157699.545,63.288242
1427157699.561,67.157364
1427157699.577,67.273865
1427157699.592,63.05768
1427157699.608,54.82441
1427157699.624,43.64839
1427157699.639,31.047237
1427157699.655,18.458088
1427157699.67,6.8758545
1427157699.686,-3.316252
1427157699.702,-12.142
1427157699.717,-19.737154
1427157699.733,-26.122921
1427157699.749,-31.150106
1427157699.764,-34.60406
1427157699.78,-36.404526
1427157699.795,-36.721245
1427157699.811,-35.936394
1427157699.827,-34.521553
1427157699.842,-32.927216
1427157699.858,-31.424662
1427157699.874,-30.154179
1427157699.889,-29.08683
1427157699.905,-28.098015
1427157699.92,-26.982948
1427157699.936,-25.558304
1427157699.952,-23.654057
1427157699.967,-21.210361
1427157699.983,-18.266956
1427157699.999,-14.960329
1427157700.014,-11.447895
1427157700.03,-7.825377
1427157700.045,-4.0886116
1427157700.061,-0.14103985
1427157700.077,4.1746798
1427157700.092,9.05518
1427157700.108,14.721417
1427157700.124,21.35645
1427157700.139,29.028015
1427157700.155,37.43472
1427157700.17,45.80744
1427157700.186,52.886936
1427157700.202,57.204376
1427157700.217,57.498554
1427157700.233,53.256493
1427157700.249,44.91083
1427157700.264,33.7595
1427157700.28,21.506826
1427157700.295,9.698151
1427157700.311,-0.7496662
1427157700.327,-9.613835
1427157700.342,-17.179245
1427157700.358,-23.814133
1427157700.374,-29.672005
1427157700.389,-34.59073
1427157700.405,-38.234875
1427157700.42,-40.323032
1427157700.436,-40.84565
1427157700.452,-40.069347
1427157700.467,-38.429073
1427157700.483,-36.349754
1427157700.499,-34.16827
1427157700.514,-32.07031
1427157700.53,-30.148518
1427157700.545,-28.42381
1427157700.561,-26.864784
1427157700.577,-25.338058
1427157700.592,-23.611437
1427157700.608,-21.398396
1427157700.624,-18.48376
1427157700.639,-14.821149
1427157700.655,-10.5622835
1427157700.67,-5.9931417
1427157700.686,-1.4361434
1427157700.702,2.911376
1427157700.717,7.0072703
1427157700.733,11.01834
1427157700.749,15.26767
1427157700.764,20.17274
1427157700.78,26.062428
1427157700.795,32.969337
1427157700.811,40.37894
1427157700.827,47.20527
1427157700.842,51.950417
1427157700.858,53.19543
1427157700.874,50.10763
1427157700.889,42.801666
1427157700.905,32.32957
1427157700.92,20.29556
1427157700.936,8.26728
1427157700.952,-2.634172
1427157700.967,-11.956043
1427157700.983,-19.727354
1427157700.999,-26.16566
1427157701.014,-31.37372
1427157701.03,-35.30609
1427157701.045,-37.81696
1427157701.061,-38.898003
1427157701.077,-38.75069
1427157701.092,-37.81783
1427157701.108,-36.59071
1427157701.124,-35.466087
1427157701.139,-34.616844
1427157701.155,-33.999638
1427157701.17,-33.45179
1427157701.186,-32.84091
1427157701.202,-32.128654
1427157701.217,-31.375696
1427157701.233,-30.64534
1427157701.249,-29.915846
1427157701.264,-29.014643
1427157701.28,-27.714651
1427157701.295,-25.796947
1427157701.311,-23.180906
1427157701.327,-19.937307
1427157701.342,-16.271301
1427157701.358,-12.370819
1427157701.374,-8.386307
1427157701.389,-4.379673
1427157701.405,-0.31183243
1427157701.42,3.8613625
1427157701.436,8.114906
1427157701.452,12.3376045
1427157701.467,16.388294
1427157701.483,20.134964
1427157701.499,23.588024
1427157701.514,26.938602
1427157701.53,30.50335
1427157701.545,34.65819
1427157701.561,39.60597
1427157701.577,45.248993
1427157701.592,51.012764
1427157701.608,55.88517
1427157701.624,58.600025
1427157701.639,58.023293
1427157701.655,53.536087
1427157701.67,45.350876
1427157701.686,34.445496
1427157701.702,22.265053
1427157701.717,10.207344
1427157701.733,-0.7726822
1427157701.749,-10.300995
1427157701.764,-18.388779
1427157701.78,-25.08886
1427157701.796,-30.264297
1427157701.811,-33.59076
1427157701.827,-34.831024
1427157701.842,-34.100174
1427157701.858,-31.949677
1427157701.874,-29.25544
1427157701.889,-26.870384
1427157701.905,-25.3274
1427157701.921,-24.642632
1427157701.936,-24.453339
1427157701.952,-24.213333
1427157701.967,-23.50135
1427157701.983,-22.19432
1427157701.999,-20.488808
1427157702.014,-18.75579
1427157702.03,-17.313889
1427157702.046,-16.227974
1427157702.061,-15.2309265
1427157702.077,-13.808159
1427157702.092,-11.445915
1427157702.108,-7.90226
1427157702.124,-3.3382645
1427157702.139,1.7408066
1427157702.155,6.7286606
1427157702.171,11.224251
1427157702.186,15.180435
1427157702.202,18.886955
1427157702.217,22.817284
1427157702.233,27.414268
1427157702.249,32.929657
1427157702.264,39.430252
1427157702.28,46.686943
1427157702.296,54.12731
1427157702.311,60.830856
1427157702.327,65.545425
1427157702.342,67.02634
1427157702.358,64.4366
1427157702.374,57.70456
1427157702.389,47.64525
1427157702.405,35.688644
1427157702.421,23.3945
1427157702.436,11.946655
1427157702.452,1.9536743
1427157702.467,-6.508972
1427157702.483,-13.529831
1427157702.499,-19.132507
1427157702.514,-23.144348
1427157702.53,-25.358917
1427157702.546,-25.759796
1427157702.561,-24.694824
1427157702.577,-22.783829
1427157702.592,-20.697784
1427157702.608,-18.888123
1427157702.624,-17.448807
1427157702.639,-16.17157
1427157702.655,-14.758072
1427157702.671,-13.0698395
1427157702.686,-11.213043
1427157702.702,-9.490189
1427157702.717,-8.1732025
1427157702.733,-7.31015
1427157702.749,-6.669647
1427157702.764,-5.7870483
1427157702.78,-4.196533
1427157702.796,-1.6410675
1427157702.811,1.8065491
1427157702.827,5.76178
1427157702.842,9.680603
1427157702.858,13.080353
1427157702.874,15.707596
1427157702.889,17.64537
1427157702.905,19.289139
1427157702.921,21.222565
1427157702.936,24.015457
1427157702.952,28.100342
1427157702.967,33.598923
1427157702.983,40.286285
1427157702.999,47.49568
1427157703.014,54.151688
1427157703.03,58.90631
1427157703.046,60.48941
1427157703.061,58.02571
1427157703.077,51.437775
1427157703.092,41.485092
1427157703.108,29.574036
1427157703.124,17.25261
1427157703.139,5.727585
1427157703.155,-4.410858
1427157703.171,-13.151093
1427157703.186,-20.759216
1427157703.202,-27.430878
1427157703.217,-33.11731
1427157703.233,-37.568146
1427157703.249,-40.548508
1427157703.264,-42.01529
1427157703.28,-42.199524
1427157703.296,-41.52475
1427157703.311,-40.485016
1427157703.327,-39.468643
1427157703.342,-38.670776
1427157703.358,-38.06888
1427157703.374,-37.484283
1427157703.389,-36.620544
1427157703.405,-35.277588
1427157703.421,-33.38652
1427157703.436,-31.076004
1427157703.452,-28.587067
1427157703.467,-26.116608
1427157703.483,-23.675873
1427157703.499,-21.132004
1427157703.514,-18.219986
1427157703.53,-14.743805
1427157703.546,-10.645111
1427157703.561,-6.0688934
1427157703.577,-1.2619324
1427157703.592,3.539032
1427157703.608,8.185532
1427157703.624,12.649048
1427157703.639,17.008041
1427157703.655,21.405869
1427157703.671,26.016388
1427157703.686,31.027008
1427157703.702,36.592133
1427157703.717,42.80239
1427157703.733,49.558388
1427157703.749,56.408188
1427157703.764,62.52253
1427157703.78,66.75291
1427157703.796,67.89849
1427157703.811,65.12384
1427157703.827,58.322685
1427157703.842,48.234886
1427157703.858,36.2424
1427157703.874,23.888435
1427157703.889,12.372757
1427157703.905,2.298317
1427157703.921,-6.3051453
1427157703.936,-13.664703
1427157703.952,-19.969383
1427157703.967,-25.201454
1427157703.983,-29.190826
1427157703.999,-31.849579
1427157704.014,-33.281967
1427157704.03,-33.784843
1427157704.046,-33.73828
1427157704.061,-33.450325
1427157704.077,-33.07637
1427157704.092,-32.6491
1427157704.108,-32.17724
1427157704.124,-31.70459
1427157704.139,-31.306702
1427157704.155,-31.047302
1427157704.171,-30.888954
1427157704.186,-30.669739
1427157704.202,-30.14141
1427157704.217,-29.020454
1427157704.233,-27.130936
1427157704.249,-24.50695
1427157704.264,-21.366402
1427157704.28,-18.038391
1427157704.296,-14.782883
1427157704.311,-11.695297
1427157704.327,-8.61692
1427157704.342,-5.282028
1427157704.358,-1.4228058
1427157704.374,3.0354004
1427157704.389,7.946228
1427157704.405,12.985016
1427157704.421,17.798271
1427157704.436,22.108887
1427157704.452,25.823502
1427157704.468,29.052574
1427157704.483,32.081177
1427157704.499,35.30229
1427157704.514,39.115013
1427157704.53,43.77218
1427157704.546,49.147606
1427157704.561,54.614433
1427157704.577,59.05784
1427157704.592,61.14892
1427157704.608,59.781815
1427157704.624,54.49897
1427157704.639,45.69832
1427157704.655,34.502937
1427157704.671,22.403282
1427157704.686,10.743668
1427157704.702,0.41651154
1427157704.718,-8.260262
1427157704.733,-15.361809
1427157704.749,-21.088287
1427157704.764,-25.54699
1427157704.78,-28.662003
1427157704.796,-30.314873
1427157704.811,-30.524132
1427157704.827,-29.631134
1427157704.843,-28.241653
1427157704.858,-27.070877
1427157704.874,-26.647675
1427157704.889,-27.105766
1427157704.905,-28.14695
1427157704.921,-29.20707
1427157704.936,-29.787659
1427157704.952,-29.654396
1427157704.968,-28.930809
1427157704.983,-27.941696
1427157704.999,-26.994843
1427157705.014,-26.155426
1427157705.03,-25.188774
1427157705.046,-23.682487
1427157705.061,-21.25341
1427157705.077,-17.741364
1427157705.093,-13.283066
1427157705.108,-8.27285
1427157705.124,-3.16819
1427157705.139,1.6926346
1427157705.155,6.2034836
1427157705.171,10.513435
1427157705.186,14.889191
1427157705.202,19.577599
1427157705.218,24.711998
1427157705.233,30.325172
1427157705.249,36.367126
1427157705.264,42.696053
1427157705.28,48.92511
1427157705.296,54.33322
1427157705.311,57.87403
1427157705.327,58.44027
1427157705.343,55.29827
1427157705.358,48.43299
1427157705.374,38.64199
1427157705.389,27.255257
1427157705.405,15.656647
1427157705.421,4.8727646
1427157705.436,-4.614113
1427157705.452,-12.752548
1427157705.468,-19.657547
1427157705.483,-25.33973
1427157705.499,-29.718338
1427157705.514,-32.64691
1427157705.53,-34.12274
1427157705.546,-34.320854
1427157705.561,-33.617264
1427157705.577,-32.473854
1427157705.593,-31.32331
1427157705.608,-30.447144
1427157705.624,-29.959114
1427157705.639,-29.788246
1427157705.655,-29.760277
1427157705.671,-29.67701
1427157705.686,-29.402443
1427157705.702,-28.862328
1427157705.718,-27.999138
1427157705.733,-26.763351
1427157705.749,-25.104858
1427157705.764,-22.979721
1427157705.78,-20.426308
1427157705.796,-17.514091
1427157705.811,-14.307266
1427157705.827,-10.79673
1427157705.843,-6.920006
1427157705.858,-2.583107
1427157705.874,2.1877747
1427157705.889,7.2332993
1427157705.905,12.286533
1427157705.921,17.082275
1427157705.936,21.48119
1427157705.952,25.506153
1427157705.968,29.337585
1427157705.983,33.22484
1427157705.999,37.4643
1427157706.014,42.32995
1427157706.03,48.00394
1427157706.046,54.425762
1427157706.061,61.101818
1427157706.077,67.04349
1427157706.093,70.92017
1427157706.108,71.474884
1427157706.124,67.91147
1427157706.139,60.233166
1427157706.155,49.225117
1427157706.171,36.166428
1427157706.186,22.427925
1427157706.202,9.111294
1427157706.218,-3.0804214
1427157706.233,-13.760311
1427157706.249,-22.73434
1427157706.264,-29.86559
1427157706.28,-35.071198
1427157706.296,-38.423187
1427157706.311,-40.198624
1427157706.327,-40.836384
1427157706.343,-40.844643
1427157706.358,-40.629528
1427157706.374,-40.431458
1427157706.389,-40.30351
1427157706.405,-40.19108
1427157706.421,-40.000404
1427157706.436,-39.715935
1427157706.452,-39.35855
1427157706.468,-38.948097
1427157706.483,-38.4426
1427157706.499,-37.70105
1427157706.514,-36.51381
1427157706.53,-34.67912
1427157706.546,-32.1129
1427157706.561,-28.870575
1427157706.577,-25.135757
1427157706.593,-21.180523
1427157706.608,-17.23002
1427157706.624,-13.457985
1427157706.639,-9.886204
1427157706.655,-6.3953094
1427157706.671,-2.763422
1427157706.686,1.241127
1427157706.702,5.7719383
1427157706.718,10.804987
1427157706.733,16.135738
1427157706.749,21.399374
1427157706.764,26.219175
1427157706.78,30.358812
1427157706.796,33.8211
1427157706.811,36.938602
1427157706.827,40.285336
1427157706.843,44.54274
1427157706.858,50.22197
1427157706.874,57.348595
1427157706.889,65.256454
1427157706.905,72.59248
1427157706.921,77.62668
1427157706.936,78.76148
1427157706.952,75.11978
1427157706.968,66.83957
1427157706.983,55.011303
1427157706.999,41.226578
1427157707.014,27.0508
1427157707.03,13.6649275
1427157707.046,1.6939745
1427157707.061,-8.635362
1427157707.077,-17.301748
1427157707.093,-24.32
1427157707.108,-29.699781
1427157707.124,-33.48709
1427157707.14,-35.824135
1427157707.155,-36.982777
1427157707.171,-37.315266
1427157707.186,-37.209934
1427157707.202,-37.007267
1427157707.218,-36.92203
1427157707.233,-36.972202
1427157707.249,-37.05476
1427157707.264,-37.013668
1427157707.28,-36.778297
1427157707.296,-36.41301
1427157707.311,-36.083984
1427157707.327,-35.913948
1427157707.343,-35.889423
1427157707.358,-35.805096
1427157707.374,-35.374886
1427157707.39,-34.340332
1427157707.405,-32.547287
1427157707.421,-29.952896
1427157707.436,-26.582598
1427157707.452,-22.475712
1427157707.468,-17.72732
1427157707.483,-12.510939
1427157707.499,-7.085373
1427157707.515,-1.7055473
1427157707.53,3.3666782
1427157707.546,8.021093
1427157707.561,12.286047
1427157707.577,16.29762
1427157707.593,20.331018
1427157707.608,24.701931
1427157707.624,29.750877
1427157707.64,35.6988
1427157707.655,42.45934
1427157707.671,49.43094
1427157707.686,55.505848
1427157707.702,59.250084
1427157707.718,59.354973
1427157707.733,55.157825
1427157707.749,46.93853
1427157707.765,35.88722
1427157707.78,23.702316
1427157707.796,11.981136
1427157707.811,1.7408524
1427157707.827,-6.744446
1427157707.843,-13.73867
1427157707.858,-19.654877
1427157707.874,-24.690395
1427157707.89,-28.711037
1427157707.905,-31.43592
1427157707.921,-32.698322
1427157707.936,-32.641586
1427157707.952,-31.725746
1427157707.968,-30.54498
1427157707.983,-29.588352
1427157707.999,-29.122616
1427157708.015,-29.117172
1427157708.03,-29.400372
1427157708.046,-29.76403
1427157708.061,-30.05843
1427157708.077,-30.212528
1427157708.093,-30.205723
1427157708.108,-30.00594
1427157708.124,-29.533524
1427157708.14,-28.66484
1427157708.155,-27.250797
1427157708.171,-25.18298
1427157708.186,-22.457207
1427157708.202,-19.156063
1427157708.218,-15.413464
1427157708.233,-11.374256
1427157708.249,-7.1063156
1427157708.265,-2.6265335
1427157708.28,2.0220146
1427157708.296,6.7611694
1427157708.311,11.435402
1427157708.327,15.920452
1427157708.343,20.203934
1427157708.358,24.445183
1427157708.374,28.949322
1427157708.39,34.05535
1427157708.405,40.03245
1427157708.421,46.84735
1427157708.436,54.064743
1427157708.452,60.805984
1427157708.468,65.84935
1427157708.483,67.92084
1427157708.499,66.090294
1427157708.515,60.186886
1427157708.53,50.884766
1427157708.546,39.538296
1427157708.561,27.652351
1427157708.577,16.386196
1427157708.593,6.2420464
1427157708.608,-2.832386
1427157708.624,-11.140625
1427157708.64,-18.80944
1427157708.655,-25.698006
1427157708.671,-31.45506
1427157708.686,-35.77967
1427157708.702,-38.646313
1427157708.718,-40.265465
1427157708.733,-41.002316
1427157708.749,-41.207527
1427157708.765,-41.120663
1427157708.78,-40.867504
1427157708.796,-40.50733
1427157708.811,-40.123566
1427157708.827,-39.787872
1427157708.843,-39.585594
1427157708.858,-39.56275
1427157708.874,-39.68922
1427157708.89,-39.821594
1427157708.905,-39.674847
1427157708.921,-38.897022
1427157708.936,-37.21559
1427157708.952,-34.520214
1427157708.968,-30.971802
1427157708.983,-26.9174
1427157708.999,-22.768116
1427157709.015,-18.806274
1427157709.03,-15.124702
1427157709.046,-11.596161
1427157709.061,-7.9756813
1427157709.077,-4.033066
1427157709.093,0.3738861
1427157709.108,5.2628174
1427157709.124,10.471535
1427157709.14,15.7159195
1427157709.155,20.66243
1427157709.171,25.071049
1427157709.186,28.887562
1427157709.202,32.31249
1427157709.218,35.703827
1427157709.233,39.501427
1427157709.249,44.06186
1427157709.265,49.571346
1427157709.28,55.920082
1427157709.296,62.6011
1427157709.311,68.64342
1427157709.327,72.73693
1427157709.343,73.55794
1427157709.358,70.21135
1427157709.374,62.609
1427157709.39,51.60001
1427157709.405,38.653492
1427157709.421,25.370014
1427157709.436,12.948254
1427157709.452,1.9697075
1427157709.468,-7.513199
1427157709.483,-15.658222
1427157709.499,-22.553677
1427157709.515,-28.124828
1427157709.53,-32.236443
1427157709.546,-34.854927
1427157709.561,-36.166424
1427157709.577,-36.546066
1427157709.593,-36.46569
1427157709.608,-36.30549
1427157709.624,-36.266098
1427157709.64,-36.335052
1427157709.655,-36.327614
1427157709.671,-36.024837
1427157709.686,-35.351818
1427157709.702,-34.451767
1427157709.718,-33.6315
1427157709.733,-33.19739
1427157709.749,-33.24338
1427157709.765,-33.55318
1427157709.78,-33.64637
1427157709.796,-32.992928
1427157709.811,-31.290775
1427157709.827,-28.572659
1427157709.843,-25.16882
1427157709.858,-21.51508
1427157709.874,-17.978653
1427157709.89,-14.672047
1427157709.905,-11.486946
1427157709.921,-8.164299
1427157709.936,-4.4503803
1427157709.952,-0.22115135
1427157709.968,4.4221554
1427157709.983,9.197756
1427157709.999,13.719839
1427157710.015,17.686216
1427157710.03,21.02727
1427157710.046,23.9601
1427157710.062,26.876904
1427157710.077,30.190231
1427157710.093,34.19674
1427157710.108,38.968933
1427157710.124,44.412655
1427157710.14,50.239235
1427157710.155,55.91308
1427157710.171,60.642025
1427157710.187,63.382774
1427157710.202,63.114323
1427157710.218,59.20704
1427157710.233,51.744614
1427157710.249,41.586746
1427157710.265,30.106775
1427157710.28,18.70571
1427157710.296,8.378706
1427157710.312,-0.5250244
1427157710.327,-8.111485
1427157710.343,-14.663992
1427157710.358,-20.290243
1427157710.374,-24.892607
1427157710.39,-28.204308
1427157710.405,-30.032999
1427157710.421,-30.407179
1427157710.437,-29.663857
1427157710.452,-28.333838
1427157710.468,-27.017305
1427157710.483,-26.17261
1427157710.499,-26.043093
1427157710.515,-26.582113
1427157710.53,-27.536304
1427157710.546,-28.560616
1427157710.562,-29.334658
1427157710.577,-29.677172
1427157710.593,-29.498095
1427157710.608,-28.846117
1427157710.624,-27.797588
1427157710.64,-26.407108
1427157710.655,-24.668312
1427157710.671,-22.519741
1427157710.687,-19.864775
1427157710.702,-16.635723
1427157710.718,-12.882173
1427157710.733,-8.7754545
1427157710.749,-4.6056376
1427157710.765,-0.63703823
1427157710.78,2.998189
1427157710.796,6.4054546
1427157710.812,9.811282
1427157710.827,13.471502
1427157710.843,17.504936
1427157710.858,21.893906
1427157710.874,26.567804
1427157710.89,31.491585
1427157710.905,36.626106
1427157710.921,41.764236
1427157710.937,46.356148
1427157710.952,49.495094
1427157710.968,50.178436
1427157710.983,47.72624
1427157710.999,42.093983
1427157711.015,33.959442
1427157711.03,24.466772
1427157711.046,14.78606
1427157711.062,5.7257533
1427157711.077,-2.387045
1427157711.093,-9.603632
1427157711.108,-16.034964
1427157711.124,-21.696072
1427157711.14,-26.41582
1427157711.155,-29.933956
1427157711.171,-32.06328
1427157711.187,-32.89282
1427157711.202,-32.747528
1427157711.218,-32.125877
1427157711.233,-31.514364
1427157711.249,-31.22792
1427157711.265,-31.301085
1427157711.28,-31.5821
1427157711.296,-31.800592
1427157711.312,-31.797642
1427157711.327,-31.507269
1427157711.343,-30.950705
1427157711.358,-30.113758
1427157711.374,-28.8988
1427157711.39,-27.155231
1427157711.405,-24.769909
1427157711.421,-21.772076
1427157711.437,-18.392715
1427157711.452,-14.935604
1427157711.468,-11.662485
1427157711.483,-8.645376
1427157711.499,-5.7485485
1427157711.515,-2.6810322
1427157711.53,0.860651
1427157711.546,5.0498123
1427157711.562,9.814947
1427157711.577,14.877199
1427157711.593,19.836805
1427157711.608,24.305845
1427157711.624,28.09259
1427157711.64,31.307705
1427157711.655,34.24489
1427157711.671,37.416836
1427157711.687,41.279766
1427157711.702,46.1404
1427157711.718,51.94523
1427157711.733,58.174797
1427157711.749,63.82234
1427157711.765,67.57544
1427157711.78,68.190506
1427157711.796,64.95126
1427157711.812,57.94645
1427157711.827,48.11146
1427157711.843,36.84267
1427157711.858,25.530647
1427157711.874,15.069309
1427157711.89,5.759815
1427157711.905,-2.530014
1427157711.921,-10.001465
1427157711.937,-16.69291
1427157711.952,-22.409931
1427157711.968,-26.89495
1427157711.983,-30.012661
1427157711.999,-31.90736
1427157712.015,-32.93012
1427157712.03,-33.548363
1427157712.046,-34.160213
1427157712.062,-34.966335
1427157712.077,-35.943516
1427157712.093,-36.8479
1427157712.108,-37.374805
1427157712.124,-37.30845
1427157712.14,-36.651615
1427157712.155,-35.62356
1427157712.171,-34.53191
1427157712.187,-33.60232
1427157712.202,-32.81034
1427157712.218,-31.906979
1427157712.233,-30.531635
1427157712.249,-28.419209
1427157712.265,-25.532276
1427157712.28,-22.045677
1427157712.296,-18.262424
1427157712.312,-14.450546
1427157712.327,-10.775936
1427157712.343,-7.259697
1427157712.358,-3.8033676
1427157712.374,-0.2995186
1427157712.39,3.3553581
1427157712.405,7.1519585
1427157712.421,11.006439
1427157712.437,14.754364
1427157712.452,18.225613
1427157712.468,21.359795
1427157712.483,24.24704
1427157712.499,27.08131
1427157712.515,30.128658
1427157712.53,33.64739
1427157712.546,37.83177
1427157712.562,42.815994
1427157712.577,48.59824
1427157712.593,54.958023
1427157712.608,61.30151
1427157712.624,66.67337
1427157712.64,69.91551
1427157712.655,70.042114
1427157712.671,66.60972
1427157712.687,59.873627
1427157712.702,50.708134
1427157712.718,40.28711
1427157712.734,29.649624
1427157712.749,19.472973
1427157712.765,10.036846
1427157712.78,1.3722649
1427157712.796,-6.496849
1427157712.812,-13.461681
1427157712.827,-19.296665
1427157712.843,-23.759537
1427157712.859,-26.756054
1427157712.874,-28.392548
1427157712.89,-29.024109
1427157712.905,-29.166817
1427157712.921,-29.322857
1427157712.937,-29.845589
1427157712.952,-30.828312
1427157712.968,-32.107983
1427157712.984,-33.39645
1427157712.999,-34.463272
1427157713.015,-35.217594
1427157713.03,-35.724106
1427157713.046,-36.065662
1427157713.062,-36.268974
1427157713.077,-36.267445
1427157713.093,-35.902805
1427157713.109,-35.045376
1427157713.124,-33.645336
1427157713.14,-31.749432
1427157713.155,-29.47047
1427157713.171,-26.922821
1427157713.187,-24.225616
1427157713.202,-21.449928
1427157713.218,-18.592308
1427157713.234,-15.549572
1427157713.249,-12.170891
1427157713.265,-8.279579
1427157713.28,-3.828556
1427157713.296,1.07201
1427157713.312,6.1445045
1427157713.327,11.014252
1427157713.343,15.37141
1427157713.359,19.088387
1427157713.374,22.253601
1427157713.39,25.164589
1427157713.405,28.226563
1427157713.421,31.8587
1427157713.437,36.349518
1427157713.452,41.79008
1427157713.468,47.93287
1427157713.484,54.153107
1427157713.499,59.470963
1427157713.515,62.79555
1427157713.53,63.142246
1427157713.546,60.025326
1427157713.562,53.561676
1427157713.577,44.480244
1427157713.593,33.86519
1427157713.609,22.865566
1427157713.624,12.362045
1427157713.64,2.8554153
1427157713.655,-5.524494
1427157713.671,-12.831978
1427157713.687,-19.147831
1427157713.702,-24.445663
1427157713.718,-28.648853
1427157713.734,-31.689152
1427157713.749,-33.63332
1427157713.765,-34.699364
1427157713.78,-35.17434
1427157713.796,-35.35268
1427157713.812,-35.416946
1427157713.827,-35.42545
1427157713.843,-35.336952
1427157713.859,-35.115997
1427157713.874,-34.81008
1427157713.89,-34.51073
1427157713.905,-34.30446
1427157713.921,-34.136257
1427157713.937,-33.763096
1427157713.952,-32.822876
1427157713.968,-30.97762
1427157713.984,-28.070831
1427157713.999,-24.287807
1427157714.015,-20.04586
1427157714.03,-15.853012
1427157714.046,-12.077332
1427157714.062,-8.771572
1427157714.077,-5.686554
1427157714.093,-2.4372864
1427157714.109,1.2889366
1427157714.124,5.554966
1427157714.14,10.177567
1427157714.155,14.890137
1427157714.171,19.4786
1427157714.187,23.846996
1427157714.202,28.010628
1427157714.218,32.00906
1427157714.234,35.89247
1427157714.249,39.767857
1427157714.265,43.81253
1427157714.28,48.202793
1427157714.296,52.923855
1427157714.312,57.545
1427157714.327,61.182266
1427157714.343,62.74726
1427157714.359,61.333576
1427157714.374,56.602623
1427157714.39,48.936825
1427157714.405,39.277557
1427157714.421,28.740429
1427157714.437,18.247883
1427157714.452,8.364098
1427157714.468,-0.69641876
1427157714.484,-8.849911
1427157714.499,-16.012161
1427157714.515,-22.0111
1427157714.53,-26.651333
1427157714.546,-29.857098
1427157714.562,-31.781185
1427157714.577,-32.768974
1427157714.593,-33.256073
1427157714.609,-33.620872
1427157714.624,-34.035004
1427157714.64,-34.41766
1427157714.655,-34.586567
1427157714.671,-34.403763
1427157714.687,-33.938423
1427157714.702,-33.421047
1427157714.718,-33.15616
1427157714.734,-33.26205
1427157714.749,-33.608967
1427157714.765,-33.853855
1427157714.78,-33.580425
1427157714.796,-32.468056
1427157714.812,-30.40427
1427157714.827,-27.46875
1427157714.843,-23.913498
1427157714.859,-20.031036
1427157714.874,-16.139862
1427157714.89,-12.434776
1427157714.905,-8.939148
1427157714.921,-5.457794
1427157714.937,-1.6406174
1427157714.952,2.7804832
1427157714.968,7.854328
1427157714.984,13.282005
1427157714.999,18.53659
1427157715.015,23.111649
1427157715.03,26.77972
1427157715.046,29.715622
1427157715.062,32.4243
1427157715.077,35.542103
1427157715.093,39.626293
1427157715.109,44.94351
1427157715.124,51.35699
1427157715.14,58.249638
1427157715.155,64.6001
1427157715.171,69.15535
1427157715.187,70.723114
1427157715.202,68.570854
1427157715.218,62.62368
1427157715.234,53.555714
1427157715.249,42.529858
1427157715.265,30.850555
1427157715.28,19.606453
1427157715.296,9.45256
1427157715.312,0.57212067
1427157715.327,-7.1557503
1427157715.343,-13.960033
1427157715.359,-20.012611
1427157715.374,-25.330692
1427157715.39,-29.812344
1427157715.406,-33.329197
1427157715.421,-35.841316
1427157715.437,-37.464382
1427157715.452,-38.44974
1427157715.468,-39.060265
1427157715.484,-39.444286
1427157715.499,-39.630795
1427157715.515,-39.515327
1427157715.531,-39.013218
1427157715.546,-38.16923
1427157715.562,-37.14299
1427157715.577,-36.140064
1427157715.593,-35.275112
1427157715.609,-34.48596
1427157715.624,-33.527687
1427157715.64,-32.076527
1427157715.656,-29.861748
1427157715.671,-26.798298
1427157715.687,-23.036201
1427157715.702,-18.92075
1427157715.718,-14.829945
1427157715.734,-11.102768
1427157715.749,-7.863888
1427157715.765,-4.980171
1427157715.781,-2.1775513
1427157715.796,0.8933029
1427157715.812,4.4277344
1427157715.827,8.424377
1427157715.843,12.67131
1427157715.859,16.85854
1427157715.874,20.708916
1427157715.89,24.06126
1427157715.906,26.947922
1427157715.921,29.559986
1427157715.937,32.211544
1427157715.952,35.2738
1427157715.968,39.08879
1427157715.984,43.896786
1427157715.999,49.678593
1427157716.015,55.982193
1427157716.031,61.950874
1427157716.046,66.41797
1427157716.062,68.19316
1427157716.077,66.433395
1427157716.093,60.936153
1427157716.109,52.196903
1427157716.124,41.265495
1427157716.14,29.427267
1427157716.156,17.781788
1427157716.171,7.073023
1427157716.187,-2.4018612
1427157716.202,-10.649017
1427157716.218,-17.712282
1427157716.234,-23.58238
1427157716.249,-28.191471
1427157716.265,-31.519646
1427157716.281,-33.71443
1427157716.296,-35.128845
1427157716.312,-36.19168
1427157716.327,-37.235184
1427157716.343,-38.35905
1427157716.359,-39.41726
1427157716.374,-40.186394
1427157716.39,-40.521824
1427157716.406,-40.446594
1427157716.421,-40.140347
1427157716.437,-39.773537
1427157716.452,-39.399887
1427157716.468,-38.872776
1427157716.484,-37.947388
1427157716.499,-36.38389
1427157716.515,-34.06849
1427157716.531,-31.087486
1427157716.546,-27.666958
1427157716.562,-24.113869
1427157716.577,-20.662605
1427157716.593,-17.34401
1427157716.609,-13.99436
1427157716.624,-10.301066
1427157716.64,-6.0029545
1427157716.656,-1.0274286
1427157716.671,4.404579
1427157716.687,9.883059
1427157716.702,14.963819
1427157716.718,19.363628
1427157716.734,23.087654
1427157716.749,26.409513
1427157716.765,29.756111
1427157716.781,33.587883
1427157716.796,38.313324
1427157716.812,44.087254
1427157716.827,50.710358
1427157716.843,57.471203
1427157716.859,63.268055
1427157716.874,66.79079
1427157716.89,66.96001
1427157716.906,63.296898
1427157716.921,56.102463
1427157716.937,46.331673
1427157716.952,35.228886
1427157716.968,23.934095
1427157716.984,13.203875
1427157716.999,3.3554077
1427157717.015,-5.5782747
1427157717.031,-13.643578
1427157717.046,-20.787449
1427157717.062,-26.84219
1427157717.077,-31.585533
1427157717.093,-34.90361
1427157717.109,-36.87687
1427157717.124,-37.814644
1427157717.14,-38.14726
1427157717.156,-38.28538
1427157717.171,-38.44366
1427157717.187,-38.63108
1427157717.202,-38.715286
1427157717.218,-38.59474
1427157717.234,-38.29058
1427157717.249,-37.978035
1427157717.265,-37.836826
1427157717.281,-37.9373
1427157717.296,-38.127518
1427157717.312,-38.112793
1427157717.327,-37.537178
1427157717.343,-36.151123
1427157717.359,-33.872868
1427157717.374,-30.803858
1427157717.39,-27.173569
1427157717.406,-23.24324
1427157717.421,-19.269547
1427157717.437,-15.426254
1427157717.452,-11.774871
1427157717.468,-8.284353
1427157717.484,-4.8321624
1427157717.499,-1.2762203
1427157717.515,2.5209758
1427157717.531,6.629853
1427157717.546,11.056629
1427157717.562,15.693485
1427157717.577,20.374918
1427157717.593,24.884947
1427157717.609,29.046606
1427157717.624,32.798706
1427157717.64,36.210262
1427157717.656,39.484245
1427157717.671,42.93936
1427157717.687,46.953064
1427157717.702,51.893013
1427157717.718,57.94653
1427157717.734,64.92929
1427157717.749,72.07726
1427157717.765,78.06724
1427157717.781,81.3067
1427157717.796,80.47597
1427157717.812,75.020004
1427157717.827,65.431465
1427157717.843,53.03793
1427157717.859,39.52558
1427157717.874,26.296696
1427157717.89,14.141745
1427157717.906,3.244935
1427157717.921,-6.5503864
1427157717.937,-15.376812
1427157717.952,-23.190365
1427157717.968,-29.773636
1427157717.984,-34.932796
1427157717.999,-38.611855
1427157718.015,-40.95085
1427157718.031,-42.24344
1427157718.046,-42.824547
1427157718.062,-42.995827
1427157718.078,-42.94022
1427157718.093,-42.73674
1427157718.109,-42.379215
1427157718.124,-41.832466
1427157718.14,-41.13424
1427157718.156,-40.386353
1427157718.171,-39.711025
1427157718.187,-39.20108
1427157718.202,-38.817123
1427157718.218,-38.403652
1427157718.234,-37.728577
1427157718.249,-36.590034
1427157718.265,-34.881775
1427157718.281,-32.597965
1427157718.296,-29.800741
1427157718.312,-26.5756
1427157718.328,-23.017008
1427157718.343,-19.206139
1427157718.359,-15.243689
1427157718.374,-11.238783
1427157718.39,-7.2688084
1427157718.406,-3.3563442
1427157718.421,0.5410118
1427157718.437,4.5066757
1427157718.453,8.605028
1427157718.468,12.847147
1427157718.484,17.144285
1427157718.499,21.323587
1427157718.515,25.178259
1427157718.531,28.595823
1427157718.546,31.618511
1427157718.562,34.485573
1427157718.578,37.597065
1427157718.593,41.381126
1427157718.609,46.186615
1427157718.624,52.119877
1427157718.64,58.885315
1427157718.656,65.73547
1427157718.671,71.49235
1427157718.687,74.765
1427157718.703,74.32501
1427157718.718,69.52552
1427157718.734,60.559597
1427157718.749,48.453842
1427157718.765,34.764275
1427157718.781,21.065624
1427157718.796,8.541576
1427157718.812,-2.2367592
1427157718.828,-11.213306
1427157718.843,-18.579796
1427157718.859,-24.51907
1427157718.874,-29.122036
1427157718.89,-32.42316
1427157718.906,-34.54568
1427157718.921,-35.731297
1427157718.937,-36.315624
1427157718.953,-36.61746
1427157718.968,-36.86274
1427157718.984,-37.1565
1427157718.999,-37.5547
1427157719.015,-38.074646
1427157719.031,-38.724136
1427157719.046,-39.456387
1427157719.062,-40.18225
1427157719.078,-40.720535
1427157719.093,-40.85444
1427157719.109,-40.352936
1427157719.124,-39.060505
1427157719.14,-36.917793
1427157719.156,-34.002087
1427157719.171,-30.506718
1427157719.187,-26.68103
1427157719.203,-22.6912
1427157719.218,-18.564606
1427157719.234,-14.158718
1427157719.249,-9.267345
1427157719.265,-3.7351913
1427157719.281,2.352951
1427157719.296,8.672485
1427157719.312,14.758881
1427157719.328,20.193432
1427157719.343,24.746166
1427157719.359,28.488663
1427157719.374,31.746132
1427157719.39,35.00024
1427157719.406,38.78055
1427157719.421,43.478138
1427157719.437,49.202168
1427157719.453,55.569626
1427157719.468,61.655994
1427157719.484,66.1153
1427157719.499,67.54381
1427157719.515,65.02016
1427157719.531,58.42513
1427157719.546,48.589718
1427157719.562,36.947594
1427157719.578,25.03534
1427157719.593,13.994049
1427157719.609,4.3187103
1427157719.624,-4.0918045
1427157719.64,-11.598145
1427157719.656,-18.457108
1427157719.671,-24.66867
1427157719.687,-29.985153
1427157719.703,-34.11869
1427157719.718,-36.92478
1427157719.734,-38.53144
1427157719.749,-39.29464
1427157719.765,-39.634735
1427157719.781,-39.831863
1427157719.796,-39.97815
1427157719.812,-39.99716
1427157719.828,-39.755135
1427157719.843,-39.233025
1427157719.859,-38.572075
1427157719.874,-38.041748
1427157719.89,-37.853264
1427157719.906,-38.041298
1427157719.921,-38.34468
1427157719.937,-38.31492
1427157719.953,-37.455032
1427157719.968,-35.393112
1427157719.984,-32.063293
1427157719.999,-27.716263
1427157720.015,-22.870003
1427157720.031,-18.08252
1427157720.046,-13.779358
1427157720.062,-10.09819
1427157720.078,-6.8247375
1427157720.093,-3.5466843
1427157720.109,0.17366791
1427157720.124,4.5456696
1427157720.14,9.483398
1427157720.156,14.65049
1427157720.171,19.65493
1427157720.187,24.19564
1427157720.203,28.227058
1427157720.218,31.93959
1427157720.234,35.691833
1427157720.249,39.88813
1427157720.265,44.87713
1427157720.281,50.885963
1427157720.296,57.89689
1427157720.312,65.47766
1427157720.328,72.76215
1427157720.343,78.50382
1427157720.359,81.34642
1427157720.374,80.2349
1427157720.39,74.80453
1427157720.406,65.51715
1427157720.421,53.574554
1427157720.437,40.475136
1427157720.453,27.549416
1427157720.468,15.61763
1427157720.484,4.9426117
1427157720.499,-4.593651
1427157720.515,-13.157661
1427157720.531,-20.7193
1427157720.546,-27.040977
1427157720.562,-31.869873
1427157720.578,-35.154076
1427157720.593,-37.210304
1427157720.609,-38.59385
1427157720.624,-39.89953
1427157720.64,-41.46853
1427157720.656,-43.275856
1427157720.671,-45.00364
1427157720.687,-46.249985
1427157720.703,-46.793358
1427157720.718,-46.672974
1427157720.734,-46.15544
1427157720.749,-45.567307
1427157720.765,-45.08394
1427157720.781,-44.676544
1427157720.796,-44.108826
1427157720.812,-43.091286
1427157720.828,-41.35119
1427157720.843,-38.750633
1427157720.859,-35.264275
1427157720.874,-31.0141
1427157720.89,-26.209488
1427157720.906,-21.144447
1427157720.921,-16.145874
1427157720.937,-11.482307
1427157720.953,-7.29982
1427157720.968,-3.5526352
1427157720.984,-0.05101013
1427157721,3.452713
1427157721.015,7.1020126
1427157721.031,10.841713
1427157721.046,14.438126
1427157721.062,17.599365
1427157721.078,20.17334
1427157721.093,22.276505
1427157721.109,24.279762
1427157721.125,26.684464
1427157721.14,29.919243
1427157721.156,34.248787
1427157721.171,39.7246
1427157721.187,46.21044
1427157721.203,53.308563
1427157721.218,60.294594
1427157721.234,66.08415
1427157721.25,69.393196
1427157721.265,69.07663
1427157721.281,64.56349
1427157721.296,56.148468
1427157721.312,44.910027
1427157721.328,32.363663
1427157721.343,19.912628
1427157721.359,8.452126
1427157721.375,-1.7310867
1427157721.39,-10.742477
1427157721.406,-18.773468
1427157721.421,-25.80442
1427157721.437,-31.657974
1427157721.453,-36.08172
1427157721.468,-38.99681
1427157721.484,-40.55429
1427157721.5,-41.132256
1427157721.515,-41.17283
1427157721.531,-41.058746
1427157721.546,-41.004982
1427157721.562,-41.05301
1427157721.578,-41.157158
1427157721.593,-41.229523
1427157721.609,-41.211304
1427157721.625,-41.047325
1427157721.64,-40.660698
1427157721.656,-39.92842
1427157721.671,-38.67504
1427157721.687,-36.78727
1427157721.703,-34.240524
1427157721.718,-31.188065
1427157721.734,-27.899544
1427157721.75,-24.645996
1427157721.765,-21.53775
1427157721.781,-18.476746
1427157721.796,-15.148094
1427157721.812,-11.246605
1427157721.828,-6.629097
1427157721.843,-1.4196701
1427157721.859,3.990837
1427157721.875,9.142914
1427157721.89,13.689827
1427157721.906,17.53106
1427157721.921,20.83522
1427157721.937,23.979797
1427157721.953,27.431015
1427157721.968,31.59703
1427157721.984,36.761543
1427157722,42.953766
1427157722.015,49.859528
1427157722.031,56.668045
1427157722.046,62.213364
1427157722.062,65.167076
1427157722.078,64.49741
1427157722.093,59.810715
1427157722.109,51.552162
1427157722.125,40.82383
1427157722.14,29.002579
1427157722.156,17.308968
1427157722.171,6.53817
1427157722.187,-2.9540787
1427157722.203,-11.137894
1427157722.218,-18.06652
1427157722.234,-23.728416
1427157722.25,-28.096748
1427157722.265,-31.131805
1427157722.281,-32.90538
1427157722.296,-33.618866
1427157722.312,-33.57888
1427157722.328,-33.12323
1427157722.343,-32.582382
1427157722.359,-32.214905
1427157722.375,-32.165955
1427157722.39,-32.459442
1427157722.406,-33.011887
1427157722.421,-33.69191
1427157722.437,-34.3375
1427157722.453,-34.77549
1427157722.468,-34.82003
1427157722.484,-34.265167
1427157722.5,-32.905113
1427157722.515,-30.577286
1427157722.531,-27.27375
1427157722.546,-23.150124
1427157722.562,-18.535194
1427157722.578,-13.804939
1427157722.593,-9.2760315
1427157722.609,-5.0337677
1427157722.625,-0.9681015
1427157722.64,3.227005
1427157722.656,7.8092575
1427157722.671,12.831863
1427157722.687,18.096931
1427157722.703,23.192482
1427157722.718,27.691193
1427157722.734,31.361671
1427157722.75,34.287407
1427157722.765,36.863342
1427157722.781,39.703056
1427157722.796,43.40425
1427157722.812,48.31726
1427157722.828,54.331528
1427157722.843,60.75969
1427157722.859,66.43474
1427157722.875,69.93686
1427157722.89,70.06153
1427157722.906,66.199814
1427157722.921,58.566658
1427157722.937,48.10884
1427157722.953,36.188957
1427157722.968,24.105576
1427157722.984,12.742882
1427157723,2.4626846
1427157723.015,-6.768547
1427157723.031,-15.098541
1427157723.046,-22.551117
1427157723.062,-28.947922
1427157723.078,-34.008705
1427157723.093,-37.572372
1427157723.109,-39.698517
1427157723.125,-40.741997
1427157723.14,-41.17099
1427157723.156,-41.40528
1427157723.171,-41.607628
1427157723.187,-41.715202
1427157723.203,-41.51313
1427157723.218,-40.888542
1427157723.234,-39.928207
1427157723.25,-38.92843
1427157723.265,-38.236153
1427157723.281,-38.01848
1427157723.296,-38.15249
1427157723.312,-38.238274
1427157723.328,-37.748993
1427157723.343,-36.272606
1427157723.359,-33.652916
1427157723.375,-30.058716
1427157723.39,-25.854553
1427157723.406,-21.497856
1427157723.421,-17.298706
1427157723.437,-13.360992
1427157723.453,-9.545494
1427157723.468,-5.5665207
1427157723.484,-1.1434021
1427157723.5,3.8745346
1427157723.515,9.381725
1427157723.531,15.08408
1427157723.546,20.573364
1427157723.562,25.479286
1427157723.578,29.641293
1427157723.593,33.118504
1427157723.609,36.225285
1427157723.625,39.421394
1427157723.64,43.213524
1427157723.656,47.986904
1427157723.672,53.904118
1427157723.687,60.679512
1427157723.703,67.557526
1427157723.718,73.3348
1427157723.734,76.65372
1427157723.75,76.365395
1427157723.765,71.98755
1427157723.781,63.82891
1427157723.797,52.94852
1427157723.812,40.758106
1427157723.828,28.561005
1427157723.843,17.229378
1427157723.859,7.1004295
1427157723.875,-1.856617
1427157723.89,-9.8090515
1427157723.906,-16.831905
1427157723.922,-22.894405
1427157723.937,-27.93415
1427157723.953,-31.949238
1427157723.968,-35.067135
1427157723.984,-37.462395
1427157724,-39.29974
1427157724.015,-40.69001
1427157724.031,-41.690647
1427157724.047,-42.318043
1427157724.062,-42.63475
1427157724.078,-42.700188
1427157724.093,-42.591755
1427157724.109,-42.367516
1427157724.125,-42.067356
1427157724.14,-41.687065
1427157724.156,-41.15478
1427157724.172,-40.31379
1427157724.187,-38.97143
1427157724.203,-36.923004
1427157724.218,-34.08962
1427157724.234,-30.5476
1427157724.25,-26.576752
1427157724.265,-22.551266
1427157724.281,-18.813698
1427157724.297,-15.553471
1427157724.312,-12.732201
1427157724.328,-10.081932
1427157724.343,-7.2105446
1427157724.359,-3.7692413
1427157724.375,0.41451263
1427157724.39,5.2519493
1427157724.406,10.371784
1427157724.422,15.297722
1427157724.437,19.598793
1427157724.453,23.087616
1427157724.468,25.886154
1427157724.484,28.358059
1427157724.5,30.965961
1427157724.515,34.125637
1427157724.531,38.154568
1427157724.547,43.23608
1427157724.562,49.385338
1427157724.578,56.320263
1427157724.593,63.295193
1427157724.609,69.121056
1427157724.625,72.35305
1427157724.64,71.751205
1427157724.656,66.753494
1427157724.672,57.736362
1427157724.687,45.914776
1427157724.703,32.91808
1427157724.718,20.215275
1427157724.734,8.751068
1427157724.75,-1.1646996
1427157724.765,-9.669544
1427157724.781,-17.02293
1427157724.797,-23.341133
1427157724.812,-28.545654
1427157724.828,-32.481678
1427157724.843,-35.077778
1427157724.859,-36.470554
1427157724.875,-37.045456
1427157724.89,-37.296417
1427157724.906,-37.66164
1427157724.922,-38.351704
1427157724.937,-39.284805
1427157724.953,-40.19285
1427157724.968,-40.789486
1427157724.984,-40.923664
1427157725,-40.668175
1427157725.015,-40.23831
1427157725.031,-39.799747
1427157725.047,-39.30181
1427157725.062,-38.469463
1427157725.078,-36.906525
1427157725.093,-34.302555
1427157725.109,-30.616013
1427157725.125,-26.136768
1427157725.14,-21.3717
1427157725.156,-16.833614
1427157725.172,-12.817406
1427157725.187,-9.287212
1427157725.203,-5.9447746
1427157725.218,-2.3849106
1427157725.234,1.688137
1427157725.25,6.291893
1427157725.265,11.210068
1427157725.281,16.07938
1427157725.297,20.573166
1427157725.312,24.512413
1427157725.328,27.935543
1427157725.343,31.053383
1427157725.359,34.22414
1427157725.375,37.883835
1427157725.39,42.435795
1427157725.406,48.08731
1427157725.422,54.644863
1427157725.437,61.35538
1427157725.453,67.01013
1427157725.468,70.179825
1427157725.484,69.72706
1427157725.5,65.1871
1427157725.515,56.951126
1427157725.531,46.0841
1427157725.547,33.952892
1427157725.562,21.742662
1427157725.578,10.211479
1427157725.593,-0.3544178
1427157725.609,-9.928589
1427157725.625,-18.519102
1427157725.64,-26.022758
1427157725.656,-32.257736
1427157725.672,-37.058357
1427157725.687,-40.401554
1427157725.703,-42.466446
1427157725.718,-43.535362
1427157725.734,-43.93896
1427157725.75,-43.956497
1427157725.765,-43.78962
1427157725.781,-43.55797
1427157725.797,-43.311264
1427157725.812,-43.064064
1427157725.828,-42.777084
1427157725.843,-42.391026
1427157725.859,-41.81617
1427157725.875,-40.995937
1427157725.89,-39.90728
1427157725.906,-38.566723
1427157725.922,-36.98797
1427157725.937,-35.181915
1427157725.953,-33.100986
1427157725.968,-30.707611
1427157725.984,-28.003433
1427157726,-25.047394
1427157726.015,-21.958729
1427157726.031,-18.849354
1427157726.047,-15.765269
1427157726.062,-12.674702
1427157726.078,-9.460688
1427157726.093,-6.009636
1427157726.109,-2.2154045
1427157726.125,1.9554223
1427157726.14,6.4931946
1427157726.156,11.312682
1427157726.172,16.275911
1427157726.187,21.192125
1427157726.203,25.854233
1427157726.218,30.110838
1427157726.234,33.95615
1427157726.25,37.51581
1427157726.265,41.074738
1427157726.281,44.96425
1427157726.297,49.510544
1427157726.312,54.888798
1427157726.328,61.010677
1427157726.344,67.380745
1427157726.359,73.057594
1427157726.375,76.82143
1427157726.39,77.456856
1427157726.406,74.192184
1427157726.422,67.030396
1427157726.437,56.757954
1427157726.453,44.704536
1427157726.469,32.244484
1427157726.484,20.375275
1427157726.5,9.533497
1427157726.515,-0.24900818
1427157726.531,-9.092279
1427157726.547,-16.991726
1427157726.562,-23.786774
1427157726.578,-29.247765
1427157726.594,-33.261734
1427157726.609,-35.91848
1427157726.625,-37.47608
1427157726.64,-38.2699
1427157726.656,-38.633118
1427157726.672,-38.807236
1427157726.687,-38.958466
1427157726.703,-39.16918
1427157726.719,-39.4505
1427157726.734,-39.744984
1427157726.75,-39.968964
1427157726.765,-40.010384
1427157726.781,-39.754845
1427157726.797,-39.104523
1427157726.812,-37.9536
1427157726.828,-36.2281
1427157726.844,-33.89093
1427157726.859,-30.97039
1427157726.875,-27.575588
1427157726.89,-23.862183
1427157726.906,-20.031094
1427157726.922,-16.22327
1427157726.937,-12.558601
1427157726.953,-9.088978
1427157726.969,-5.821602
1427157726.984,-2.691227
1427157727,0.41545486
1427157727.015,3.6657639
1427157727.031,7.188526
1427157727.047,11.054497
1427157727.062,15.180088
1427157727.078,19.348183
1427157727.094,23.303139
1427157727.109,26.832645
1427157727.125,29.868843
1427157727.14,32.512817
1427157727.156,34.983253
1427157727.172,37.56579
1427157727.187,40.545296
1427157727.203,44.19034
1427157727.219,48.652767
1427157727.234,53.849953
1427157727.25,59.317482
1427157727.265,64.16588
1427157727.281,67.21396
1427157727.297,67.35376
1427157727.312,63.940502
1427157727.328,57.06037
1427157727.344,47.505947
1427157727.359,36.503586
1427157727.375,25.249626
1427157727.39,14.619053
1427157727.406,4.9838753
1427157727.422,-3.5918617
1427157727.437,-11.143017
1427157727.453,-17.610912
1427157727.469,-22.852215
1427157727.484,-26.722118
1427157727.5,-29.2538
1427157727.515,-30.688087
1427157727.531,-31.454292
1427157727.547,-31.966797
1427157727.562,-32.511784
1427157727.578,-33.17236
1427157727.594,-33.866325
1427157727.609,-34.449406
1427157727.625,-34.80261
1427157727.64,-34.91081
1427157727.656,-34.84165
1427157727.672,-34.636658
1427157727.687,-34.306355
1427157727.703,-33.75281
1427157727.719,-32.848663
1427157727.734,-31.48399
1427157727.75,-29.605137
1427157727.765,-27.222858
1427157727.781,-24.355053
1427157727.797,-20.994926
1427157727.812,-17.133755
1427157727.828,-12.773407
1427157727.844,-7.9851685
1427157727.859,-2.9211426
1427157727.875,2.173668
1427157727.89,7.073326
1427157727.906,11.614559
1427157727.922,15.760826
1427157727.937,19.600391
1427157727.953,23.332752
1427157727.969,27.204948
1427157727.984,31.496933
1427157728,36.44646
1427157728.015,42.12132
1427157728.031,48.239178
1427157728.047,54.07503
1427157728.062,58.499474
1427157728.078,60.321262
1427157728.094,58.637794
1427157728.109,53.2604
1427157728.125,44.777603
1427157728.14,34.38779
1427157728.156,23.418266
1427157728.172,12.9114
1427157728.187,3.3571281
1427157728.203,-5.2132454
1427157728.219,-12.973198
1427157728.234,-19.951244
1427157728.25,-25.987316
1427157728.265,-30.7556
1427157728.281,-34.04121
1427157728.297,-35.851093
1427157728.312,-36.50266
1427157728.328,-36.45725
1427157728.344,-36.16491
1427157728.359,-35.863598
1427157728.375,-35.59433
1427157728.39,-35.21874
1427157728.406,-34.64008
1427157728.422,-33.84184
1427157728.437,-32.96127
1427157728.453,-32.182842
1427157728.469,-31.595058
1427157728.484,-31.072933
1427157728.5,-30.337395
1427157728.515,-29.023071
1427157728.531,-26.883148
1427157728.547,-23.890594
1427157728.562,-20.289898
1427157728.578,-16.445728
1427157728.594,-12.718567
1427157728.609,-9.280743
1427157728.625,-6.0742836
1427157728.64,-2.8279
1427157728.656,0.7799072
1427157728.672,4.982353
1427157728.687,9.751259
1427157728.703,14.85038
1427157728.719,19.879066
1427157728.734,24.491459
1427157728.75,28.536366
1427157728.765,32.11796
1427157728.781,35.527096
1427157728.797,39.151936
1427157728.812,43.37703
1427157728.828,48.469006
1427157728.844,54.454033
1427157728.859,60.99691
1427157728.875,67.28267
1427157728.89,72.10117
1427157728.906,74.100815
1427157728.922,72.26773
1427157728.937,66.30939
1427157728.953,56.855015
1427157728.969,45.1982
1427157728.984,32.85996
1427157729,21.013996
1427157729.016,10.283466
1427157729.031,0.7077217
1427157729.047,-7.869995
1427157729.062,-15.555588
1427157729.078,-22.23524
1427157729.094,-27.671932
1427157729.109,-31.68525
1427157729.125,-34.33252
1427157729.14,-35.901672
1427157729.156,-36.83382
1427157729.172,-37.505398
1427157729.187,-38.13385
1427157729.203,-38.736507
1427157729.219,-39.193752
1427157729.234,-39.343613
1427157729.25,-39.1207
1427157729.266,-38.57563
1427157729.281,-37.85683
1427157729.297,-37.138084
1427157729.312,-36.512306
1427157729.328,-35.898014
1427157729.344,-35.05371
1427157729.359,-33.66514
1427157729.375,-31.464897
1427157729.391,-28.386623
1427157729.406,-24.60059
1427157729.422,-20.453411
1427157729.437,-16.341927
1427157729.453,-12.534134
1427157729.469,-9.044094
1427157729.484,-5.659462
1427157729.5,-2.0363655
1427157729.516,2.1522331
1427157729.531,6.999218
1427157729.547,12.364891
1427157729.562,17.880146
1427157729.578,23.101791
1427157729.594,27.66927
1427157729.609,31.48125
1427157729.625,34.662045
1427157729.641,37.547485
1427157729.656,40.552074
1427157729.672,44.0772
1427157729.687,48.402695
1427157729.703,53.62527
1427157729.719,59.475536
1427157729.734,65.30347
1427157729.75,70.049515
1427157729.766,72.46661
1427157729.781,71.4686
1427157729.797,66.56308
1427157729.812,58.05352
1427157729.828,46.997623
1427157729.844,34.81378
1427157729.859,22.827702
1427157729.875,11.874817
1427157729.891,2.2172012
1427157729.906,-6.2877617
1427157729.922,-13.836205
1427157729.937,-20.485104
1427157729.953,-26.080486
1427157729.969,-30.38035
1427157729.984,-33.25431
1427157730,-34.833023
1427157730.016,-35.438675
1427157730.031,-35.51208
1427157730.047,-35.43692
1427157730.062,-35.446823
1427157730.078,-35.588585
1427157730.094,-35.8256
1427157730.109,-36.09506
1427157730.125,-36.37102
1427157730.141,-36.595764
1427157730.156,-36.70292
1427157730.172,-36.52475
1427157730.187,-35.871674
1427157730.203,-34.556217
1427157730.219,-32.50001
1427157730.234,-29.753206
1427157730.25,-26.492817
1427157730.266,-22.926027
1427157730.281,-19.22667
1427157730.297,-15.465077
1427157730.312,-11.620666
1427157730.328,-7.613658
1427157730.344,-3.430584
1427157730.359,0.886464
1427157730.375,5.176526
1427157730.391,9.278124
1427157730.406,13.08548
1427157730.422,16.635656
1427157730.437,20.153666
1427157730.453,23.998123
1427157730.469,28.556992
1427157730.484,34.083736
1427157730.5,40.47646
1427157730.516,47.15174
1427157730.531,53.060577
1427157730.547,56.91678
1427157730.562,57.552177
1427157730.578,54.38073
1427157730.594,47.585037
1427157730.609,38.101055
1427157730.625,27.239819
1427157730.641,16.281937
1427157730.656,6.059557
1427157730.672,-3.0997248
1427157730.687,-11.24116
1427157730.703,-18.453568
1427157730.719,-24.67191
1427157730.734,-29.652775
1427157730.75,-33.1389
1427157730.766,-35.06977
1427157730.781,-35.722046
1427157730.797,-35.619743
1427157730.812,-35.345596
1427157730.828,-35.320656
1427157730.844,-35.681255
1427157730.859,-36.276398
1427157730.875,-36.84933
1427157730.891,-37.16587
1427157730.906,-37.121788
1427157730.922,-36.721123
1427157730.937,-36.016975
1427157730.953,-35.03576
1427157730.969,-33.754837
1427157730.984,-32.088234
1427157731,-29.98652
1427157731.016,-27.408741
1427157731.031,-24.37422
1427157731.047,-20.911592
1427157731.062,-17.011667
1427157731.078,-12.667049
1427157731.094,-7.851797
1427157731.109,-2.5899868
1427157731.125,2.9875526
1427157731.141,8.654678
1427157731.156,14.13723
1427157731.172,19.204935
1427157731.187,23.735086
1427157731.203,27.827465
1427157731.219,31.739315
1427157731.234,35.86892
1427157731.25,40.61512
1427157731.266,46.283363
1427157731.281,52.864025
1427157731.297,59.927048
1427157731.312,66.544014
1427157731.328,71.43395
1427157731.344,73.27534
1427157731.359,71.15638
1427157731.375,64.89896
1427157731.391,55.21
1427157731.406,43.389698
1427157731.422,30.90805
1427157731.437,18.917
1427157731.453,8.013079
1427157731.469,-1.7617493
1427157731.484,-10.596548
1427157731.5,-18.654861
1427157731.516,-25.836071
1427157731.531,-31.882376
1427157731.547,-36.49784
1427157731.562,-39.622063
1427157731.578,-41.473137
1427157731.594,-42.529396
1427157731.609,-43.3177
1427157731.625,-44.17575
1427157731.641,-45.148743
1427157731.656,-46.027344
1427157731.672,-46.485905
1427157731.688,-46.32261
1427157731.703,-45.56638
1427157731.719,-44.45372
1427157731.734,-43.27121
1427157731.75,-42.211
1427157731.766,-41.193188
1427157731.781,-39.98174
1427157731.797,-38.26774
1427157731.812,-35.86875
1427157731.828,-32.758106
1427157731.844,-29.12414
1427157731.859,-25.25763
1427157731.875,-21.462824
1427157731.891,-17.927961
1427157731.906,-14.675306
1427157731.922,-11.52363
1427157731.938,-8.133633
1427157731.953,-4.1222973
1427157731.969,0.75346565
1427157731.984,6.4627037
1427157732,12.641075
1427157732.016,18.777504
1427157732.031,24.368292
1427157732.047,29.206924
1427157732.063,33.40651
1427157732.078,37.37711
1427157732.094,41.583954
1427157732.109,46.421684
1427157732.125,52.09414
1427157732.141,58.632515
1427157732.156,65.78723
1427157732.172,72.9599
1427157732.188,79.13573
1427157732.203,83.00916
1427157732.219,83.32354
1427157732.234,79.34668
1427157732.25,71.19172
1427157732.266,59.82827
1427157732.281,46.74517
1427157732.297,33.409
1427157732.313,20.803547
1427157732.328,9.354183
1427157732.344,-0.9560127
1427157732.359,-10.250147
1427157732.375,-18.555052
1427157732.391,-25.73748
1427157732.406,-31.632061
1427157732.422,-36.1585
1427157732.438,-39.41378
1427157732.453,-41.598793
1427157732.469,-42.9978
1427157732.484,-43.884727
1427157732.5,-44.529648
1427157732.516,-45.096855
1427157732.531,-45.659157
1427157732.547,-46.136803
1427157732.563,-46.355747
1427157732.578,-46.12513
1427157732.594,-45.369686
1427157732.609,-44.15261
1427157732.625,-42.663727
1427157732.641,-41.07274
1427157732.656,-39.462994
1427157732.672,-37.73162
1427157732.688,-35.697796
1427157732.703,-33.161343
1427157732.719,-30.065662
1427157732.734,-26.529224
1427157732.75,-22.78593
1427157732.766,-19.079063
1427157732.781,-15.538944
1427157732.797,-12.106762
1427157732.813,-8.609606
1427157732.828,-4.844715
1427157732.844,-0.72031593
1427157732.859,3.725689
1427157732.875,8.320425
1427157732.891,12.847225
1427157732.906,17.126324
1427157732.922,21.110048
1427157732.938,24.83656
1427157732.953,28.437256
1427157732.969,32.020435
1427157732.984,35.7296
1427157733,39.715538
1427157733.016,44.214603
1427157733.031,49.477
1427157733.047,55.625984
1427157733.063,62.44112
1427157733.078,69.188675
1427157733.094,74.64842
1427157733.109,77.408005
1427157733.125,76.30783
1427157733.141,70.8886
1427157733.156,61.587364
1427157733.172,49.614155
1427157733.188,36.50344
1427157733.203,23.625574
1427157733.219,11.799656
1427157733.234,1.2744675
1427157733.25,-8.082685
1427157733.266,-16.43483
1427157733.281,-23.793243
1427157733.297,-29.951843
1427157733.313,-34.68162
1427157733.328,-37.90137
1427157733.344,-39.786106
1427157733.359,-40.714382
1427157733.375,-41.1454
1427157733.391,-41.425007
1427157733.406,-41.722572
1427157733.422,-42.02131
1427157733.438,-42.211018
1427157733.453,-42.194885
1427157733.469,-41.951126
1427157733.484,-41.505352
1427157733.5,-40.89027
1427157733.516,-40.051178
1427157733.531,-38.85976
1427157733.547,-37.094486
1427157733.563,-34.60583
1427157733.578,-31.344337
1427157733.594,-27.450031
1427157733.609,-23.162273
1427157733.625,-18.767353
1427157733.641,-14.423611
1427157733.656,-10.134327
1427157733.672,-5.7686157
1427157733.688,-1.2024994
1427157733.703,3.6026726
1427157733.719,8.512169
1427157733.734,13.305157
1427157733.75,17.74879
1427157733.766,21.758461
1427157733.781,25.406963
1427157733.797,28.949223
1427157733.813,32.758686
1427157733.828,37.24826
1427157733.844,42.682526
1427157733.859,49.040127
1427157733.875,55.785706
1427157733.891,61.872395
1427157733.906,65.90675
1427157733.922,66.59923
1427157733.938,63.22511
1427157733.953,55.931118
1427157733.969,45.683224
1427157733.984,33.898575
1427157734,21.926464
1427157734.016,10.663071
1427157734.031,0.4471054
1427157734.047,-8.755306
1427157734.063,-17.042511
1427157734.078,-24.377766
1427157734.094,-30.550224
1427157734.109,-35.28971
1427157734.125,-38.471237
1427157734.141,-40.20024
1427157734.156,-40.812706
1427157734.172,-40.74574
1427157734.188,-40.45017
1427157734.203,-40.21603
1427157734.219,-40.150185
1427157734.234,-40.205513
1427157734.25,-40.23396
1427157734.266,-40.08607
1427157734.281,-39.698048
1427157734.297,-39.11887
1427157734.313,-38.4445
1427157734.328,-37.717484
1427157734.344,-36.87629
1427157734.359,-35.72481
1427157734.375,-34.01759
1427157734.391,-31.552155
1427157734.406,-28.280552
1427157734.422,-24.318241
1427157734.438,-19.943142
1427157734.453,-15.489288
1427157734.469,-11.253548
1427157734.484,-7.3611298
1427157734.5,-3.7533646
1427157734.516,-0.18997002
1427157734.531,3.606203
1427157734.547,7.850107
1427157734.563,12.55341
1427157734.578,17.526705
1427157734.594,22.433546
1427157734.61,26.979437
1427157734.625,30.991915
1427157734.641,34.541985
1427157734.656,37.844322
1427157734.672,41.2842
1427157734.688,45.245132
1427157734.703,50.06273
1427157734.719,55.920273
1427157734.735,62.694107
1427157734.75,69.79316
1427157734.766,76.1514
1427157734.781,80.37859
1427157734.797,81.159676
1427157734.813,77.713844
1427157734.828,70.12836
1427157734.844,59.31899
1427157734.86,46.71666
1427157734.875,33.745644
1427157734.891,21.39076
1427157734.906,10.04845
1427157734.922,-0.278759
1427157734.938,-9.7244625
1427157734.953,-18.241776
1427157734.969,-25.60071
1427157734.985,-31.49171
1427157735,-35.753555
1427157735.016,-38.50319
1427157735.031,-40.108192
1427157735.047,-41.04977
1427157735.063,-41.75157
1427157735.078,-42.48259
1427157735.094,-43.33068
1427157735.11,-44.230873
1427157735.125,-45.085983
1427157735.141,-45.764347
1427157735.156,-46.198578
1427157735.172,-46.36573
1427157735.188,-46.265537
1427157735.203,-45.88464
1427157735.219,-45.154247
1427157735.235,-43.915894
1427157735.25,-41.974354
1427157735.266,-39.15682
1427157735.281,-35.442757
1427157735.297,-30.982143
1427157735.313,-26.084984
1427157735.328,-21.096333
1427157735.344,-16.292168
1427157735.36,-11.812157
1427157735.375,-7.643654
1427157735.391,-3.6723404
1427157735.406,0.2533989
1427157735.422,4.2876434
1427157735.438,8.54668
1427157735.453,13.082188
1427157735.469,17.814758
1427157735.485,22.580147
1427157735.5,27.13115
1427157735.516,31.264977
1427157735.531,34.92101
1427157735.547,38.231316
1427157735.563,41.501244
1427157735.578,45.12581
1427157735.594,49.47832
1427157735.61,54.828728
1427157735.625,61.143738
1427157735.641,67.9955
1427157735.656,74.462265
1427157735.672,79.24195
1427157735.688,80.95864
1427157735.703,78.58972
1427157735.719,71.85981
1427157735.735,61.392723
1427157735.75,48.51463
1427157735.766,34.806553
1427157735.781,21.612164
1427157735.797,9.711586
1427157735.813,-0.69368744
1427157735.828,-9.7813
1427157735.844,-17.804447
1427157735.86,-24.890038
1427157735.875,-30.974663
1427157735.891,-35.899445
1427157735.906,-39.566822
1427157735.922,-41.988914
1427157735.938,-43.363724
1427157735.953,-43.97714
1427157735.969,-44.149826
1427157735.985,-44.11339
1427157736,-44.012505
1427157736.016,-43.87889
1427157736.031,-43.71901
1427157736.047,-43.488503
1427157736.063,-43.134216
1427157736.078,-42.572758
1427157736.094,-41.660725
1427157736.11,-40.23564
1427157736.125,-38.170162
1427157736.141,-35.438614
1427157736.156,-32.17824
1427157736.172,-28.59858
1427157736.188,-24.91848
1427157736.203,-21.24432
1427157736.219,-17.5368
1427157736.235,-13.64962
1427157736.25,-9.43589
1427157736.266,-4.85104
1427157736.281,-0.0024871826
1427157736.297,4.91547
1427157736.313,9.673122
1427157736.328,14.132515
1427157736.344,18.287704
1427157736.36,22.25851
1427157736.375,26.27935
1427157736.391,30.658134
1427157736.406,35.678467
1427157736.422,41.527924
1427157736.438,48.046234
1427157736.453,54.60589
1427157736.469,60.090355
1427157736.485,63.18898
1427157736.5,62.785595
1427157736.516,58.455227
1427157736.531,50.62724
1427157736.547,40.485302
1427157736.563,29.46534
1427157736.578,18.762299
1427157736.594,8.9981
1427157736.61,0.22799683
1427157736.625,-7.7952957
1427157736.641,-15.295605
1427157736.656,-22.262852
1427157736.672,-28.421265
1427157736.688,-33.429173
1427157736.703,-37.085625
1427157736.719,-39.447617
1427157736.735,-40.816597
1427157736.75,-41.60411
1427157736.766,-42.185734
1427157736.781,-42.79523
1427157736.797,-43.461494
1427157736.813,-44.076096
1427157736.828,-44.49176
1427157736.844,-44.613956
1427157736.86,-44.443672
1427157736.875,-44.017826
1427157736.891,-43.322563
1427157736.906,-42.24267
1427157736.922,-40.54256
1427157736.938,-37.994087
1427157736.953,-34.526756
1427157736.969,-30.291508
1427157736.985,-25.638645
1427157737,-20.966484
1427157737.016,-16.517643
1427157737.031,-12.279938
1427157737.047,-7.9810295
1427157737.063,-3.2890167
1427157737.078,2.0287514
1427157737.094,7.896595
1427157737.11,13.994926
1427157737.125,19.848412
1427157737.141,25.061184
1427157737.156,29.479206
1427157737.172,33.27464
1427157737.188,36.890812
1427157737.203,40.884876
1427157737.219,45.758835
1427157737.235,51.78205
1427157737.25,58.82342
1427157737.266,66.281685
1427157737.282,73.07724
1427157737.297,77.8405
1427157737.313,79.27715
1427157737.328,76.5857
1427157737.344,69.739044
1427157737.36,59.54064
1427157737.375,47.31684
1427157737.391,34.473526
1427157737.407,22.02428
1427157737.422,10.4557
1427157737.438,-0.20722198
1427157737.453,-10.070648
1427157737.469,-19.138203
1427157737.485,-27.155338
1427157737.5,-33.78305
1427157737.516,-38.73307
1427157737.532,-41.971123
1427157737.547,-43.718006
1427157737.563,-44.366104
1427157737.578,-44.325268
1427157737.594,-43.93488
1427157737.61,-43.411285
1427157737.625,-42.85886
1427157737.641,-42.2934
1427157737.657,-41.73965
1427157737.672,-41.199486
1427157737.688,-40.706326
1427157737.703,-40.270916
1427157737.719,-39.846016
1427157737.735,-39.292267
1427157737.75,-38.382034
1427157737.766,-36.864315
1427157737.782,-34.536102
1427157737.797,-31.370724
1427157737.813,-27.52884
1427157737.828,-23.299244
1427157737.844,-19.03135
1427157737.86,-14.9171715
1427157737.875,-10.996223
1427157737.891,-7.116646
1427157737.907,-3.071865
1427157737.922,1.321579
1427157737.938,6.108803
1427157737.953,11.199329
1427157737.969,16.354275
1427157737.985,21.299229
1427157738,25.775726
1427157738.016,29.645184
1427157738.032,32.91797
1427157738.047,35.816036
1427157738.063,38.725597
1427157738.078,42.14158
1427157738.094,46.56256
1427157738.11,52.328472
1427157738.125,59.339424
1427157738.141,66.947975
1427157738.157,73.916016
1427157738.172,78.67306
1427157738.188,79.774635
1427157738.203,76.387
1427157738.219,68.63553
1427157738.235,57.556076
1427157738.25,44.708267
1427157738.266,31.63579
1427157738.282,19.407877
1427157738.297,8.459944
1427157738.313,-1.3034325
1427157738.328,-10.116449
1427157738.344,-18.150917
1427157738.36,-25.337084
1427157738.375,-31.466415
1427157738.391,-36.326305
1427157738.407,-39.85424
1427157738.422,-42.184525
1427157738.438,-43.636726
1427157738.453,-44.56564
1427157738.469,-45.280014
1427157738.485,-45.89915
1427157738.5,-46.381844
1427157738.516,-46.562477
1427157738.532,-46.33904
1427157738.547,-45.706604
1427157738.563,-44.810043
1427157738.578,-43.806137
1427157738.594,-42.799744
1427157738.61,-41.702618
1427157738.625,-40.306313
1427157738.641,-38.369476
1427157738.657,-35.76741
1427157738.672,-32.544937
1427157738.688,-28.878004
1427157738.703,-25.004139
1427157738.719,-21.121252
1427157738.735,-17.32809
1427157738.75,-13.6348
1427157738.766,-9.967211
1427157738.782,-6.217634
1427157738.797,-2.2437706
1427157738.813,2.0575848
1427157738.828,6.721409
1427157738.844,11.640196
1427157738.86,16.5867
1427157738.875,21.266266
1427157738.891,25.432617
1427157738.907,28.985361
1427157738.922,32.03202
1427157738.938,34.839405
1427157738.953,37.771465
1427157738.969,41.16966
1427157738.985,45.34374
1427157739,50.46824
1427157739.016,56.524876
1427157739.032,63.11463
1427157739.047,69.38937
1427157739.063,74.06314
1427157739.078,75.75029
1427157739.094,73.398254
1427157739.11,66.726074
1427157739.125,56.391945
1427157739.141,43.76563
1427157739.157,30.4367
1427157739.172,17.690868
1427157739.188,6.1871433
1427157739.203,-3.992632
1427157739.219,-13.074837
1427157739.235,-21.247427
1427157739.25,-28.481503
1427157739.266,-34.557873
1427157739.282,-39.258617
1427157739.297,-42.524868
1427157739.313,-44.557243
1427157739.328,-45.706886
1427157739.344,-46.37659
1427157739.36,-46.840702
1427157739.375,-47.182278
1427157739.391,-47.329887
1427157739.407,-47.154564
1427157739.422,-46.569057
1427157739.438,-45.586792
1427157739.453,-44.28603
1427157739.469,-42.752735
1427157739.485,-40.98661
1427157739.5,-38.906082
1427157739.516,-36.4005
1427157739.532,-33.421593
1427157739.547,-30.008997
1427157739.563,-26.278763
1427157739.578,-22.34476
1427157739.594,-18.221563
1427157739.61,-13.822601
1427157739.625,-9.025648
1427157739.641,-3.750269
1427157739.657,1.9040751
1427157739.672,7.7033095
1427157739.688,13.281801
1427157739.703,18.345034
1427157739.719,22.732386
1427157739.735,26.532316
1427157739.75,30.003654
1427157739.766,33.610516
1427157739.782,37.844383
1427157739.797,43.08
1427157739.813,49.39182
1427157739.828,56.339085
1427157739.844,62.916157
1427157739.86,67.72351
1427157739.875,69.36935
1427157739.891,66.96188
1427157739.907,60.450047
1427157739.922,50.685246
1427157739.938,39.0418
1427157739.954,26.988934
1427157739.969,15.563099
1427157739.985,5.2400036
1427157740,-3.9914446
1427157740.016,-12.31526
1427157740.032,-19.860493
1427157740.047,-26.528717
1427157740.063,-32.10751
1427157740.078,-36.4111
1427157740.094,-39.38988
1427157740.11,-41.183517
1427157740.125,-42.088432
1427157740.141,-42.433144
1427157740.157,-42.478348
1427157740.172,-42.33264
1427157740.188,-41.973015
1427157740.204,-41.326035
1427157740.219,-40.372383
1427157740.235,-39.207226
1427157740.25,-38.031075
1427157740.266,-37.0082
1427157740.282,-36.15914
1427157740.297,-35.2665
1427157740.313,-33.978836
1427157740.329,-31.936863
1427157740.344,-29.00387
1427157740.36,-25.298634
1427157740.375,-21.16539
1427157740.391,-16.986763
1427157740.407,-13.049696
1427157740.422,-9.425129
1427157740.438,-5.978819
1427157740.454,-2.4593792
1427157740.469,1.3913517
1427157740.485,5.7041206
1427157740.5,10.450775
1427157740.516,15.442867
1427157740.532,20.379429
1427157740.547,24.982262
1427157740.563,29.055664
1427157740.579,32.591953
1427157740.594,35.74464
1427157740.61,38.80031
1427157740.625,42.114338
1427157740.641,46.051983
1427157740.657,50.881355
1427157740.672,56.628418
1427157740.688,62.940678
1427157740.704,68.97115
1427157740.719,73.47348
1427157740.735,75.11868
1427157740.75,72.89986
1427157740.766,66.54817
1427157740.782,56.649975
1427157740.797,44.467255
1427157740.813,31.468018
1427157740.829,18.892033
1427157740.844,7.422371
1427157740.86,-2.7607765
1427157740.875,-11.812603
1427157740.891,-19.88852
1427157740.907,-26.989262
1427157740.922,-32.9374
1427157740.938,-37.523464
1427157740.954,-40.657043
1427157740.969,-42.48906
1427157740.985,-43.38219
1427157741,-43.77731
1427157741.016,-43.99928
1427157741.032,-44.1528
1427157741.047,-44.11533
1427157741.063,-43.720165
1427157741.079,-42.897217
1427157741.094,-41.78915
1427157741.11,-40.671856
1427157741.125,-39.803062
1427157741.141,-39.187298
1427157741.157,-38.587193
1427157741.172,-37.60153
1427157741.188,-35.908245
1427157741.204,-33.413586
1427157741.219,-30.309566
1427157741.235,-26.933434
1427157741.25,-23.578285
1427157741.266,-20.382885
1427157741.282,-17.287426
1427157741.297,-14.121468
1427157741.313,-10.735268
1427157741.329,-7.079422
1427157741.344,-3.2499924
1427157741.36,0.5928192
1427157741.375,4.278305
1427157741.391,7.75148
1427157741.407,11.055199
1427157741.422,14.36293
1427157741.438,17.832512
1427157741.454,21.542465
1427157741.469,25.434128
1427157741.485,29.358574
1427157741.5,33.09017
1427157741.516,36.458374
1427157741.532,39.396378
1427157741.547,41.987556
1427157741.563,44.4523
1427157741.579,47.144295
1427157741.594,50.4899
1427157741.61,54.843315
1427157741.625,60.233253
1427157741.641,66.19467
1427157741.657,71.67206
1427157741.672,75.22812
1427157741.688,75.49739
1427157741.704,71.66818
1427157741.719,63.811745
1427157741.735,52.87834
1427157741.75,40.305595
1427157741.766,27.521309
1427157741.782,15.518478
1427157741.797,4.7756653
1427157741.813,-4.659767
1427157741.829,-12.856033
1427157741.844,-19.843452
1427157741.86,-25.52713
1427157741.875,-29.803963
1427157741.891,-32.691597
1427157741.907,-34.41011
1427157741.922,-35.324303
1427157741.938,-35.85701
1427157741.954,-36.34607
1427157741.969,-36.96389
1427157741.985,-37.660233
1427157742,-38.252464
1427157742.016,-38.504173
1427157742.032,-38.307777
1427157742.047,-37.70263
1427157742.063,-36.88584
1427157742.079,-36.037483
1427157742.094,-35.229897
1427157742.11,-34.2733
1427157742.125,-32.880226
1427157742.141,-30.767303
1427157742.157,-27.856384
1427157742.172,-24.330658
1427157742.188,-20.584648
1427157742.204,-16.995842
1427157742.219,-13.763573
1427157742.235,-10.818825
1427157742.25,-7.8955307
1427157742.266,-4.6877213
1427157742.282,-1.0137787
1427157742.297,3.0950089
1427157742.313,7.3733215
1427157742.329,11.495399
1427157742.344,15.142227
1427157742.36,18.208809
1427157742.375,20.808647
1427157742.391,23.262825
1427157742.407,25.995049
1427157742.422,29.44983
1427157742.438,33.91594
1427157742.454,39.458817
1427157742.469,45.7864
1427157742.485,52.18509
1427157742.5,57.56711
1427157742.516,60.720917
1427157742.532,60.616676
1427157742.547,56.789177
1427157742.563,49.503693
1427157742.579,39.68432
1427157742.594,28.568436
1427157742.61,17.336044
1427157742.626,6.7731857
1427157742.641,-2.7276535
1427157742.657,-11.051788
1427157742.672,-18.137772
1427157742.688,-23.89228
1427157742.704,-28.218544
1427157742.719,-31.122993
1427157742.735,-32.759903
1427157742.75,-33.46157
1427157742.766,-33.586647
1427157742.782,-33.47174
1427157742.797,-33.32193
1427157742.813,-33.241096
1427157742.829,-33.21289
1427157742.844,-33.19507
1427157742.86,-33.126137
1427157742.876,-32.989693
1427157742.891,-32.793137
1427157742.907,-32.556686
1427157742.922,-32.217598
1427157742.938,-31.63102
1427157742.954,-30.572006
1427157742.969,-28.855751
1427157742.985,-26.41278
1427157743.001,-23.388153
1427157743.016,-20.053337
1427157743.032,-16.722168
1427157743.047,-13.579628
1427157743.063,-10.655052
1427157743.079,-7.790062
1427157743.094,-4.7346573
1427157743.11,-1.2173157
1427157743.126,2.9338531
1427157743.141,7.744446
1427157743.157,13.032944
1427157743.172,18.446213
1427157743.188,23.559792
1427157743.204,28.022064
1427157743.219,31.702438
1427157743.235,34.803764
1427157743.251,37.77603
1427157743.266,41.237114
1427157743.282,45.730453
1427157743.297,51.520927
1427157743.313,58.356728
1427157743.329,65.4477
1427157743.344,71.51852
1427157743.36,75.10806
1427157743.376,74.97927
1427157743.391,70.546585
1427157743.407,62.092148
1427157743.422,50.68508
1427157743.438,37.826065
1427157743.454,24.929878
1427157743.469,12.95282
1427157743.485,2.304451
1427157743.501,-7.058708
1427157743.516,-15.280052
1427157743.532,-22.456772
1427157743.547,-28.52021
1427157743.563,-33.325363
1427157743.579,-36.79351
1427157743.594,-38.98505
1427157743.61,-40.116898
1427157743.626,-40.526585
1427157743.641,-40.54872
1427157743.657,-40.453
1427157743.672,-40.360153
1427157743.688,-40.266315
1427157743.704,-40.05223
1427157743.719,-39.616863
1427157743.735,-38.91511
1427157743.751,-38.026558
1427157743.766,-37.08299
1427157743.782,-36.19556
1427157743.797,-35.33623
1427157743.813,-34.374874
1427157743.829,-33.089584
1427157743.844,-31.28973
1427157743.86,-28.860394
1427157743.876,-25.812939
1427157743.891,-22.242619
1427157743.907,-18.300766
1427157743.922,-14.176525
1427157743.938,-10.061279
1427157743.954,-6.128418
1427157743.969,-2.4668427
1427157743.985,0.94363403
1427157744.001,4.2235603
1427157744.016,7.535671
1427157744.032,11.010975
1427157744.047,14.682201
1427157744.063,18.464989
1427157744.079,22.234062
1427157744.094,25.848228
1427157744.11,29.249187
1427157744.126,32.454945
1427157744.141,35.58539
1427157744.157,38.842937
1427157744.172,42.57469
1427157744.188,47.140713
1427157744.204,52.772003
1427157744.219,59.342712
1427157744.235,66.17566
1427157744.251,72.05536
1427157744.266,75.51616
1427157744.282,75.31114
1427157744.297,70.87764
1427157744.313,62.55104
1427157744.329,51.452553
1427157744.344,39.04458
1427157744.36,26.642727
1427157744.376,15.043369
1427157744.391,4.5050926
1427157744.407,-5.0455017
1427157744.422,-13.680344
1427157744.438,-21.318836
1427157744.454,-27.72173
1427157744.469,-32.65531
1427157744.485,-36.094723
1427157744.501,-38.268913
1427157744.516,-39.56607
1427157744.532,-40.386852
1427157744.547,-40.98429
1427157744.563,-41.432266
1427157744.579,-41.65294
1427157744.594,-41.549717
1427157744.61,-41.079647
1427157744.626,-40.330723
1427157744.641,-39.446774
1427157744.657,-38.6256
1427157744.672,-37.949318
1427157744.688,-37.395996
1427157744.704,-36.790794
1427157744.719,-35.915737
1427157744.735,-34.559185
1427157744.751,-32.637802
1427157744.766,-30.19211
1427157744.782,-27.356073
1427157744.797,-24.293291
1427157744.813,-21.149122
1427157744.829,-17.991379
1427157744.844,-14.823954
1427157744.86,-11.57309
1427157744.876,-8.11499
1427157744.891,-4.2886486
1427157744.907,0.019720078
1427157744.922,4.809311
1427157744.938,9.8676195
1427157744.954,14.8210745
1427157744.969,19.259855
1427157744.985,22.92002
1427157745.001,25.829575
1427157745.016,28.293068
1427157745.032,30.775106
1427157745.047,33.75261
1427157745.063,37.58284
1427157745.079,42.439335
1427157745.094,48.244217
1427157745.11,54.611576
1427157745.126,60.70997
1427157745.141,65.38053
1427157745.157,67.30951
1427157745.172,65.50256
1427157745.188,59.599743
1427157745.204,50.110313
1427157745.219,38.224094
1427157745.235,25.440151
1427157745.251,13.052462
1427157745.266,1.8775632
1427157745.282,-7.8128138
1427157745.297,-16.068224
1427157745.313,-23.000801
1427157745.329,-28.653608
1427157745.344,-32.96673
1427157745.36,-35.887753
1427157745.376,-37.517403
1427157745.391,-38.121166
1427157745.407,-38.096817
1427157745.422,-37.837654
1427157745.438,-37.623466
1427157745.454,-37.530994
1427157745.469,-37.479214
1427157745.485,-37.322685
1427157745.501,-37.00099
1427157745.516,-36.576263
1427157745.532,-36.218224
1427157745.548,-36.05964
1427157745.563,-36.04898
1427157745.579,-35.90089
1427157745.594,-35.195854
1427157745.61,-33.53794
1427157745.626,-30.771814
1427157745.641,-27.051313
1427157745.657,-22.793228
1427157745.673,-18.487091
1427157745.688,-14.49151
1427157745.704,-10.886212
1427157745.719,-7.4672832
1427157745.735,-3.8400946
1427157745.751,0.34800148
1427157745.766,5.3141155
1427157745.782,10.98006
1427157745.798,17.067482
1427157745.813,23.182814
1427157745.829,28.968067
1427157745.844,34.192028
1427157745.86,38.81834
1427157745.876,42.96733
1427157745.891,46.901604
1427157745.907,50.99383
1427157745.923,55.641434
1427157745.938,61.140793
1427157745.954,67.45717
1427157745.969,74.06008
1427157745.985,79.858635
1427157746.001,83.44
1427157746.016,83.48954
1427157746.032,79.29153
1427157746.048,71.02254
1427157746.063,59.66162
1427157746.079,46.639618
1427157746.094,33.284786
1427157746.11,20.50555
1427157746.126,8.65136
1427157746.141,-2.2693024
1427157746.157,-12.314495
1427157746.173,-21.420582
1427157746.188,-29.372616
1427157746.204,-35.934597
1427157746.219,-41.007694
1427157746.235,-44.673664
1427157746.251,-47.185616
1427157746.266,-48.84324
1427157746.282,-49.93002
1427157746.298,-50.644882
1427157746.313,-51.12043
1427157746.329,-51.420742
1427157746.344,-51.585716
1427157746.36,-51.62992
1427157746.376,-51.552757
1427157746.391,-51.329517
1427157746.407,-50.932217
1427157746.423,-50.311802
1427157746.438,-49.385445
1427157746.454,-48.02973
1427157746.469,-46.084595
1427157746.485,-43.39584
1427157746.501,-39.88711
1427157746.516,-35.63929
1427157746.532,-30.892616
1427157746.548,-25.989895
1427157746.563,-21.263245
1427157746.579,-16.876678
1427157746.594,-12.800674
1427157746.61,-8.819496
1427157746.626,-4.6790924
1427157746.641,-0.1865921
1427157746.657,4.703453
1427157746.673,9.905945
1427157746.688,15.216225
1427157746.704,20.419563
1427157746.719,25.313011
1427157746.735,29.755753
1427157746.751,33.729454
1427157746.766,37.341537
1427157746.782,40.857697
1427157746.798,44.67695
1427157746.813,49.23745
1427157746.829,54.87613
1427157746.844,61.601143
1427157746.86,68.93922
1427157746.876,75.810745
1427157746.891,80.76364
1427157746.907,82.288445
1427157746.923,79.37685
1427157746.938,71.8688
1427157746.954,60.5634
1427157746.969,46.922432
1427157746.985,32.53656
1427157747.001,18.649048
1427157747.016,5.9132614
1427157747.032,-5.5298996
1427157747.048,-15.775993
1427157747.063,-24.888634
1427157747.079,-32.767906
1427157747.094,-39.244408
1427157747.11,-44.187225
1427157747.126,-47.65345
1427157747.141,-49.828247
1427157747.157,-51.03528
1427157747.173,-51.58351
1427157747.188,-51.755013
1427157747.204,-51.7872
1427157747.219,-51.83943
1427157747.235,-52.01464
1427157747.251,-52.33882
1427157747.266,-52.74537
1427157747.282,-53.089066
1427157747.298,-53.15084
1427157747.313,-52.731155
1427157747.329,-51.685883
1427157747.344,-49.981606
1427157747.36,-47.6689
1427157747.376,-44.878716
1427157747.391,-41.713806
1427157747.407,-38.266747
1427157747.423,-34.56909
1427157747.438,-30.62603
1427157747.454,-26.423172
1427157747.469,-21.97953
1427157747.485,-17.368118
1427157747.501,-12.704063
1427157747.516,-8.152412
1427157747.532,-3.8761368
1427157747.548,0.050964355
1427157747.563,3.671959
1427157747.579,7.183052
1427157747.594,10.839844
1427157747.61,14.871475
1427157747.626,19.304031
1427157747.641,23.972115
1427157747.657,28.542526
1427157747.673,32.691154
1427157747.688,36.25863
1427157747.704,39.38881
1427157747.719,42.481903
1427157747.735,46.101852
1427157747.751,50.774223
1427157747.766,56.760773
1427157747.782,63.819107
1427157747.798,71.12275
1427157747.813,77.301056
1427157747.829,80.75426
1427157747.844,80.14206
1427157747.86,74.81672
1427157747.876,65.101685
1427157747.891,52.199524
1427157747.907,37.752365
1427157747.923,23.322502
1427157747.938,9.953743
1427157747.954,-1.8933868
1427157747.969,-12.200073
1427157747.985,-21.034988
1427157748.001,-28.350182
1427157748.016,-34.024467
1427157748.032,-37.993935
1427157748.048,-40.432907
1427157748.063,-41.75892
1427157748.079,-42.495033
1427157748.094,-43.075928
1427157748.11,-43.69522
1427157748.126,-44.32801
1427157748.141,-44.82699
1427157748.157,-45.11107
1427157748.173,-45.216713
1427157748.188,-45.298782
1427157748.204,-45.454628
1427157748.22,-45.65181
1427157748.235,-45.646446
1427157748.251,-45.077576
1427157748.266,-43.586685
1427157748.282,-40.990936
1427157748.298,-37.37751
1427157748.313,-33.047127
1427157748.329,-28.409088
1427157748.345,-23.77726
1427157748.36,-19.208931
1427157748.376,-14.520927
1427157748.391,-9.379005
1427157748.407,-3.551567
1427157748.423,2.9345627
1427157748.438,9.744347
1427157748.454,16.375244
1427157748.47,22.34935
1427157748.485,27.419945
1427157748.501,31.661766
1427157748.516,35.40634
1427157748.532,39.142113
1427157748.548,43.369843
1427157748.563,48.495087
1427157748.579,54.69787
1427157748.595,61.766792
1427157748.61,68.988655
1427157748.626,75.12337
1427157748.641,78.6876
1427157748.657,78.36703
1427157748.673,73.5665
1427157748.688,64.58537
1427157748.704,52.57306
1427157748.72,39.068665
1427157748.735,25.50666
1427157748.751,12.766861
1427157748.766,1.1946182
1427157748.782,-9.251137
1427157748.798,-18.656559
1427157748.813,-26.957973
1427157748.829,-33.898342
1427157748.845,-39.230507
1427157748.86,-42.845142
1427157748.876,-44.932854
1427157748.891,-45.880898
1427157748.907,-46.19167
1427157748.923,-46.2883
1427157748.938,-46.39859
1427157748.954,-46.524498
1427157748.97,-46.53649
1427157748.985,-46.278316
1427157749.001,-45.694542
1427157749.016,-44.845585
1427157749.032,-43.914864
1427157749.048,-43.034565
1427157749.063,-42.24379
1427157749.079,-41.38444
1427157749.095,-40.16353
1427157749.11,-38.226707
1427157749.126,-35.312138
1427157749.141,-31.372765
1427157749.157,-26.64782
1427157749.173,-21.55941
1427157749.188,-16.5733
1427157749.204,-12.001644
1427157749.22,-7.893032
1427157749.235,-4.021076
1427157749.251,0.0021705627
1427157749.266,4.5150414
1427157749.282,9.6311035
1427157749.298,15.211914
1427157749.313,20.87883
1427157749.329,26.226227
1427157749.345,30.945805
1427157749.36,34.957985
1427157749.376,38.43415
1427157749.391,41.7442
1427157749.407,45.38366
1427157749.423,49.868164
1427157749.438,55.589558
1427157749.454,62.64755
1427157749.47,70.60196
1427157749.485,78.43036
1427157749.501,84.60281
1427157749.516,87.49659
1427157749.532,85.87581
1427157749.548,79.39669
1427157749.563,68.70757
1427157749.579,55.238422
1427157749.595,40.670006
1427157749.61,26.417908
1427157749.626,13.284622
1427157749.641,1.4981194
1427157749.657,-9.070309
1427157749.673,-18.552364
1427157749.688,-26.963352
1427157749.704,-34.135582
1427157749.72,-39.89052
1427157749.735,-44.1686
1427157749.751,-47.09891
1427157749.766,-48.94942
1427157749.782,-50.066452
1427157749.798,-50.7578
1427157749.813,-51.24255
1427157749.829,-51.587574
1427157749.845,-51.75876
1427157749.86,-51.67054
1427157749.876,-51.245674
1427157749.891,-50.454155
1427157749.907,-49.307617
1427157749.923,-47.80991
1427157749.938,-45.966293
1427157749.954,-43.73788
1427157749.97,-41.121902
1427157749.985,-38.125183
1427157750.001,-34.7918
1427157750.016,-31.15936
1427157750.032,-27.286533
1427157750.048,-23.190228
1427157750.063,-18.917236
1427157750.079,-14.514433
1427157750.095,-10.090443
1427157750.11,-5.7399025
1427157750.126,-1.5697289
1427157750.141,2.3874264
1427157750.157,6.1627846
1427157750.173,9.854031
1427157750.188,13.574266
1427157750.204,17.409147
1427157750.22,21.334892
1427157750.235,25.261427
1427157750.251,29.049206
1427157750.266,32.596977
1427157750.282,35.922424
1427157750.298,39.205994
1427157750.313,42.721138
1427157750.329,46.789497
1427157750.345,51.71056
1427157750.36,57.65135
1427157750.376,64.52313
1427157750.391,71.89962
1427157750.407,78.82531
1427157750.423,83.97567
1427157750.438,85.92407
1427157750.454,83.60253
1427157750.47,76.76963
1427157750.485,66.10707
1427157750.501,53.027885
1427157750.516,39.139217
1427157750.532,25.7281
1427157750.548,13.47587
1427157750.563,2.4888725
1427157750.579,-7.3610144
1427157750.595,-16.171738
1427157750.61,-23.824848
1427157750.626,-30.106342
1427157750.641,-34.835045
1427157750.657,-38.077682
1427157750.673,-40.100372
1427157750.688,-41.34646
1427157750.704,-42.18485
1427157750.72,-42.878845
1427157750.735,-43.530075
1427157750.751,-44.12001
1427157750.766,-44.60672
1427157750.782,-44.94686
1427157750.798,-45.10858
1427157750.813,-45.06008
1427157750.829,-44.714104
1427157750.845,-43.937485
1427157750.86,-42.560802
1427157750.876,-40.463055
1427157750.892,-37.60005
1427157750.907,-34.102165
1427157750.923,-30.243704
1427157750.938,-26.329044
1427157750.954,-22.589045
1427157750.97,-19.075102
1427157750.985,-15.589884
1427157751.001,-11.80769
1427157751.017,-7.4367943
1427157751.032,-2.4024315
1427157751.048,3.092146
1427157751.063,8.647772
1427157751.079,13.888018
1427157751.095,18.6352
1427157751.11,23.014217
1427157751.126,27.365984
1427157751.142,32.11144
1427157751.157,37.592983
1427157751.173,43.98942
1427157751.188,51.188747
1427157751.204,58.73195
1427157751.22,65.72524
1427157751.235,70.92822
1427157751.251,73.02566
1427157751.267,71.06066
1427157751.282,64.82853
1427157751.298,55.00796
1427157751.313,42.93388
1427157751.329,30.131203
1427157751.345,17.80172
1427157751.36,6.588108
1427157751.376,-3.3925362
1427157751.392,-12.26606
1427157751.407,-20.104816
1427157751.423,-26.817408
1427157751.438,-32.214745
1427157751.454,-36.154945
1427157751.47,-38.73069
1427157751.485,-40.225647
1427157751.501,-41.048264
1427157751.517,-41.546303
1427157751.532,-41.93854
1427157751.548,-42.244247
1427157751.563,-42.406277
1427157751.579,-42.329662
1427157751.595,-42.00991
1427157751.61,-41.49256
1427157751.626,-40.85807
1427157751.642,-40.101845
1427157751.657,-39.095764
1427157751.673,-37.602364
1427157751.688,-35.362125
1427157751.704,-32.252075
1427157751.72,-28.341852
1427157751.735,-23.906141
1427157751.751,-19.312273
1427157751.767,-14.873901
1427157751.782,-10.748051
1427157751.798,-6.8453617
1427157751.813,-2.9068928
1427157751.829,1.3689842
1427157751.845,6.156521
1427157751.86,11.427835
1427157751.876,16.899563
1427157751.892,22.175575
1427157751.907,26.914785
1427157751.923,31.007881
1427157751.938,34.641422
1427157751.954,38.286728
1427157751.97,42.550262
1427157751.985,47.96715
1427157752.001,54.767567
1427157752.017,62.64859
1427157752.032,70.68931
1427157752.048,77.451294
1427157752.063,81.36099
1427157752.079,81.17241
1427157752.095,76.38249
1427157752.11,67.44648
1427157752.126,55.56885
1427157752.142,42.290577
1427157752.157,28.92798
1427157752.173,16.26662
1427157752.188,4.491171
1427157752.204,-6.538704
1427157752.22,-16.967827
1427157752.235,-26.700956
1427157752.251,-35.372204
1427157752.267,-42.547455
1427157752.282,-47.951614
1427157752.298,-51.616783
1427157752.313,-53.86103
1427157752.329,-55.14014
1427157752.345,-55.86331
1427157752.36,-56.241024
1427157752.376,-56.28765
1427157752.392,-55.87043
1427157752.407,-54.901733
1427157752.423,-53.416397
1427157752.438,-51.618423
1427157752.454,-49.75261
1427157752.47,-48.00808
1427157752.485,-46.375084
1427157752.501,-44.6807
1427157752.517,-42.619385
1427157752.532,-39.892284
1427157752.548,-36.36171
1427157752.563,-32.0466
1427157752.579,-27.171036
1427157752.595,-22.08407
1427157752.61,-17.158072
1427157752.626,-12.66053
1427157752.642,-8.660482
1427157752.657,-5.0176125
1427157752.673,-1.4123507
1427157752.688,2.5340815
1427157752.704,7.0758886
1427157752.72,12.25475
1427157752.735,17.836676
1427157752.751,23.391937
1427157752.767,28.520296
1427157752.782,32.944763
1427157752.798,36.667313
1427157752.813,39.938488
1427157752.829,43.157227
1427157752.845,46.808727
1427157752.86,51.33122
1427157752.876,57.00576
1427157752.892,63.798126
1427157752.907,71.22519
1427157752.923,78.26738
1427157752.938,83.51974
1427157752.954,85.57002
1427157752.97,83.38326
1427157752.985,76.73508
1427157753.001,66.252335
1427157753.017,53.227238
1427157753.032,39.184933
1427157753.048,25.464466
1427157753.063,12.89528
1427157753.079,1.8153434
1427157753.095,-7.8209896
1427157753.11,-16.165413
1427157753.126,-23.294321
1427157753.142,-29.168182
1427157753.157,-33.67762
1427157753.173,-36.802486
1427157753.188,-38.675774
1427157753.204,-39.598816
1427157753.22,-39.96527
1427157753.235,-40.08563
1427157753.251,-40.149807
1427157753.267,-40.171974
1427157753.282,-40.12188
1427157753.298,-39.9591
1427157753.313,-39.72737
1427157753.329,-39.446747
1427157753.345,-39.10432
1427157753.36,-38.54437
1427157753.376,-37.553936
1427157753.392,-35.944263
1427157753.407,-33.669353
1427157753.423,-30.84024
1427157753.438,-27.671993
1427157753.454,-24.325912
1427157753.47,-20.837744
1427157753.485,-17.082663
1427157753.501,-12.864658
1427157753.517,-8.082491
1427157753.532,-2.803835
1427157753.548,2.7186794
1427157753.564,8.099943
1427157753.579,12.987637
1427157753.595,17.200127
1427157753.61,20.853539
1427157753.626,24.285473
1427157753.642,28.035885
1427157753.657,32.642014
1427157753.673,38.464752
1427157753.688,45.44524
1427157753.704,52.996063
1427157753.72,59.963844
1427157753.735,64.89588
1427157753.751,66.449615
1427157753.767,63.83574
1427157753.782,57.137524
1427157753.798,47.270443
1427157753.814,35.616737
1427157753.829,23.55079
1427157753.845,12.0233345
1427157753.86,1.4434147
1427157753.876,-8.179861
1427157753.892,-16.93038
1427157753.907,-24.768457
1427157753.923,-31.451597
1427157753.939,-36.668777
1427157753.954,-40.24135
1427157753.97,-42.249397
1427157753.985,-43.024673
1427157754.001,-43.07755
1427157754.017,-42.87942
1427157754.032,-42.734047
1427157754.048,-42.68878
1427157754.064,-42.600628
1427157754.079,-42.264378
1427157754.095,-41.58481
1427157754.11,-40.60256
1427157754.126,-39.512207
1427157754.142,-38.463684
1427157754.157,-37.425552
1427157754.173,-36.13006
1427157754.189,-34.19729
1427157754.204,-31.349106
1427157754.22,-27.579842
1427157754.235,-23.195381
1427157754.251,-18.680428
1427157754.267,-14.451352
1427157754.282,-10.6706295
1427157754.298,-7.175647
1427157754.314,-3.5546556
1427157754.329,0.62282753
1427157754.345,5.5897036
1427157754.36,11.274164
1427157754.376,17.274061
1427157754.392,23.067253
1427157754.407,28.189161
1427157754.423,32.46471
1427157754.439,36.0793
1427157754.454,39.52095
1427157754.47,43.357616
1427157754.485,48.094135
1427157754.501,53.994736
1427157754.517,60.99429
1427157754.532,68.65658
1427157754.548,76.12718
1427157754.564,82.17401
1427157754.579,85.43248
1427157754.595,84.75048
1427157754.61,79.60867
1427157754.626,70.350136
1427157754.642,58.11823
1427157754.657,44.419872
1427157754.673,30.658657
1427157754.689,17.71347
1427157754.704,5.8493547
1427157754.72,-5.045064
1427157754.735,-15.123608
1427157754.751,-24.379204
1427157754.767,-32.556484
1427157754.782,-39.359924
1427157754.798,-44.596493
1427157754.814,-48.297596
1427157754.829,-50.687054
1427157754.845,-52.099693
1427157754.86,-52.84689
1427157754.876,-53.19323
1427157754.892,-53.29293
1427157754.907,-53.243145
1427157754.923,-53.094788
1427157754.939,-52.86739
1427157754.954,-52.536587
1427157754.97,-52.07302
1427157754.985,-51.392696
1427157755.001,-50.388622
1427157755.017,-48.932285
1427157755.032,-46.912903
1427157755.048,-44.29921
1427157755.064,-41.177807
1427157755.079,-37.711937
1427157755.095,-34.11271
1427157755.11,-30.537746
1427157755.126,-27.020292
1427157755.142,-23.443968
1427157755.157,-19.665972
1427157755.173,-15.573558
1427157755.189,-11.201305
1427157755.204,-6.7190075
1427157755.22,-2.3505316
1427157755.235,1.783844
1427157755.251,5.7205
1427157755.267,9.669308
1427157755.282,13.902307
1427157755.298,18.615578
1427157755.314,23.79943
1427157755.329,29.242548
1427157755.345,34.582764
1427157755.36,39.515205
1427157755.376,43.863052
1427157755.392,47.706104
1427157755.407,51.368706
1427157755.423,55.328514
1427157755.439,60.101997
1427157755.454,66.07072
1427157755.47,73.22309
1427157755.485,80.97902
1427157755.501,88.12485
1427157755.517,93.03295
1427157755.532,94.10986
1427157755.548,90.35973
1427157755.564,81.77121
1427157755.579,69.36599
1427157755.595,54.806152
1427157755.61,39.811096
1427157755.626,25.605865
1427157755.642,12.722973
1427157755.657,1.1301899
1427157755.673,-9.367924
1427157755.689,-18.869802
1427157755.704,-27.188448
1427157755.72,-34.056953
1427157755.735,-39.282185
1427157755.751,-42.92668
1427157755.767,-45.298996
1427157755.782,-46.84694
1427157755.798,-47.987877
1427157755.814,-48.989002
1427157755.829,-49.906174
1427157755.845,-50.648064
1427157755.86,-51.058537
1427157755.876,-51.014214
1427157755.892,-50.51524
1427157755.907,-49.67655
1427157755.923,-48.66308
1427157755.939,-47.609314
1427157755.954,-46.505928
1427157755.97,-45.213524
1427157755.985,-43.50848
1427157756.001,-41.21672
1427157756.017,-38.282238
1427157756.032,-34.79518
1427157756.048,-30.948425
1427157756.064,-26.922024
1427157756.079,-22.838375
1427157756.095,-18.742676
1427157756.11,-14.628225
1427157756.126,-10.521574
1427157756.142,-6.457165
1427157756.157,-2.460394
1427157756.173,1.5187092
1427157756.189,5.58152
1427157756.204,9.891462
1427157756.22,14.485926
1427157756.235,19.259354
1427157756.251,23.930347
1427157756.267,28.160591
1427157756.282,31.760921
1427157756.298,34.810074
1427157756.314,37.678963
1427157756.329,40.941025
1427157756.345,45.181755
1427157756.36,50.742424
1427157756.376,57.575787
1427157756.392,65.1066
1427157756.407,72.24327
1427157756.423,77.58954
1427157756.439,79.716896
1427157756.454,77.631165
1427157756.47,71.04258
1427157756.486,60.511375
1427157756.501,47.274025
1427157756.517,32.91037
1427157756.532,18.838047
1427157756.548,6.0206623
1427157756.564,-5.151167
1427157756.579,-14.713673
1427157756.595,-22.873844
1427157756.611,-29.713413
1427157756.626,-35.109066
1427157756.642,-38.834915
1427157756.657,-40.74339
1427157756.673,-40.99464
1427157756.689,-40.102898
1427157756.704,-38.79741
1427157756.72,-37.798294
1427157756.736,-37.512882
1427157756.751,-37.92441
1427157756.767,-38.627846
1427157756.782,-39.093994
1427157756.798,-38.868484
1427157756.814,-37.815052
1427157756.829,-36.062836
1427157756.845,-33.891045
1427157756.861,-31.5602
1427157756.876,-29.18131
1427157756.892,-26.664532
1427157756.907,-23.834408
1427157756.923,-20.479527
1427157756.939,-16.495522
1427157756.954,-11.899216
1427157756.97,-6.8635254
1427157756.986,-1.6104746
1427157757.001,3.599297
1427157757.017,8.62388
1427157757.032,13.42782
1427157757.048,18.124527
1427157757.064,22.906055
1427157757.079,28.008131
1427157757.095,33.66289
1427157757.111,40.04245
1427157757.126,47.16536
1427157757.142,54.7341
1427157757.157,62.00739
1427157757.173,67.81529
1427157757.189,70.79199
1427157757.204,69.80434
1427157757.22,64.36565
1427157757.236,54.889572
1427157757.251,42.57178
1427157757.267,28.975899
1427157757.282,15.477662
1427157757.298,2.9611356
1427157757.314,-8.282464
1427157757.329,-18.311619
1427157757.345,-27.257969
1427157757.361,-35.08233
1427157757.376,-41.594776
1427157757.392,-46.569065
1427157757.407,-49.919266
1427157757.423,-51.772957
1427157757.439,-52.46747
1427157757.454,-52.39688
1427157757.47,-51.9454
1427157757.486,-51.336216
1427157757.501,-50.669872
1427157757.517,-49.87857
1427157757.532,-48.849308
1427157757.548,-47.42425
1427157757.564,-45.512127
1427157757.579,-43.0818
1427157757.595,-40.173637
1427157757.611,-36.846794
1427157757.626,-33.148632
1427157757.642,-29.10112
1427157757.657,-24.722904
1427157757.673,-20.05391
1427157757.689,-15.178812
1427157757.704,-10.182501
1427157757.72,-5.129576
1427157757.736,0.011530399
1427157757.751,5.3133793
1427157757.767,10.867368
1427157757.782,16.636372
1427157757.798,22.472675
1427157757.814,28.09279
1427157757.829,33.256504
1427157757.845,37.891174
1427157757.861,42.19464
1427157757.876,46.622227
1427157757.892,51.775166
1427157757.907,58.126686
1427157757.923,65.82741
1427157757.939,74.42945
1427157757.954,82.85303
1427157757.97,89.53202
1427157757.986,92.83897
1427157758.001,91.568146
1427157758.017,85.368
1427157758.032,74.853546
1427157758.048,61.401585
1427157758.064,46.60083
1427157758.079,31.820019
1427157758.095,17.847345
1427157758.111,4.9735227
1427157758.126,-6.821856
1427157758.142,-17.561813
1427157758.157,-27.12703
1427157758.173,-35.24745
1427157758.189,-41.66511
1427157758.204,-46.252903
1427157758.22,-49.141277
1427157758.236,-50.683163
1427157758.251,-51.383274
1427157758.267,-51.725517
1427157758.282,-52.064976
1427157758.298,-52.522526
1427157758.314,-53.00589
1427157758.329,-53.279987
1427157758.345,-53.161472
1427157758.361,-52.563244
1427157758.376,-51.585495
1427157758.392,-50.37621
1427157758.407,-49.056072
1427157758.423,-47.5812
1427157758.439,-45.734066
1427157758.454,-43.24611
1427157758.47,-39.91553
1427157758.486,-35.724144
1427157758.501,-30.849068
1427157758.517,-25.632427
1427157758.532,-20.4615
1427157758.548,-15.597536
1427157758.564,-11.114763
1427157758.579,-6.8380504
1427157758.595,-2.4856339
1427157758.611,2.273849
1427157758.626,7.611109
1427157758.642,13.499382
1427157758.657,19.659918
1427157758.673,25.71721
1427157758.689,31.309875
1427157758.704,36.234653
1427157758.72,40.52914
1427157758.736,44.47125
1427157758.751,48.451054
1427157758.767,52.90277
1427157758.782,58.21235
1427157758.798,64.59234
1427157758.814,71.977844
1427157758.829,79.886246
1427157758.845,87.27109
1427157758.861,92.675766
1427157758.876,94.546455
1427157758.892,91.7443
1427157758.907,83.97375
1427157758.923,71.97322
1427157758.939,57.277664
1427157758.954,41.680096
1427157758.97,26.642267
1427157758.986,12.936356
1427157759.001,0.6873369
1427157759.017,-10.301301
1427157759.032,-20.208817
1427157759.048,-28.925667
1427157759.064,-36.128063
1427157759.079,-41.516907
1427157759.095,-45.042114
1427157759.111,-46.999306
1427157759.126,-47.95395
1427157759.142,-48.451748
1427157759.158,-48.866493
1427157759.173,-49.246265
1427157759.189,-49.43269
1427157759.204,-49.213245
1427157759.22,-48.513916
1427157759.236,-47.471584
1427157759.251,-46.349014
1427157759.267,-45.387383
1427157759.283,-44.631966
1427157759.298,-43.90017
1427157759.314,-42.84577
1427157759.329,-41.086002
1427157759.345,-38.398212
1427157759.361,-34.81141
1427157759.376,-30.598976
1427157759.392,-26.142763
1427157759.408,-21.842316
1427157759.423,-17.854486
1427157759.439,-14.124168
1427157759.454,-10.329559
1427157759.47,-6.106455
1427157759.486,-1.2050743
1427157759.501,4.3530827
1427157759.517,10.245708
1427157759.533,15.968624
1427157759.548,21.066301
1427157759.564,25.301542
1427157759.579,28.751461
1427157759.595,31.745132
1427157759.611,34.7461
1427157759.626,38.19539
1427157759.642,42.462013
1427157759.658,47.78257
1427157759.673,54.16153
1427157759.689,61.212505
1427157759.704,68.0344
1427157759.72,73.25205
1427157759.736,75.32515
1427157759.751,73.00333
1427157759.767,65.87875
1427157759.783,54.53475
1427157759.798,40.42157
1427157759.814,25.318459
1427157759.829,10.7584
1427157759.845,-2.345314
1427157759.861,-13.745003
1427157759.876,-23.572163
1427157759.892,-31.982735
1427157759.908,-38.939224
1427157759.923,-44.231564
1427157759.939,-47.681137
1427157759.954,-49.3231
1427157759.97,-49.505592
1427157759.986,-48.780758
1427157760.001,-47.734085
1427157760.017,-46.772358
1427157760.033,-46.070286
1427157760.048,-45.582336
1427157760.064,-45.161995
1427157760.079,-44.663994
1427157760.095,-44.00204
1427157760.111,-43.12119
1427157760.126,-41.9542
1427157760.142,-40.39841
1427157760.158,-38.299664
1427157760.173,-35.556137
1427157760.189,-32.19176
1427157760.204,-28.365002
1427157760.22,-24.29089
1427157760.236,-20.139412
1427157760.251,-15.94949
1427157760.267,-11.592209
1427157760.283,-6.8758583
1427157760.298,-1.6452789
1427157760.314,4.0735245
1427157760.329,10.112068
1427157760.345,16.155937
1427157760.361,21.91407
1427157760.376,27.181808
1427157760.392,31.936901
1427157760.408,36.326263
1427157760.423,40.719326
1427157760.439,45.586956
1427157760.454,51.355988
1427157760.47,58.13005
1427157760.486,65.41203
1427157760.501,72.03962
1427157760.517,76.41364
1427157760.533,77.000534
1427157760.548,72.931854
1427157760.564,64.334946
1427157760.579,52.308273
1427157760.595,38.451813
1427157760.611,24.338089
1427157760.626,11.044178
1427157760.642,-0.9468193
1427157760.658,-11.605621
1427157760.673,-21.017853
1427157760.689,-29.198212
1427157760.704,-36.008198
1427157760.72,-41.29426
1427157760.736,-44.997616
1427157760.751,-47.270622
1427157760.767,-48.422764
1427157760.783,-48.841377
1427157760.798,-48.852062
1427157760.814,-48.62224
1427157760.829,-48.188614
1427157760.845,-47.481236
1427157760.861,-46.44658
1427157760.876,-45.127235
1427157760.892,-43.634052
1427157760.908,-42.151924
1427157760.923,-40.78264
1427157760.939,-39.512688
1427157760.954,-38.152363
1427157760.97,-36.418373
1427157760.986,-34.035057
1427157761.001,-30.880768
1427157761.017,-27.026426
1427157761.033,-22.741459
1427157761.048,-18.383724
1427157761.064,-14.2239895
1427157761.079,-10.318245
1427157761.095,-6.46434
1427157761.111,-2.281107
1427157761.126,2.551159
1427157761.142,8.1157
1427157761.158,14.155487
1427157761.173,20.192379
1427157761.189,25.736488
1427157761.204,30.533821
1427157761.22,34.646965
1427157761.236,38.454468
1427157761.251,42.45139
1427157761.267,47.105213
1427157761.283,52.764717
1427157761.298,59.5574
1427157761.314,67.29607
1427157761.329,75.370026
1427157761.345,82.65207
1427157761.361,87.658455
1427157761.376,88.88718
1427157761.392,85.34251
1427157761.408,76.915955
1427157761.423,64.54387
1427157761.439,49.8537
1427157761.454,34.624107
1427157761.47,20.242056
1427157761.486,7.3792057
1427157761.501,-3.9173298
1427157761.517,-13.896276
1427157761.533,-22.764978
1427157761.548,-30.479683
1427157761.564,-36.812424
1427157761.579,-41.53915
1427157761.595,-44.671097
1427157761.611,-46.48651
1427157761.626,-47.463337
1427157761.642,-48.05844
1427157761.658,-48.55979
1427157761.673,-48.98963
1427157761.689,-49.194183
1427157761.704,-48.968292
1427157761.72,-48.239197
1427157761.736,-47.078194
1427157761.751,-45.698067
1427157761.767,-44.33896
1427157761.783,-43.132084
1427157761.798,-42.002785
1427157761.814,-40.715866
1427157761.83,-38.906513
1427157761.845,-36.259605
1427157761.861,-32.628582
1427157761.876,-28.14902
1427157761.892,-23.216702
1427157761.908,-18.373663
1427157761.923,-14.044207
1427157761.939,-10.384962
1427157761.955,-7.1578608
1427157761.97,-3.8598118
1427157761.986,0.04182148
1427157762.001,4.8079348
1427157762.017,10.327556
1427157762.033,16.137186
1427157762.048,21.66938
1427157762.064,26.479946
1427157762.08,30.437782
1427157762.095,33.712257
1427157762.111,36.707718
1427157762.126,39.882328
1427157762.142,43.678898
1427157762.158,48.45288
1427157762.173,54.33985
1427157762.189,61.153973
1427157762.205,68.219666
1427157762.22,74.33736
1427157762.236,78.045074
1427157762.251,77.98929
1427157762.267,73.41833
1427157762.283,64.47506
1427157762.298,52.18284
1427157762.314,38.083576
1427157762.33,23.768692
1427157762.345,10.410532
1427157762.361,-1.396265
1427157762.376,-11.566592
1427157762.392,-20.251205
1427157762.408,-27.59707
1427157762.423,-33.568108
1427157762.439,-38.04358
1427157762.455,-40.910477
1427157762.47,-42.204945
1427157762.486,-42.210384
1427157762.501,-41.404835
1427157762.517,-40.290054
1427157762.533,-39.313812
1427157762.548,-38.700043
1427157762.564,-38.473625
1427157762.58,-38.481247
1427157762.595,-38.52526
1427157762.611,-38.380108
1427157762.626,-37.896076
1427157762.642,-36.966133
1427157762.658,-35.573174
1427157762.673,-33.754074
1427157762.689,-31.5812
1427157762.705,-29.111658
1427157762.72,-26.393139
1427157762.736,-23.389645
1427157762.751,-20.027672
1427157762.767,-16.223637
1427157762.783,-11.929126
1427157762.798,-7.1835403
1427157762.814,-2.127924
1427157762.83,3.039856
1427157762.845,8.071726
1427157762.861,12.795491
1427157762.876,17.104794
1427157762.892,21.087713
1427157762.908,24.974218
1427157762.923,29.162899
1427157762.939,34.093773
1427157762.955,40.057697
1427157762.97,46.96091
1427157762.986,54.137306
1427157763.001,60.370045
1427157763.017,64.15816
1427157763.033,64.23647
1427157763.048,60.0454
1427157763.064,51.949184
1427157763.08,41.141834
1427157763.095,29.147057
1427157763.111,17.28438
1427157763.126,6.335821
1427157763.142,-3.4935675
1427157763.158,-12.329876
1427157763.173,-20.282593
1427157763.189,-27.2758
1427157763.205,-33.02014
1427157763.22,-37.256573
1427157763.236,-39.90527
1427157763.251,-41.183964
1427157763.267,-41.529934
1427157763.283,-41.414993
1427157763.298,-41.193123
1427157763.314,-41.01544
1427157763.33,-40.83927
1427157763.345,-40.545918
1427157763.361,-40.035202
1427157763.376,-39.259373
1427157763.392,-38.203197
1427157763.408,-36.858513
1427157763.423,-35.11092
1427157763.439,-32.856518
1427157763.455,-30.023426
1427157763.47,-26.682526
1427157763.486,-23.00813
1427157763.501,-19.225136
1427157763.517,-15.445038
1427157763.533,-11.647333
1427157763.548,-7.661997
1427157763.564,-3.3096294
1427157763.58,1.4978409
1427157763.595,6.719988
1427157763.611,12.165321
1427157763.626,17.586031
1427157763.642,22.730686
1427157763.658,27.410067
1427157763.673,31.59918
1427157763.689,35.43094
1427157763.705,39.29985
1427157763.72,43.72962
1427157763.736,49.230606
1427157763.751,55.956818
1427157763.767,63.458736
1427157763.783,70.55454
1427157763.798,75.6145
1427157763.814,77.041214
1427157763.83,73.87478
1427157763.845,66.16355
1427157763.861,54.94953
1427157763.876,41.863033
1427157763.892,28.52229
1427157763.908,16.03024
1427157763.923,4.8288918
1427157763.939,-5.1886444
1427157763.955,-14.277828
1427157763.97,-22.582798
1427157763.986,-29.961712
1427157764.001,-36.137882
1427157764.017,-40.852062
1427157764.033,-44.08116
1427157764.048,-46.00984
1427157764.064,-46.992073
1427157764.08,-47.375195
1427157764.095,-47.39554
1427157764.111,-47.100677
1427157764.126,-46.43788
1427157764.142,-45.345497
1427157764.158,-43.852818
1427157764.173,-42.109478
1427157764.189,-40.365475
1427157764.205,-38.816433
1427157764.22,-37.516235
1427157764.236,-36.335026
1427157764.251,-34.97618
1427157764.267,-33.10077
1427157764.283,-30.474888
1427157764.298,-27.034672
1427157764.314,-22.91515
1427157764.33,-18.390392
1427157764.345,-13.767395
1427157764.361,-9.280636
1427157764.376,-5.018673
1427157764.392,-0.87693787
1427157764.408,3.3230515
1427157764.423,7.809376
1427157764.439,12.681683
1427157764.455,17.87719
1427157764.47,23.13845
1427157764.486,28.124157
1427157764.502,32.537994
1427157764.517,36.271507
1427157764.533,39.467857
1427157764.548,42.492332
1427157764.564,45.808334
1427157764.58,49.84465
1427157764.595,54.87423
1427157764.611,60.92742
1427157764.626,67.67529
1427157764.642,74.36734
1427157764.658,79.85464
1427157764.673,82.81278
1427157764.689,82.065674
1427157764.705,77.031975
1427157764.72,67.936104
1427157764.736,55.793694
1427157764.752,42.05246
1427157764.767,28.152428
1427157764.783,15.104012
1427157764.798,3.3767624
1427157764.814,-6.975395
1427157764.83,-16.039726
1427157764.845,-23.813187
1427157764.861,-30.174065
1427157764.877,-34.992386
1427157764.892,-38.275574
1427157764.908,-40.26133
1427157764.923,-41.35617
1427157764.939,-42.006294
1427157764.955,-42.515373
1427157764.97,-42.965538
1427157764.986,-43.23754
1427157765.002,-43.138794
1427157765.017,-42.563553
1427157765.033,-41.57727
1427157765.048,-40.40146
1427157765.064,-39.29367
1427157765.08,-38.369347
1427157765.095,-37.5259
1427157765.111,-36.43421
1427157765.127,-34.69976
1427157765.142,-32.066475
1427157765.158,-28.524994
1427157765.173,-24.348457
1427157765.189,-20.001717
1427157765.205,-15.924675
1427157765.22,-12.339897
1427157765.236,-9.153763
1427157765.252,-6.0216064
1427157765.267,-2.491211
1427157765.283,1.7343216
1427157765.298,6.6718063
1427157765.314,12.004715
1427157765.33,17.223328
1427157765.345,21.847511
1427157765.361,25.652802
1427157765.377,28.732513
1427157765.392,31.464638
1427157765.408,34.35778
1427157765.423,37.907097
1427157765.439,42.49463
1427157765.455,48.236366
1427157765.47,54.873894
1427157765.486,61.665997
1427157765.502,67.3827
1427157765.517,70.56317
1427157765.533,69.93068
1427157765.548,64.899826
1427157765.564,55.806854
1427157765.58,43.873314
1427157765.595,30.707123
1427157765.611,17.7989
1427157765.627,6.0639496
1427157765.642,-4.246002
1427157765.658,-13.290489
1427157765.673,-21.260513
1427157765.689,-28.142693
1427157765.705,-33.6672
1427157765.72,-37.51673
1427157765.736,-39.60005
1427157765.752,-40.146576
1427157765.767,-39.691902
1427157765.783,-38.854763
1427157765.798,-38.104897
1427157765.814,-37.620823
1427157765.83,-37.286366
1427157765.845,-36.847492
1427157765.861,-36.053818
1427157765.877,-34.83917
1427157765.892,-33.273697
1427157765.908,-31.548542
1427157765.923,-29.82228
1427157765.939,-28.13459
1427157765.955,-26.37112
1427157765.97,-24.312546
1427157765.986,-21.669575
1427157766.002,-18.1988
1427157766.017,-13.818134
1427157766.033,-8.678162
1427157766.048,-3.104927
1427157766.064,2.480564
1427157766.08,7.750492
1427157766.095,12.586475
1427157766.111,17.125751
1427157766.127,21.644012
1427157766.142,26.423866
1427157766.158,31.6628
1427157766.173,37.44822
1427157766.189,43.765617
1427157766.205,50.45977
1427157766.22,57.108395
1427157766.236,62.914555
1427157766.252,66.75853
1427157766.267,67.46883
1427157766.283,64.23105
1427157766.298,56.978897
1427157766.314,46.48577
1427157766.33,34.140472
1427157766.345,21.432724
1427157766.361,9.5228615
1427157766.377,-1.0468178
1427157766.392,-10.236118
1427157766.408,-18.247742
1427157766.423,-25.227879
1427157766.439,-31.118523
1427157766.455,-35.70836
1427157766.47,-38.801926
1427157766.486,-40.414192
1427157766.502,-40.81518
1427157766.517,-40.461735
1427157766.533,-39.855434
1427157766.548,-39.33406
1427157766.564,-39.023335
1427157766.58,-38.82298
1427157766.595,-38.548985
1427157766.611,-38.007835
1427157766.627,-37.124237
1427157766.642,-35.87985
1427157766.658,-34.301353
1427157766.673,-32.418213
1427157766.689,-30.207966
1427157766.705,-27.6291
1427157766.72,-24.623795
1427157766.736,-21.138195
1427157766.752,-17.120552
1427157766.767,-12.544392
1427157766.783,-7.431263
1427157766.798,-1.8738289
1427157766.814,3.9249725
1427157766.83,9.724327
1427157766.845,15.255341
1427157766.861,20.354912
1427157766.877,24.958248
1427157766.892,29.164223
1427157766.908,33.1808
1427157766.923,37.345722
1427157766.939,42.07268
1427157766.955,47.732586
1427157766.97,54.455853
1427157766.986,61.911392
1427157767.002,69.169815
1427157767.017,74.83426
1427157767.033,77.41217
1427157767.048,75.84915
1427157767.064,69.91126
1427157767.08,60.31025
1427157767.095,48.378075
1427157767.111,35.5886
1427157767.127,23.066603
1427157767.142,11.346437
1427157767.158,0.48831558
1427157767.173,-9.625784
1427157767.189,-18.997799
1427157767.205,-27.385504
1427157767.22,-34.42082
1427157767.236,-39.794495
1427157767.252,-43.444958
1427157767.267,-45.613632
1427157767.283,-46.76321
1427157767.298,-47.361794
1427157767.314,-47.76352
1427157767.33,-48.10312
1427157767.345,-48.312366
1427157767.361,-48.206657
1427157767.377,-47.65371
1427157767.392,-46.61358
1427157767.408,-45.21397
1427157767.424,-43.67324
1427157767.439,-42.200813
1427157767.455,-40.875534
1427157767.47,-39.5916
1427157767.486,-38.047974
1427157767.502,-35.89995
1427157767.517,-32.892494
1427157767.533,-29.036129
1427157767.549,-24.588636
1427157767.564,-19.973404
1427157767.58,-15.571489
1427157767.595,-11.544888
1427157767.611,-7.7759514
1427157767.627,-3.9069195
1427157767.642,0.46310997
1427157767.658,5.563387
1427157767.674,11.341314
1427157767.689,17.454025
1427157767.705,23.418997
1427157767.72,28.770275
1427157767.736,33.26378
1427157767.752,36.963326
1427157767.767,40.20677
1427157767.783,43.46884
1427157767.799,47.266037
1427157767.814,52.000656
1427157767.83,57.86001
1427157767.845,64.70359
1427157767.861,71.94099
1427157767.877,78.50345
1427157767.892,82.97867
1427157767.908,83.96781
1427157767.924,80.5318
1427157767.939,72.579475
1427157767.955,60.952866
1427157767.97,47.15149
1427157767.986,32.791416
1427157768.002,19.089127
1427157768.017,6.6281624
1427157768.033,-4.5452843
1427157768.049,-14.576181
1427157768.064,-23.496521
1427157768.08,-31.10339
1427157768.095,-37.11856
1427157768.111,-41.36148
1427157768.127,-43.94279
1427157768.142,-45.238266
1427157768.158,-45.736538
1427157768.174,-45.844215
1427157768.189,-45.779972
1427157768.205,-45.547863
1427157768.22,-45.037457
1427157768.236,-44.151367
1427157768.252,-42.933002
1427157768.267,-41.538784
1427157768.283,-40.24121
1427157768.299,-39.229595
1427157768.314,-38.527664
1427157768.33,-37.91881
1427157768.345,-37.008614
1427157768.361,-35.378174
1427157768.377,-32.76438
1427157768.392,-29.17735
1427157768.408,-24.952564
1427157768.424,-20.575813
1427157768.439,-16.533964
1427157768.455,-13.098215
1427157768.47,-10.267698
1427157768.486,-7.7337027
1427157768.502,-5.0825224
1427157768.517,-1.928376
1427157768.533,1.885474
1427157768.549,6.231859
1427157768.564,10.743907
1427157768.58,15.023771
1427157768.595,18.776974
1427157768.611,21.988777
1427157768.627,24.913452
1427157768.642,27.96762
1427157768.658,31.549028
1427157768.674,36.01644
1427157768.689,41.508392
1427157768.705,47.96002
1427157768.72,54.925377
1427157768.736,61.499626
1427157768.752,66.380775
1427157768.767,68.180984
1427157768.783,65.8853
1427157768.799,59.307915
1427157768.814,49.191402
1427157768.83,36.932186
1427157768.845,24.04718
1427157768.861,11.64264
1427157768.877,0.20585251
1427157768.892,-10.207692
1427157768.908,-19.62751
1427157768.924,-27.87986
1427157768.939,-34.60792
1427157768.955,-39.461853
1427157768.97,-42.387703
1427157768.986,-43.70101
1427157769.002,-43.960083
1427157769.017,-43.717636
1427157769.033,-43.344944
1427157769.049,-42.952103
1427157769.064,-42.522823
1427157769.08,-42.00494
1427157769.095,-41.41269
1427157769.111,-40.82038
1427157769.127,-40.3075
1427157769.142,-39.874622
1427157769.158,-39.465996
1427157769.174,-38.855465
1427157769.189,-37.772827
1427157769.205,-35.92005
1427157769.22,-33.11882
1427157769.236,-29.396503
1427157769.252,-25.03963
1427157769.267,-20.518215
1427157769.283,-16.314947
1427157769.299,-12.687222
1427157769.314,-9.540999
1427157769.33,-6.450815
1427157769.345,-2.864945
1427157769.361,1.6312189
1427157769.377,7.06278
1427157769.392,13.058685
1427157769.408,19.001747
1427157769.424,24.365444
1427157769.439,28.883188
1427157769.455,32.716824
1427157769.47,36.317303
1427157769.486,40.274967
1427157769.502,45.108765
1427157769.517,51.10399
1427157769.533,58.169334
1427157769.549,65.73292
1427157769.564,72.76113
1427157769.58,77.87682
1427157769.595,79.69695
1427157769.611,77.25597
1427157769.627,70.36152
1427157769.642,59.69754
1427157769.658,46.576077
1427157769.674,32.518585
1427157769.689,18.765987
1427157769.705,6.0608582
1427157769.72,-5.3659263
1427157769.736,-15.556841
1427157769.752,-24.567415
1427157769.767,-32.32914
1427157769.783,-38.675575
1427157769.799,-43.428802
1427157769.814,-46.577145
1427157769.83,-48.320084
1427157769.845,-49.052166
1427157769.861,-49.228134
1427157769.877,-49.257813
1427157769.892,-49.358402
1427157769.908,-49.55646
1427157769.924,-49.716328
1427157769.939,-49.641525
1427157769.955,-49.198566
1427157769.97,-48.38406
1427157769.986,-47.29358
1427157770.002,-46.03916
1427157770.017,-44.658516
1427157770.033,-43.063587
1427157770.049,-41.06626
1427157770.064,-38.47482
1427157770.08,-35.159748
1427157770.096,-31.16734
1427157770.111,-26.636602
1427157770.127,-21.813583
1427157770.142,-16.948818
1427157770.158,-12.26959
1427157770.174,-7.885169
1427157770.189,-3.7818584
1427157770.205,0.19573402
1427157770.221,4.276327
1427157770.236,8.680216
1427157770.252,13.471029
1427157770.267,18.536814
1427157770.283,23.59292
1427157770.299,28.382828
1427157770.314,32.748672
1427157770.33,36.71821
1427157770.346,40.458008
1427157770.361,44.191277
1427157770.377,48.15744
1427157770.392,52.642635
1427157770.408,57.907867
1427157770.424,64.09404
1427157770.439,70.94938
1427157770.455,77.64705
1427157770.471,82.786354
1427157770.486,84.75256
1427157770.502,82.30222
1427157770.517,75.10655
1427157770.533,63.90165
1427157770.549,50.255344
1427157770.564,35.91495
1427157770.58,22.24599
1427157770.596,9.874565
1427157770.611,-1.1859989
1427157770.627,-11.205135
1427157770.642,-20.33892
1427157770.658,-28.481964
1427157770.674,-35.294903
1427157770.689,-40.469135
1427157770.705,-43.910065
1427157770.721,-45.820183
1427157770.736,-46.636787
1427157770.752,-46.82583
1427157770.767,-46.740425
1427157770.783,-46.55499
1427157770.799,-46.25464
1427157770.814,-45.767967
1427157770.83,-45.066616
1427157770.846,-44.215797
1427157770.861,-43.331604
1427157770.877,-42.525406
1427157770.892,-41.77967
1427157770.908,-40.97341
1427157770.924,-39.87008
1427157770.939,-38.247936
1427157770.955,-35.993996
1427157770.971,-33.151062
1427157770.986,-29.863861
1427157771.002,-26.319744
1427157771.017,-22.650665
1427157771.033,-18.938576
1427157771.049,-15.199669
1427157771.064,-11.476696
1427157771.08,-7.83844
1427157771.096,-4.3811226
1427157771.111,-1.1398125
1427157771.127,1.9307556
1427157771.142,5.0240974
1427157771.158,8.366322
1427157771.174,12.124828
1427157771.189,16.308857
1427157771.205,20.7653
1427157771.221,25.218082
1427157771.236,29.422474
1427157771.252,33.257347
1427157771.267,36.798874
1427157771.283,40.24861
1427157771.299,43.96021
1427157771.314,48.27365
1427157771.33,53.481598
1427157771.346,59.630405
1427157771.361,66.378944
1427157771.377,72.88205
1427157771.392,77.86769
1427157771.408,79.91633
1427157771.424,77.92293
1427157771.439,71.535614
1427157771.455,61.316772
1427157771.471,48.59345
1427157771.486,34.992405
1427157771.502,21.90149
1427157771.517,10.145294
1427157771.533,-0.100948334
1427157771.549,-9.014629
1427157771.564,-16.820656
1427157771.58,-23.51685
1427157771.596,-28.93153
1427157771.611,-32.852314
1427157771.627,-35.29278
1427157771.642,-36.50551
1427157771.658,-36.947712
1427157771.674,-37.07562
1427157771.689,-37.19443
1427157771.705,-37.362633
1427157771.721,-37.483944
1427157771.736,-37.467407
1427157771.752,-37.318024
1427157771.767,-37.13329
1427157771.783,-37.05183
1427157771.799,-37.03224
1427157771.814,-36.850105
1427157771.83,-36.113842
1427157771.846,-34.49951
1427157771.861,-31.912144
1427157771.877,-28.59196
1427157771.892,-25.008335
1427157771.908,-21.690643
1427157771.924,-18.937492
1427157771.939,-16.719513
1427157771.955,-14.687771
1427157771.971,-12.371292
1427157771.986,-9.388802
1427157772.002,-5.6103935
1427157772.017,-1.1992264
1427157772.033,3.490219
1427157772.049,8.079887
1427157772.064,12.294746
1427157772.08,16.032795
1427157772.096,19.381191
1427157772.111,22.57687
1427157772.127,25.982391
1427157772.142,30.016766
1427157772.158,35.033154
1427157772.174,41.124325
1427157772.189,47.874344
1427157772.205,54.318737
1427157772.221,59.072105
1427157772.236,60.75217
1427157772.252,58.45612
1427157772.267,52.12946
1427157772.283,42.5562
1427157772.299,31.101086
1427157772.314,19.189892
1427157772.33,7.919937
1427157772.346,-2.132843
1427157772.361,-10.824932
1427157772.377,-18.219124
1427157772.392,-24.362457
1427157772.408,-29.197346
1427157772.424,-32.618958
1427157772.439,-34.604465
1427157772.455,-35.27117
1427157772.471,-34.950954
1427157772.486,-34.090824
1427157772.502,-33.16268
1427157772.517,-32.5018
1427157772.533,-32.22489
1427157772.549,-32.20105
1427157772.564,-32.193108
1427157772.58,-31.955536
1427157772.596,-31.381859
1427157772.611,-30.539917
1427157772.627,-29.560165
1427157772.642,-28.521355
1427157772.658,-27.348068
1427157772.674,-25.812279
1427157772.689,-23.68856
1427157772.705,-20.84011
1427157772.721,-17.39148
1427157772.736,-13.566711
1427157772.752,-9.650238
1427157772.768,-5.7386017
1427157772.783,-1.739975
1427157772.799,2.5605927
1427157772.814,7.3342285
1427157772.83,12.556786
1427157772.846,17.957985
1427157772.861,23.154068
1427157772.877,27.820923
1427157772.893,31.875061
1427157772.908,35.52262
1427157772.924,39.238075
1427157772.939,43.548775
1427157772.955,48.87046
1427157772.971,55.26689
1427157772.986,62.304688
1427157773.002,68.984955
1427157773.018,73.95873
1427157773.033,75.785065
1427157773.049,73.48763
1427157773.064,66.8285
1427157773.08,56.49643
1427157773.096,43.809822
1427157773.111,30.32788
1427157773.127,17.328606
1427157773.143,5.543663
1427157773.158,-4.834221
1427157773.174,-13.9348755
1427157773.189,-21.917328
1427157773.205,-28.799782
1427157773.221,-34.467186
1427157773.236,-38.761574
1427157773.252,-41.6369
1427157773.268,-43.231934
1427157773.283,-43.86557
1427157773.299,-43.93142
1427157773.314,-43.77604
1427157773.33,-43.591667
1427157773.346,-43.37934
1427157773.361,-42.99192
1427157773.377,-42.26928
1427157773.393,-41.13642
1427157773.408,-39.72322
1427157773.424,-38.27854
1427157773.439,-37.077232
1427157773.455,-36.19384
1427157773.471,-35.45954
1427157773.486,-34.482323
1427157773.502,-32.844025
1427157773.518,-30.289833
1427157773.533,-26.851425
1427157773.549,-22.806648
1427157773.564,-18.55027
1427157773.58,-14.39444
1427157773.596,-10.493736
1427157773.611,-6.7995987
1427157773.627,-3.13945
1427157773.643,0.6999817
1427157773.658,4.8473587
1427157773.674,9.36998
1427157773.689,14.182922
1427157773.705,19.132713
1427157773.721,24.005905
1427157773.736,28.633926
1427157773.752,32.94143
1427157773.768,36.98786
1427157773.783,40.908554
1427157773.799,44.86866
1427157773.814,49.052788
1427157773.83,53.68879
1427157773.846,58.99048
1427157773.861,65.05129
1427157773.877,71.575165
1427157773.893,77.7529
1427157773.908,82.2605
1427157773.924,83.6321
1427157773.939,80.76681
1427157773.955,73.43275
1427157773.971,62.384117
1427157773.986,49.131516
1427157774.002,35.310097
1427157774.018,22.18409
1427157774.033,10.3302765
1427157774.049,-0.24455261
1427157774.064,-9.749756
1427157774.08,-18.30275
1427157774.096,-25.785118
1427157774.111,-31.916603
1427157774.127,-36.47294
1427157774.143,-39.47132
1427157774.158,-41.193176
1427157774.174,-42.0929
1427157774.189,-42.64198
1427157774.205,-43.143127
1427157774.221,-43.68854
1427157774.236,-44.18147
1427157774.252,-44.444847
1427157774.268,-44.307545
1427157774.283,-43.735027
1427157774.299,-42.77811
1427157774.314,-41.599545
1427157774.33,-40.329945
1427157774.346,-39.04736
1427157774.361,-37.696606
1427157774.377,-36.126152
1427157774.393,-34.123867
1427157774.408,-31.477154
1427157774.424,-28.08162
1427157774.439,-23.971615
1427157774.455,-19.374523
1427157774.471,-14.681061
1427157774.486,-10.278019
1427157774.502,-6.4569626
1427157774.518,-3.2023582
1427157774.533,-0.22917557
1427157774.549,2.9182777
1427157774.564,6.5952187
1427157774.58,10.904556
1427157774.596,15.586674
1427157774.611,20.241844
1427157774.627,24.476158
1427157774.643,28.122227
1427157774.658,31.291298
1427157774.674,34.279175
1427157774.689,37.4362
1427157774.705,41.053867
1427157774.721,45.36494
1427157774.736,50.502453
1427157774.752,56.41555
1427157774.768,62.7361
1427157774.783,68.614136
1427157774.799,72.85033
1427157774.814,74.09294
1427157774.83,71.37245
1427157774.846,64.43509
1427157774.861,53.91382
1427157774.877,41.067287
1427157774.893,27.37299
1427157774.908,14.033386
1427157774.924,1.7305717
1427157774.939,-9.295902
1427157774.955,-19.028957
1427157774.971,-27.405605
1427157774.986,-34.206005
1427157775.002,-39.20028
1427157775.018,-42.31301
1427157775.033,-43.77438
1427157775.049,-44.056507
1427157775.064,-43.74383
1427157775.08,-43.28552
1427157775.096,-42.93817
1427157775.111,-42.735836
1427157775.127,-42.612312
1427157775.143,-42.488075
1427157775.158,-42.313076
1427157775.174,-42.03962
1427157775.189,-41.60036
1427157775.205,-40.878525
1427157775.221,-39.731705
1427157775.236,-38.02382
1427157775.252,-35.688828
1427157775.268,-32.72825
1427157775.283,-29.248995
1427157775.299,-25.42377
1427157775.314,-21.4328
1427157775.33,-17.403913
1427157775.346,-13.343992
1427157775.361,-9.132857
1427157775.377,-4.643964
1427157775.393,0.1839552
1427157775.408,5.261261
1427157775.424,10.35443
1427157775.44,15.189485
1427157775.455,19.599607
1427157775.471,23.589964
1427157775.486,27.381226
1427157775.502,31.330463
1427157775.518,35.867794
1427157775.533,41.33582
1427157775.549,47.856564
1427157775.564,55.116978
1427157775.58,62.295
1427157775.596,68.105865
1427157775.611,71.08136
1427157775.627,70.07123
1427157775.643,64.64914
1427157775.658,55.266235
1427157775.674,43.137115
1427157775.69,29.775396
1427157775.705,16.522629
1427157775.721,4.2169094
1427157775.736,-6.776231
1427157775.752,-16.454855
1427157775.768,-24.865417
1427157775.783,-32.000668
1427157775.799,-37.74536
1427157775.815,-41.985455
1427157775.83,-44.700195
1427157775.846,-46.061146
1427157775.861,-46.39203
1427157775.877,-46.13074
1427157775.893,-45.707275
1427157775.908,-45.402836
1427157775.924,-45.302483
1427157775.94,-45.287933
1427157775.955,-45.148933
1427157775.971,-44.73503
1427157775.986,-44.0161
1427157776.002,-43.101543
1427157776.018,-42.098953
1427157776.033,-41.026222
1427157776.049,-39.692375
1427157776.065,-37.806034
1427157776.08,-35.062023
1427157776.096,-31.307663
1427157776.111,-26.65437
1427157776.127,-21.469183
1427157776.143,-16.193512
1427157776.158,-11.236205
1427157776.174,-6.774941
1427157776.19,-2.685573
1427157776.205,1.3698051
1427157776.221,5.7911987
1427157776.236,10.8107605
1427157776.252,16.374287
1427157776.268,22.125608
1427157776.283,27.607193
1427157776.299,32.44647
1427157776.315,36.5527
1427157776.33,40.145504
1427157776.346,43.626698
1427157776.361,47.469208
1427157776.377,52.083942
1427157776.393,57.80145
1427157776.408,64.70806
1427157776.424,72.53805
1427157776.44,80.48315
1427157776.455,87.18449
1427157776.471,90.98873
1427157776.486,90.44032
1427157776.502,84.826164
1427157776.518,74.476616
1427157776.533,60.700176
1427157776.549,45.308277
1427157776.565,29.950409
1427157776.58,15.691481
1427157776.596,2.87809
1427157776.611,-8.565902
1427157776.627,-18.82838
1427157776.643,-27.885746
1427157776.658,-35.48738
1427157776.674,-41.317825
1427157776.69,-45.252342
1427157776.705,-47.483604
1427157776.721,-48.465534
1427157776.736,-48.75507
1427157776.752,-48.807426
1427157776.768,-48.84111
1427157776.783,-48.857857
1427157776.799,-48.736397
1427157776.815,-48.380775
1427157776.83,-47.766785
1427157776.846,-46.959297
1427157776.861,-46.049137
1427157776.877,-45.092377
1427157776.893,-44.04357
1427157776.908,-42.811066
1427157776.924,-41.254368
1427157776.94,-39.255684
1427157776.955,-36.70793
1427157776.971,-33.580055
1427157776.986,-29.88303
1427157777.002,-25.688932
1427157777.018,-21.123951
1427157777.033,-16.361706
1427157777.049,-11.586536
1427157777.065,-6.9320755
1427157777.08,-2.4207745
1427157777.096,2.0037155
1427157777.111,6.5042
1427157777.127,11.196785
1427157777.143,16.093561
1427157777.158,21.035658
1427157777.174,25.773634
1427157777.19,30.048855
1427157777.205,33.773186
1427157777.221,37.097588
1427157777.236,40.377148
1427157777.252,44.06096
1427157777.268,48.569733
1427157777.283,54.20717
1427157777.299,61.070892
1427157777.315,68.905334
1427157777.33,76.984795
1427157777.346,84.101364
1427157777.361,88.72249
1427157777.377,89.38061
1427157777.393,85.2005
1427157777.408,76.2307
1427157777.424,63.471737
1427157777.44,48.49295
1427157777.455,32.94113
1427157777.471,18.025131
1427157777.486,4.373806
1427157777.502,-7.840019
1427157777.518,-18.59018
1427157777.533,-27.788635
1427157777.549,-35.23348
1427157777.565,-40.76177
1427157777.58,-44.41808
1427157777.596,-46.52641
1427157777.611,-47.599285
1427157777.627,-48.181477
1427157777.643,-48.64368
1427157777.658,-49.111908
1427157777.674,-49.50054
1427157777.69,-49.66613
1427157777.705,-49.529396
1427157777.721,-49.191437
1427157777.736,-48.859844
1427157777.752,-48.72023
1427157777.768,-48.779083
1427157777.783,-48.792557
1427157777.799,-48.29756
1427157777.815,-46.880608
1427157777.83,-44.331306
1427157777.846,-40.758163
1427157777.861,-36.509117
1427157777.877,-32.012222
1427157777.893,-27.54744
1427157777.908,-23.158745
1427157777.924,-18.661026
1427157777.94,-13.805824
1427157777.955,-8.415092
1427157777.971,-2.5083847
1427157777.986,3.6832047
1427157778.002,9.793144
1427157778.018,15.441719
1427157778.033,20.381508
1427157778.049,24.583046
1427157778.065,28.284004
1427157778.08,31.95636
1427157778.096,36.200096
1427157778.112,41.56311
1427157778.127,48.330147
1427157778.143,56.302742
1427157778.158,64.642235
1427157778.174,71.9833
1427157778.19,76.681244
1427157778.205,77.33131
1427157778.221,73.21157
1427157778.236,64.576744
1427157778.252,52.52674
1427157778.268,38.611626
1427157778.283,24.31041
1427157778.299,10.64135
1427157778.315,-1.895935
1427157778.33,-13.177925
1427157778.346,-23.16954
1427157778.362,-31.757416
1427157778.377,-38.754723
1427157778.393,-43.971413
1427157778.408,-47.406273
1427157778.424,-49.210106
1427157778.44,-49.74376
1427157778.455,-49.46514
1427157778.471,-48.840607
1427157778.487,-48.238403
1427157778.502,-47.844086
1427157778.518,-47.64006
1427157778.533,-47.414764
1427157778.549,-46.919907
1427157778.565,-46.020874
1427157778.58,-44.773964
1427157778.596,-43.38069
1427157778.612,-42.02411
1427157778.627,-40.717934
1427157778.643,-39.228134
1427157778.658,-37.19165
1427157778.674,-34.28566
1427157778.69,-30.452911
1427157778.705,-25.93013
1427157778.721,-21.167572
1427157778.737,-16.621819
1427157778.752,-12.586464
1427157778.768,-9.009933
1427157778.783,-5.602684
1427157778.799,-1.9075623
1427157778.815,2.4506683
1427157778.83,7.632736
1427157778.846,13.490677
1427157778.862,19.625465
1427157778.877,25.558823
1427157778.893,30.892555
1427157778.908,35.469933
1427157778.924,39.431618
1427157778.94,43.16841
1427157778.955,47.218864
1427157778.971,52.10356
1427157778.987,58.206436
1427157779.002,65.55822
1427157779.018,73.708954
1427157779.033,81.62278
1427157779.049,87.820625
1427157779.065,90.7114
1427157779.08,89.1012
1427157779.096,82.59453
1427157779.112,71.76668
1427157779.127,57.929955
1427157779.143,42.73027
1427157779.158,27.582367
1427157779.174,13.407318
1427157779.19,0.59300995
1427157779.205,-10.797882
1427157779.221,-20.79013
1427157779.237,-29.334812
1427157779.252,-36.337753
1427157779.268,-41.721603
1427157779.283,-45.5448
1427157779.299,-48.028717
1427157779.315,-49.525124
1427157779.33,-50.408615
1427157779.346,-50.997025
1427157779.362,-51.486107
1427157779.377,-51.892532
1427157779.393,-52.117706
1427157779.408,-52.034584
1427157779.424,-51.565598
1427157779.44,-50.745872
1427157779.455,-49.685806
1427157779.471,-48.498466
1427157779.487,-47.20903
1427157779.502,-45.738518
1427157779.518,-43.883797
1427157779.533,-41.443565
1427157779.549,-38.27221
1427157779.565,-34.335007
1427157779.58,-29.71378
1427157779.596,-24.628288
1427157779.612,-19.363155
1427157779.627,-14.239548
1427157779.643,-9.478573
1427157779.658,-5.1658897
1427157779.674,-1.1706505
1427157779.69,2.7571602
1427157779.705,6.908268
1427157779.721,11.432064
1427157779.737,16.301033
1427157779.752,21.323925
1427157779.768,26.267006
1427157779.783,30.93713
1427157779.799,35.27468
1427157779.815,39.352814
1427157779.83,43.34597
1427157779.846,47.517956
1427157779.862,52.19804
1427157779.877,57.71804
1427157779.893,64.28653
1427157779.908,71.75601
1427157779.924,79.43155
1427157779.94,86.04428
1427157779.955,90.00363
1427157779.971,89.85516
1427157779.987,84.846085
1427157780.002,75.205864
1427157780.018,62.08531
1427157780.033,47.14734
1427157780.049,31.996822
1427157780.065,17.73283
1427157780.08,4.8317413
1427157780.096,-6.679447
1427157780.112,-16.88295
1427157780.127,-25.716805
1427157780.143,-32.94484
1427157780.158,-38.336994
1427157780.174,-41.864983
1427157780.19,-43.83232
1427157780.205,-44.778465
1427157780.221,-45.274986
1427157780.237,-45.703835
1427157780.252,-46.19107
1427157780.268,-46.629036
1427157780.283,-46.832184
1427157780.299,-46.677307
1427157780.315,-46.190674
1427157780.33,-45.507164
1427157780.346,-44.781593
1427157780.362,-44.045807
1427157780.377,-43.1789
1427157780.393,-41.91964
1427157780.408,-39.953094
1427157780.424,-37.104233
1427157780.44,-33.44081
1427157780.455,-29.285187
1427157780.471,-25.154236
1427157780.487,-21.471779
1427157780.502,-18.392624
1427157780.518,-15.645889
1427157780.533,-12.684097
1427157780.549,-8.913742
1427157780.565,-4.030739
1427157780.58,1.8066788
1427157780.596,8.032669
1427157780.612,13.934868
1427157780.627,18.993362
1427157780.643,23.070526
1427157780.658,26.447105
1427157780.674,29.668861
1427157780.69,33.344536
1427157780.705,37.976784
1427157780.721,43.811867
1427157780.737,50.740242
1427157780.752,58.13965
1427157780.768,64.88621
1427157780.783,69.521095
1427157780.799,70.646576
1427157780.815,67.35316
1427157780.83,59.64025
1427157780.846,48.373314
1427157780.862,35.03952
1427157780.877,21.230644
1427157780.893,8.195938
1427157780.908,-3.3976746
1427157780.924,-13.421577
1427157780.94,-22.025742
1427157780.955,-29.37664
1427157780.971,-35.49389
1427157780.987,-40.260834
1427157781.002,-43.588013
1427157781.018,-45.52262
1427157781.034,-46.33522
1427157781.049,-46.3944
1427157781.065,-46.075157
1427157781.08,-45.572998
1427157781.096,-44.931293
1427157781.112,-44.082836
1427157781.127,-42.982025
1427157781.143,-41.697792
1427157781.159,-40.415047
1427157781.174,-39.275574
1427157781.19,-38.294666
1427157781.205,-37.25781
1427157781.221,-35.81702
1427157781.237,-33.617916
1427157781.252,-30.488617
1427157781.268,-26.525978
1427157781.284,-22.056923
1427157781.299,-17.479748
1427157781.315,-13.112137
1427157781.33,-9.026382
1427157781.346,-5.0720634
1427157781.362,-0.9497719
1427157781.377,3.5911827
1427157781.393,8.63681
1427157781.409,14.045525
1427157781.424,19.536484
1427157781.44,24.786854
1427157781.455,29.624485
1427157781.471,34.040676
1427157781.487,38.231075
1427157781.502,42.566296
1427157781.518,47.481205
1427157781.534,53.35954
1427157781.549,60.33952
1427157781.565,68.04108
1427157781.58,75.502106
1427157781.596,81.26547
1427157781.612,83.765625
1427157781.627,81.844635
1427157781.643,75.23625
1427157781.659,64.64375
1427157781.674,51.499374
1427157781.69,37.429024
1427157781.705,23.70398
1427157781.721,11.011208
1427157781.737,-0.50759506
1427157781.752,-10.957226
1427157781.768,-20.376053
1427157781.784,-28.605385
1427157781.799,-35.35214
1427157781.815,-40.400856
1427157781.83,-43.773903
1427157781.846,-45.77665
1427157781.862,-46.83849
1427157781.877,-47.356922
1427157781.893,-47.565807
1427157781.909,-47.51002
1427157781.924,-47.117027
1427157781.94,-46.36481
1427157781.955,-45.319695
1427157781.971,-44.16893
1427157781.987,-43.110832
1427157782.002,-42.216007
1427157782.018,-41.351513
1427157782.034,-40.205982
1427157782.049,-38.38015
1427157782.065,-35.601322
1427157782.08,-31.84872
1427157782.096,-27.359188
1427157782.112,-22.522274
1427157782.127,-17.696579
1427157782.143,-13.04538
1427157782.159,-8.527943
1427157782.174,-3.9301376
1427157782.19,0.955246
1427157782.205,6.2269974
1427157782.221,11.798481
1427157782.237,17.450787
1427157782.252,22.898521
1427157782.268,27.917423
1427157782.284,32.390045
1427157782.299,36.412827
1427157782.315,40.291847
1427157782.33,44.518448
1427157782.346,49.642673
1427157782.362,56.055813
1427157782.377,63.705128
1427157782.393,71.8704
1427157782.409,79.16408
1427157782.424,83.857056
1427157782.44,84.38344
1427157782.455,79.933136
1427157782.471,70.723526
1427157782.487,57.9663
1427157782.502,43.347443
1427157782.518,28.524647
1427157782.534,14.607975
1427157782.549,2.1073647
1427157782.565,-8.960598
1427157782.58,-18.693645
1427157782.596,-27.116245
1427157782.612,-34.109383
1427157782.627,-39.524345
1427157782.643,-43.32137
1427157782.659,-45.627045
1427157782.674,-46.7135
1427157782.69,-46.881927
1427157782.705,-46.431084
1427157782.721,-45.623066
1427157782.737,-44.652203
1427157782.752,-43.675194
1427157782.768,-42.77251
1427157782.784,-41.980682
1427157782.799,-41.283066
1427157782.815,-40.62377
1427157782.83,-39.884766
1427157782.846,-38.922474
1427157782.862,-37.52263
1427157782.877,-35.513485
1427157782.893,-32.79342
1427157782.909,-29.442322
1427157782.924,-25.680103
1427157782.94,-21.784348
1427157782.955,-17.943802
1427157782.971,-14.207363
1427157782.987,-10.396065
1427157783.002,-6.2397957
1427157783.018,-1.4917145
1427157783.034,3.9026184
1427157783.049,9.774925
1427157783.065,15.751644
1427157783.08,21.417904
1427157783.096,26.459866
1427157783.112,30.823097
1427157783.127,34.73293
1427157783.143,38.6711
1427157783.159,43.20282
1427157783.174,48.801826
1427157783.19,55.569412
1427157783.205,63.064957
1427157783.221,70.23273
1427157783.237,75.614075
1427157783.252,77.68736
1427157783.268,75.411644
1427157783.284,68.567276
1427157783.299,57.872227
1427157783.315,44.720783
1427157783.33,30.716858
1427157783.346,17.167664
1427157783.362,4.812557
1427157783.377,-6.191044
1427157783.393,-15.984211
1427157783.409,-24.702961
1427157783.424,-32.27599
1427157783.44,-38.478783
1427157783.455,-43.040344
1427157783.471,-45.88301
1427157783.487,-47.18619
1427157783.502,-47.38853
1427157783.518,-46.985123
1427157783.534,-46.43838
1427157783.549,-45.973114
1427157783.565,-45.628254
1427157783.58,-45.279694
1427157783.596,-44.7901
1427157783.612,-44.078575
1427157783.627,-43.151226
1427157783.643,-42.009666
1427157783.659,-40.60571
1427157783.674,-38.8255
1427157783.69,-36.527657
1427157783.706,-33.634045
1427157783.721,-30.194752
1427157783.737,-26.350494
1427157783.752,-22.260696
1427157783.768,-18.001942
1427157783.784,-13.548546
1427157783.799,-8.76318
1427157783.815,-3.533678
1427157783.831,2.1266003
1427157783.846,8.027014
1427157783.862,13.870588
1427157783.877,19.322573
1427157783.893,24.205544
1427157783.909,28.526041
1427157783.924,32.50287
1427157783.94,36.531166
1427157783.956,41.067223
1427157783.971,46.498196
1427157783.987,52.91748
1427157784.002,59.943447
1427157784.018,66.61849
1427157784.034,71.56655
1427157784.049,73.37728
1427157784.065,71.02641
1427157784.081,64.308266
1427157784.096,53.88325
1427157784.112,41.104053
1427157784.127,27.495058
1427157784.143,14.313789
1427157784.159,2.2588844
1427157784.174,-8.441788
1427157784.19,-17.879538
1427157784.206,-26.129515
1427157784.221,-33.117577
1427157784.237,-38.671432
1427157784.252,-42.634712
1427157784.268,-45.033363
1427157784.284,-46.13587
1427157784.299,-46.353767
1427157784.315,-46.12864
1427157784.331,-45.750816
1427157784.346,-45.344
1427157784.362,-44.827614
1427157784.377,-44.096973
1427157784.393,-43.12553
1427157784.409,-42.001972
1427157784.424,-40.886036
1427157784.44,-39.869217
1427157784.456,-38.883232
1427157784.471,-37.70382
1427157784.487,-36.033203
1427157784.502,-33.633175
1427157784.518,-30.437859
1427157784.534,-26.560444
1427157784.549,-22.213028
1427157784.565,-17.651093
1427157784.581,-13.10124
1427157784.596,-8.704303
1427157784.612,-4.461726
1427157784.627,-0.24760509
1427157784.643,4.1525865
1427157784.659,8.902504
1427157784.674,14.032965
1427157784.69,19.365791
1427157784.706,24.574747
1427157784.721,29.339676
1427157784.737,33.556717
1427157784.752,37.363285
1427157784.768,41.139656
1427157784.784,45.33016
1427157784.799,50.32481
1427157784.815,56.343758
1427157784.831,63.363533
1427157784.846,70.97079
1427157784.862,78.31553
1427157784.877,84.085495
1427157784.893,86.813995
1427157784.909,85.241776
1427157784.924,78.862625
1427157784.94,68.13469
1427157784.956,54.376915
1427157784.971,39.287895
1427157784.987,24.40355
1427157785.002,10.700016
1427157785.018,-1.4744282
1427157785.034,-12.164501
1427157785.049,-21.50553
1427157785.065,-29.52446
1427157785.081,-36.116188
1427157785.096,-41.163063
1427157785.112,-44.66464
1427157785.127,-46.824364
1427157785.143,-47.9786
1427157785.159,-48.52813
1427157785.174,-48.79342
1427157785.19,-48.949306
1427157785.206,-49.00186
1427157785.221,-48.876564
1427157785.237,-48.49116
1427157785.252,-47.85976
1427157785.268,-47.09455
1427157785.284,-46.327763
1427157785.299,-45.616234
1427157785.315,-44.83982
1427157785.331,-43.718002
1427157785.346,-41.963306
1427157785.362,-39.423637
1427157785.377,-36.176907
1427157785.393,-32.46917
1427157785.409,-28.631538
1427157785.424,-24.85987
1427157785.44,-21.190514
1427157785.456,-17.51189
1427157785.471,-13.719517
1427157785.487,-9.790657
1427157785.502,-5.843895
1427157785.518,-2.0111961
1427157785.534,1.6841774
1427157785.549,5.423912
1427157785.565,9.50713
1427157785.581,14.23801
1427157785.596,19.69904
1427157785.612,25.660168
1427157785.627,31.665443
1427157785.643,37.20029
1427157785.659,41.927246
1427157785.674,45.845356
1427157785.69,49.2634
1427157785.706,52.70458
1427157785.721,56.722736
1427157785.737,61.757973
1427157785.752,67.95781
1427157785.768,75.0112
1427157785.784,82.04813
1427157785.799,87.70526
1427157785.815,90.393616
1427157785.831,88.804344
1427157785.846,82.358536
1427157785.862,71.48906
1427157785.877,57.471413
1427157785.893,42.010063
1427157785.909,26.65815
1427157785.924,12.458179
1427157785.94,-0.14942169
1427157785.956,-11.150459
1427157785.971,-20.654343
1427157785.987,-28.680325
1427157786.002,-35.155415
1427157786.018,-39.972023
1427157786.034,-43.13374
1427157786.049,-44.823334
1427157786.065,-45.370445
1427157786.081,-45.140736
1427157786.096,-44.49106
1427157786.112,-43.634155
1427157786.127,-42.68359
1427157786.143,-41.646896
1427157786.159,-40.536793
1427157786.174,-39.404922
1427157786.19,-38.349667
1427157786.206,-37.474224
1427157786.221,-36.748158
1427157786.237,-35.974167
1427157786.252,-34.79527
1427157786.268,-32.846333
1427157786.284,-29.993683
1427157786.299,-26.366009
1427157786.315,-22.396969
1427157786.331,-18.578636
1427157786.346,-15.263741
1427157786.362,-12.484077
1427157786.378,-9.9848175
1427157786.393,-7.301174
1427157786.409,-4.037567
1427157786.424,-0.0042037964
1427157786.44,4.704033
1427157786.456,9.728695
1427157786.471,14.590168
1427157786.487,18.894604
1427157786.502,22.41246
1427157786.518,25.215397
1427157786.534,27.640366
1427157786.549,30.23862
1427157786.565,33.579144
1427157786.581,38.136585
1427157786.596,43.99089
1427157786.612,50.72425
1427157786.628,57.332565
1427157786.643,62.39358
1427157786.659,64.39459
1427157786.674,62.22966
1427157786.69,55.59577
1427157786.706,45.1605
1427157786.721,32.3509
1427157786.737,18.893864
1427157786.753,6.208214
1427157786.768,-4.8504868
1427157786.784,-14.10881
1427157786.799,-21.704845
1427157786.815,-27.83918
1427157786.831,-32.53691
1427157786.846,-35.72638
1427157786.862,-37.352966
1427157786.878,-37.608566
1427157786.893,-36.916843
1427157786.909,-35.858532
1427157786.924,-34.955036
1427157786.94,-34.515038
1427157786.956,-34.570564
1427157786.971,-34.919456
1427157786.987,-35.2668
1427157787.003,-35.356853
1427157787.018,-35.06543
1427157787.034,-34.41026
1427157787.049,-33.45343
1427157787.065,-32.215813
1427157787.081,-30.608948
1427157787.096,-28.482956
1427157787.112,-25.693626
1427157787.128,-22.20932
1427157787.143,-18.128029
1427157787.159,-13.633263
1427157787.174,-8.848564
1427157787.19,-3.8291397
1427157787.206,1.4379387
1427157787.221,6.9205055
1427157787.237,12.4585495
1427157787.253,17.77409
1427157787.268,22.580257
1427157787.284,26.709824
1427157787.299,30.275444
1427157787.315,33.64747
1427157787.331,37.351654
1427157787.346,41.900906
1427157787.362,47.608654
1427157787.378,54.42717
1427157787.393,61.84443
1427157787.409,68.821915
1427157787.424,73.991646
1427157787.44,75.94896
1427157787.456,73.72166
1427157787.471,67.085495
1427157787.487,56.702682
1427157787.503,43.887905
1427157787.518,30.174519
1427157787.534,16.843914
1427157787.549,4.6798744
1427157787.565,-6.0457687
1427157787.581,-15.376179
1427157787.596,-23.391743
1427157787.612,-30.075588
1427157787.628,-35.317963
1427157787.643,-39.040997
1427157787.659,-41.344795
1427157787.674,-42.522694
1427157787.69,-42.984116
1427157787.706,-43.130894
1427157787.721,-43.23443
1427157787.737,-43.33104
1427157787.753,-43.315926
1427157787.768,-43.03332
1427157787.784,-42.416138
1427157787.799,-41.554527
1427157787.815,-40.64859
1427157787.831,-39.87439
1427157787.846,-39.221783
1427157787.862,-38.46394
1427157787.878,-37.205902
1427157787.893,-35.07272
1427157787.909,-31.917355
1427157787.924,-27.895481
1427157787.94,-23.42685
1427157787.956,-18.989315
1427157787.971,-14.892979
1427157787.987,-11.118008
1427157788.003,-7.3681297
1427157788.018,-3.182846
1427157788.034,1.7512321
1427157788.049,7.4670525
1427157788.065,13.6938095
1427157788.081,19.950436
1427157788.096,25.779526
1427157788.112,30.932816
1427157788.128,35.4243
1427157788.143,39.505234
1427157788.159,43.56886
1427157788.174,48.06499
1427157788.19,53.43809
1427157788.206,59.987476
1427157788.221,67.63701
1427157788.237,75.74028
1427157788.253,82.99963
1427157788.268,87.72046
1427157788.284,88.31357
1427157788.299,83.93382
1427157788.315,74.79989
1427157788.331,62.146908
1427157788.346,47.741272
1427157788.362,33.22853
1427157788.378,19.618988
1427157788.393,7.239609
1427157788.409,-4.0634956
1427157788.424,-14.475613
1427157788.44,-23.948307
1427157788.456,-32.178143
1427157788.471,-38.79283
1427157788.487,-43.563587
1427157788.503,-46.57149
1427157788.518,-48.139545
1427157788.534,-48.732327
1427157788.549,-48.77169
1427157788.565,-48.568783
1427157788.581,-48.230114
1427157788.596,-47.768856
1427157788.612,-47.119583
1427157788.628,-46.291573
1427157788.643,-45.382843
1427157788.659,-44.567375
1427157788.674,-43.942154
1427157788.69,-43.44274
1427157788.706,-42.79187
1427157788.721,-41.590324
1427157788.737,-39.450256
1427157788.753,-36.23777
1427157788.768,-32.10373
1427157788.784,-27.456715
1427157788.799,-22.804214
1427157788.815,-18.560999
1427157788.831,-14.877478
1427157788.846,-11.611309
1427157788.862,-8.3141365
1427157788.878,-4.474781
1427157788.893,0.32440567
1427157788.909,6.154312
1427157788.924,12.698679
1427157788.94,19.305323
1427157788.956,25.27253
1427157788.971,30.130348
1427157788.987,33.84813
1427157789.003,36.820724
1427157789.018,39.68789
1427157789.034,43.083233
1427157789.05,47.51235
1427157789.065,53.199123
1427157789.081,60.080727
1427157789.096,67.6688
1427157789.112,75.0086
1427157789.128,80.647354
1427157789.143,82.991844
1427157789.159,80.7492
1427157789.174,73.459526
1427157789.19,61.74359
1427157789.206,47.13887
1427157789.221,31.54829
1427157789.237,16.6503
1427157789.253,3.4303322
1427157789.268,-7.8671436
1427157789.284,-17.457378
1427157789.3,-25.634624
1427157789.315,-32.48167
1427157789.331,-37.842163
1427157789.346,-41.504982
1427157789.362,-43.38879
1427157789.378,-43.704502
1427157789.393,-42.924866
1427157789.409,-41.696358
1427157789.425,-40.61518
1427157789.44,-40.05217
1427157789.456,-40.05211
1427157789.471,-40.400917
1427157789.487,-40.6997
1427157789.503,-40.650917
1427157789.518,-40.11847
1427157789.534,-39.17634
1427157789.55,-38.000294
1427157789.565,-36.73228
1427157789.581,-35.32699
1427157789.596,-33.640213
1427157789.612,-31.435528
1427157789.628,-28.542274
1427157789.643,-24.904419
1427157789.659,-20.56668
1427157789.675,-15.637061
1427157789.69,-10.272619
1427157789.706,-4.649947
1427157789.721,1.0624409
1427157789.737,6.6797295
1427157789.753,12.061305
1427157789.768,17.157352
1427157789.784,22.034998
1427157789.8,26.90517
1427157789.815,32.070236
1427157789.831,37.867435
1427157789.846,44.528923
1427157789.862,52.05321
1427157789.878,59.93921
1427157789.893,67.21303
1427157789.909,72.47511
1427157789.925,74.264015
1427157789.94,71.54497
1427157789.956,64.1115
1427157789.971,52.723663
1427157789.987,38.883495
1427157790.003,24.340483
1427157790.018,10.536741
1427157790.034,-1.7314796
1427157790.05,-12.2992935
1427157790.065,-21.352112
1427157790.081,-29.069643
1427157790.096,-35.442238
1427157790.112,-40.28124
1427157790.128,-43.44068
1427157790.143,-44.98915
1427157790.159,-45.298065
1427157790.175,-44.872856
1427157790.19,-44.22414
1427157790.206,-43.648087
1427157790.221,-43.231377
1427157790.237,-42.889442
1427157790.253,-42.488525
1427157790.268,-41.94416
1427157790.284,-41.212982
1427157790.3,-40.280052
1427157790.315,-39.096886
1427157790.331,-37.573135
1427157790.346,-35.561966
1427157790.362,-32.906326
1427157790.378,-29.524153
1427157790.393,-25.43237
1427157790.409,-20.779207
1427157790.425,-15.786747
1427157790.44,-10.651833
1427157790.456,-5.451704
1427157790.471,-0.12884712
1427157790.487,5.439005
1427157790.503,11.328146
1427157790.518,17.479612
1427157790.534,23.656164
1427157790.55,29.585867
1427157790.565,35.05125
1427157790.581,40.054256
1427157790.596,44.831345
1427157790.612,49.812912
1427157790.628,55.48148
1427157790.643,62.108543
1427157790.659,69.50624
1427157790.675,76.84035
1427157790.69,82.71665
1427157790.706,85.5197
1427157790.721,83.95818
1427157790.737,77.607315
1427157790.753,67.05682
1427157790.768,53.73555
1427157790.784,39.317684
1427157790.8,25.208153
1427157790.815,12.149601
1427157790.831,0.29481888
1427157790.846,-10.492718
1427157790.862,-20.314503
1427157790.878,-29.033005
1427157790.893,-36.343555
1427157790.909,-41.9642
1427157790.925,-45.788975
1427157790.94,-47.98989
1427157790.956,-48.981495
1427157790.971,-49.284264
1427157790.987,-49.389862
1427157791.003,-49.61857
1427157791.018,-50.048466
1427157791.034,-50.549526
1427157791.05,-50.885128
1427157791.065,-50.86826
1427157791.081,-50.44379
1427157791.096,-49.726135
1427157791.112,-48.787865
1427157791.128,-47.620087
1427157791.143,-46.040276
1427157791.159,-43.7638
1427157791.175,-40.58673
1427157791.19,-36.51306
1427157791.206,-31.781666
1427157791.221,-26.793045
1427157791.237,-21.927494
1427157791.253,-17.38126
1427157791.268,-13.137768
1427157791.284,-8.985928
1427157791.3,-4.612732
1427157791.315,0.26379776
1427157791.331,5.7672615
1427157791.346,11.805382
1427157791.362,18.083511
1427157791.378,24.183594
1427157791.393,29.737823
1427157791.409,34.53732
1427157791.425,38.644768
1427157791.44,42.36745
1427157791.456,46.159233
1427157791.471,50.50284
1427157791.487,55.83571
1427157791.503,62.44215
1427157791.518,70.245316
1427157791.534,78.653496
1427157791.55,86.4636
1427157791.565,92.00807
1427157791.581,93.601906
1427157791.596,90.129364
1427157791.612,81.47899
1427157791.628,68.63515
1427157791.643,53.322533
1427157791.659,37.367657
1427157791.675,22.129242
1427157791.69,8.254215
1427157791.706,-4.2183495
1427157791.721,-15.492874
1427157791.737,-25.6405
1427157791.753,-34.471474
1427157791.768,-41.628628
1427157791.784,-46.849052
1427157791.8,-50.166702
1427157791.815,-51.9562
1427157791.831,-52.829353
1427157791.846,-53.37165
1427157791.862,-53.94692
1427157791.878,-54.605236
1427157791.893,-55.14897
1427157791.909,-55.28866
1427157791.925,-54.821014
1427157791.94,-53.76217
1427157791.956,-52.28862
1427157791.972,-50.65889
1427157791.987,-49.06633
1427157792.003,-47.54065
1427157792.018,-45.960625
1427157792.034,-44.10193
1427157792.05,-41.749153
1427157792.065,-38.784508
1427157792.081,-35.210655
1427157792.097,-31.157265
1427157792.112,-26.80027
1427157792.128,-22.3694
1427157792.143,-18.01725
1427157792.159,-13.831093
1427157792.175,-9.804283
1427157792.19,-5.849617
1427157792.206,-1.820755
1427157792.222,2.4179764
1427157792.237,6.9886475
1427157792.253,11.882507
1427157792.268,17.009888
1427157792.284,22.161308
1427157792.3,27.117218
1427157792.315,31.717133
1427157792.331,35.96271
1427157792.347,40.00889
1427157792.362,44.154846
1427157792.378,48.73213
1427157792.393,54.065628
1427157792.409,60.369476
1427157792.425,67.62519
1427157792.44,75.39952
1427157792.456,82.711815
1427157792.472,88.1188
1427157792.487,90.038925
1427157792.503,87.252174
1427157792.518,79.43875
1427157792.534,67.30492
1427157792.55,52.448906
1427157792.565,36.72101
1427157792.581,21.702278
1427157792.597,8.245804
1427157792.612,-3.4495468
1427157792.628,-13.58181
1427157792.643,-22.383331
1427157792.659,-29.872604
1427157792.675,-35.917618
1427157792.69,-40.38553
1427157792.706,-43.317818
1427157792.722,-44.992767
1427157792.737,-45.85647
1427157792.753,-46.365524
1427157792.768,-46.816208
1427157792.784,-47.28933
1427157792.8,-47.634888
1427157792.815,-47.659904
1427157792.831,-47.218407
1427157792.847,-46.351616
1427157792.862,-45.208633
1427157792.878,-43.952538
1427157792.893,-42.58967
1427157792.909,-40.99598
1427157792.925,-38.975258
1427157792.94,-36.40532
1427157792.956,-33.331688
1427157792.972,-29.886047
1427157792.987,-26.18911
1427157793.003,-22.217934
1427157793.018,-17.835114
1427157793.034,-12.927666
1427157793.05,-7.4992447
1427157793.065,-1.7880554
1427157793.081,3.8615952
1427157793.097,9.123726
1427157793.112,13.869934
1427157793.128,18.156845
1427157793.143,22.217918
1427157793.159,26.369507
1427157793.175,31.00496
1427157793.19,36.50789
1427157793.206,43.137245
1427157793.222,50.825356
1427157793.237,58.90805
1427157793.253,66.125015
1427157793.268,70.85526
1427157793.284,71.62741
1427157793.3,67.681435
1427157793.315,59.242737
1427157793.331,47.46791
1427157793.347,33.944496
1427157793.362,20.184387
1427157793.378,7.1857758
1427157793.393,-4.6147003
1427157793.409,-15.174957
1427157793.425,-24.512047
1427157793.44,-32.521683
1427157793.456,-38.966515
1427157793.472,-43.6204
1427157793.487,-46.441628
1427157793.503,-47.66162
1427157793.518,-47.719826
1427157793.534,-47.133125
1427157793.55,-46.326607
1427157793.565,-45.554222
1427157793.581,-44.89299
1427157793.597,-44.341248
1427157793.612,-43.811317
1427157793.628,-43.23053
1427157793.643,-42.51007
1427157793.659,-41.54309
1427157793.675,-40.202248
1427157793.69,-38.35408
1427157793.706,-35.898064
1427157793.722,-32.786446
1427157793.737,-29.037216
1427157793.753,-24.717133
1427157793.768,-19.940498
1427157793.784,-14.850876
1427157793.8,-9.574364
1427157793.815,-4.2395935
1427157793.831,1.1371765
1427157793.847,6.518738
1427157793.862,11.879318
1427157793.878,17.12471
1427157793.893,22.112968
1427157793.909,26.729256
1427157793.925,30.989487
1427157793.94,35.082535
1427157793.956,39.350647
1427157793.972,44.193848
1427157793.987,49.92121
1427157794.003,56.591263
1427157794.018,63.83927
1427157794.034,70.81024
1427157794.05,76.19207
1427157794.065,78.507515
1427157794.081,76.57958
1427157794.097,69.93626
1427157794.112,59.13765
1427157794.128,45.588333
1427157794.143,31.096428
1427157794.159,17.248177
1427157794.175,4.9803925
1427157794.19,-5.5234222
1427157794.206,-14.546524
1427157794.222,-22.44638
1427157794.237,-29.404015
1427157794.253,-35.37879
1427157794.268,-40.255875
1427157794.284,-44.029785
1427157794.3,-46.803886
1427157794.315,-48.77231
1427157794.331,-50.07804
1427157794.347,-50.78975
1427157794.362,-50.89631
1427157794.378,-50.39397
1427157794.393,-49.3408
1427157794.409,-47.907368
1427157794.425,-46.358044
1427157794.44,-45.00143
1427157794.456,-44.06316
1427157794.472,-43.59481
1427157794.487,-43.320156
1427157794.503,-42.721935
1427157794.518,-41.182655
1427157794.534,-38.270706
1427157794.55,-33.945038
1427157794.565,-28.608486
1427157794.581,-22.932953
1427157794.597,-17.577671
1427157794.612,-12.894268
1427157794.628,-8.84074
1427157794.644,-5.051361
1427157794.659,-1.1186981
1427157794.675,3.2424698
1427157794.69,8.032383
1427157794.706,13.008957
1427157794.722,17.839485
1427157794.737,22.250957
1427157794.753,26.12442
1427157794.769,29.545544
1427157794.784,32.798595
1427157794.8,36.295437
1427157794.815,40.50389
1427157794.831,45.88767
1427157794.847,52.750244
1427157794.862,61.078793
1427157794.878,70.30471
1427157794.894,79.25577
1427157794.909,86.25959
1427157794.925,89.57051
1427157794.94,87.92829
1427157794.956,81.03963
1427157794.972,69.68937
1427157794.987,55.45481
1427157795.003,40.15051
1427157795.019,25.278637
1427157795.034,11.686596
1427157795.05,-0.3516407
1427157795.065,-10.878513
1427157795.081,-19.963293
1427157795.097,-27.593199
1427157795.112,-33.665756
1427157795.128,-38.205566
1427157795.144,-41.382004
1427157795.159,-43.495544
1427157795.175,-44.883633
1427157795.19,-45.82277
1427157795.206,-46.455223
1427157795.222,-46.820175
1427157795.237,-46.883987
1427157795.253,-46.6043
1427157795.269,-45.979904
1427157795.284,-45.088135
1427157795.3,-44.03633
1427157795.315,-42.941704
1427157795.331,-41.82231
1427157795.347,-40.567978
1427157795.362,-38.95053
1427157795.378,-36.74491
1427157795.394,-33.79755
1427157795.409,-30.113214
1427157795.425,-25.794785
1427157795.44,-21.019958
1427157795.456,-15.939382
1427157795.472,-10.676336
1427157795.487,-5.2739906
1427157795.503,0.22299433
1427157795.519,5.7989635
1427157795.534,11.395533
1427157795.55,16.922506
1427157795.565,22.294172
1427157795.581,27.488136
1427157795.597,32.611122
1427157795.612,37.987755
1427157795.628,44.045883
1427157795.644,51.102787
1427157795.659,59.043056
1427157795.675,67.097
1427157795.69,73.88512
1427157795.706,77.80189
1427157795.722,77.587875
1427157795.737,72.81134
1427157795.753,64.0155
1427157795.769,52.504387
1427157795.784,39.805607
1427157795.8,27.221756
1427157795.815,15.546708
1427157795.831,5.129941
1427157795.847,-3.9614496
1427157795.862,-11.681507
1427157795.878,-17.906767
1427157795.894,-22.51841
1427157795.909,-25.503061
1427157795.925,-27.076727
1427157795.94,-27.655766
1427157795.956,-27.752838
1427157795.972,-27.81614
1427157795.987,-28.096043
1427157796.003,-28.591003
1427157796.019,-29.08054
1427157796.034,-29.282297
1427157796.05,-28.989346
1427157796.065,-28.188484
1427157796.081,-27.032825
1427157796.097,-25.821047
1427157796.112,-24.80827
1427157796.128,-24.079151
1427157796.144,-23.44758
1427157796.159,-22.52293
1427157796.175,-20.79996
1427157796.19,-17.861769
1427157796.206,-13.564396
1427157796.222,-8.098118
1427157796.237,-1.9350426
1427157796.253,4.350585
1427157796.269,10.3109865
1427157796.284,15.789936
1427157796.3,20.93868
1427157796.315,26.134804
1427157796.331,31.839018
1427157796.347,38.426647
1427157796.362,46.069214
1427157796.378,54.60193
1427157796.394,63.37623
1427157796.409,71.25316
1427157796.425,76.7686
1427157796.44,78.48812
1427157796.456,75.50216
1427157796.472,67.745155
1427157796.487,56.055374
1427157796.503,41.908382
1427157796.519,26.954762
1427157796.534,12.577278
1427157796.55,-0.3426838
1427157796.565,-11.463621
1427157796.581,-20.784256
1427157796.597,-28.47105
1427157796.612,-34.6898
1427157796.628,-39.602444
1427157796.644,-43.311398
1427157796.659,-45.969456
1427157796.675,-47.782215
1427157796.69,-48.99711
1427157796.706,-49.849724
1427157796.722,-50.507458
1427157796.737,-51.023098
1427157796.753,-51.364166
1427157796.769,-51.444138
1427157796.784,-51.207527
1427157796.8,-50.616608
1427157796.815,-49.62333
1427157796.831,-48.109272
1427157796.847,-45.91283
1427157796.862,-42.854675
1427157796.878,-38.91768
1427157796.894,-34.2538
1427157796.909,-29.19152
1427157796.925,-24.027306
1427157796.94,-18.933447
1427157796.956,-13.868931
1427157796.972,-8.674013
1427157796.987,-3.220395
1427157797.003,2.4682302
1427157797.019,8.178453
1427157797.034,13.589931
1427157797.05,18.441772
1427157797.065,22.650005
1427157797.081,26.37062
1427157797.097,29.92689
1427157797.112,33.77364
1427157797.128,38.328167
1427157797.144,43.98333
1427157797.159,50.986782
1427157797.175,59.307133
1427157797.19,68.37296
1427157797.206,77.01463
1427157797.222,83.56596
1427157797.237,86.312546
1427157797.253,84.075165
1427157797.269,76.70236
1427157797.284,65.15797
1427157797.3,51.175774
1427157797.316,36.60342
1427157797.331,22.791521
1427157797.347,10.307452
1427157797.362,-0.8805218
1427157797.378,-11.045359
1427157797.394,-20.275774
1427157797.409,-28.399216
1427157797.425,-35.08763
1427157797.441,-40.14258
1427157797.456,-43.65532
1427157797.472,-45.999664
1427157797.487,-47.639095
1427157797.503,-48.984222
1427157797.519,-50.238857
1427157797.534,-51.434307
1427157797.55,-52.479053
1427157797.566,-53.297688
1427157797.581,-53.8911
1427157797.597,-54.35761
1427157797.612,-54.81203
1427157797.628,-55.297195
1427157797.644,-55.709545
1427157797.659,-55.807175
1427157797.675,-55.238884
1427157797.691,-53.722855
1427157797.706,-51.182667
1427157797.722,-47.795654
1427157797.737,-43.93336
1427157797.753,-40.014286
1427157797.769,-36.292347
1427157797.784,-32.7984
1427157797.8,-29.370615
1427157797.816,-25.82425
1427157797.831,-22.111073
1427157797.847,-18.427425
1427157797.862,-15.061298
1427157797.878,-12.268368
1427157797.894,-10.052662
1427157797.909,-8.13744
1427157797.925,-6.034252
1427157797.941,-3.2367344
1427157797.956,0.55566406
1427157797.972,5.3747406
1427157797.987,10.97068
1427157798.003,16.922451
1427157798.019,22.854706
1427157798.034,28.485325
1427157798.05,33.788925
1427157798.066,38.886044
1427157798.081,44.027634
1427157798.097,49.522655
1427157798.112,55.7151
1427157798.128,62.8641
1427157798.144,70.97019
1427157798.159,79.54704
1427157798.175,87.46657
1427157798.191,93.095505
1427157798.206,94.746826
1427157798.222,91.27739
1427157798.237,82.60118
1427157798.253,69.78258
1427157798.269,54.66427
1427157798.284,39.195965
1427157798.3,24.793694
1427157798.316,12.072666
1427157798.331,1.0124207
1427157798.347,-8.658272
1427157798.362,-17.050598
1427157798.378,-24.049225
1427157798.394,-29.436104
1427157798.409,-33.167892
1427157798.425,-35.4739
1427157798.441,-36.806244
1427157798.456,-37.65059
1427157798.472,-38.33319
1427157798.487,-38.969543
1427157798.503,-39.490395
1427157798.519,-39.79412
1427157798.534,-39.869583
1427157798.55,-39.79815
1427157798.566,-39.70656
1427157798.581,-39.64866
1427157798.597,-39.514114
1427157798.612,-39.023003
1427157798.628,-37.851784
1427157798.644,-35.7297
1427157798.659,-32.63868
1427157798.675,-28.779015
1427157798.691,-24.54094
1427157798.706,-20.293243
1427157798.722,-16.279846
1427157798.737,-12.48439
1427157798.753,-8.67926
1427157798.769,-4.5641327
1427157798.784,0.07048035
1427157798.8,5.241722
1427157798.816,10.743347
1427157798.831,16.240456
1427157798.847,21.375114
1427157798.862,25.923553
1427157798.878,29.839844
1427157798.894,33.297127
1427157798.909,36.65599
1427157798.925,40.422493
1427157798.941,45.066086
1427157798.956,50.803825
1427157798.972,57.324005
1427157798.987,63.696426
1427157799.003,68.47768
1427157799.019,70.1487
1427157799.034,67.64417
1427157799.05,60.80239
1427157799.066,50.430267
1427157799.081,37.99894
1427157799.097,25.093224
1427157799.112,12.92308
1427157799.128,2.0987854
1427157799.144,-7.250572
1427157799.159,-15.2423935
1427157799.175,-21.915672
1427157799.191,-27.157288
1427157799.206,-30.832466
1427157799.222,-32.87629
1427157799.237,-33.495163
1427157799.253,-33.119965
1427157799.269,-32.298203
1427157799.284,-31.531982
1427157799.3,-31.126923
1427157799.316,-31.151573
1427157799.331,-31.433662
1427157799.347,-31.710861
1427157799.362,-31.71376
1427157799.378,-31.29818
1427157799.394,-30.478363
1427157799.409,-29.37944
1427157799.425,-28.14595
1427157799.441,-26.858559
1427157799.456,-25.491646
1427157799.472,-23.915718
1427157799.487,-21.945747
1427157799.503,-19.377838
1427157799.519,-16.07425
1427157799.534,-12.049324
1427157799.55,-7.4399796
1427157799.566,-2.5454636
1427157799.581,2.3281403
1427157799.597,6.8891296
1427157799.612,11.024582
1427157799.628,14.757324
1427157799.644,18.295525
1427157799.659,21.893745
1427157799.675,25.839325
1427157799.691,30.416939
1427157799.706,35.809998
1427157799.722,41.99711
1427157799.737,48.54431
1427157799.753,54.517563
1427157799.769,58.621155
1427157799.784,59.552994
1427157799.8,56.49244
1427157799.816,49.442963
1427157799.831,39.261078
1427157799.847,27.34134
1427157799.862,15.137474
1427157799.878,3.7028122
1427157799.894,-6.4425964
1427157799.909,-15.236847
1427157799.925,-22.78598
1427157799.941,-29.14244
1427157799.956,-34.222168
1427157799.972,-37.890182
1427157799.988,-40.098648
1427157800.003,-40.94565
1427157800.019,-40.696304
1427157800.034,-39.74141
1427157800.05,-38.46231
1427157800.066,-37.17311
1427157800.081,-36.01767
1427157800.097,-34.99138
1427157800.112,-33.986786
1427157800.128,-32.926483
1427157800.144,-31.833527
1427157800.159,-30.827011
1427157800.175,-30.009705
1427157800.191,-29.38504
1427157800.206,-28.76329
1427157800.222,-27.837112
1427157800.238,-26.312332
1427157800.253,-24.102707
1427157800.269,-21.333511
1427157800.284,-18.294418
1427157800.3,-15.214081
1427157800.316,-12.125732
1427157800.331,-8.812805
1427157800.347,-4.9700623
1427157800.363,-0.36088562
1427157800.378,4.984833
1427157800.394,10.76857
1427157800.409,16.520218
1427157800.425,21.803833
1427157800.441,26.350128
1427157800.456,30.174896
1427157800.472,33.56215
1427157800.488,36.997986
1427157800.503,41.025345
1427157800.519,46.049393
1427157800.534,52.084198
1427157800.55,58.601593
1427157800.566,64.46489
1427157800.581,68.222626
1427157800.597,68.48543
1427157800.613,64.46977
1427157800.628,56.290024
1427157800.644,44.938324
1427157800.659,31.951584
1427157800.675,18.880768
1427157800.691,6.8991394
1427157800.706,-3.4191284
1427157800.722,-12.012756
1427157800.738,-19.041748
1427157800.753,-24.673874
1427157800.769,-28.985245
1427157800.784,-31.969711
1427157800.8,-33.685287
1427157800.816,-34.336243
1427157800.831,-34.19803
1427157800.847,-33.58847
1427157800.863,-32.681107
1427157800.878,-31.536667
1427157800.894,-30.125671
1427157800.909,-28.473206
1427157800.925,-26.71637
1427157800.941,-25.149536
1427157800.956,-24.081833
1427157800.972,-23.71376
1427157800.988,-24.006317
1427157801.003,-24.664291
1427157801.019,-25.217163
1427157801.034,-25.194977
1427157801.05,-24.263077
1427157801.066,-22.368912
1427157801.081,-19.687363
1427157801.097,-16.585861
1427157801.113,-13.399948
1427157801.128,-10.325409
1427157801.144,-7.3125763
1427157801.159,-4.125595
1427157801.175,-0.5048981
1427157801.191,3.6607666
1427157801.206,8.268723
1427157801.222,13.030533
1427157801.238,17.658936
1427157801.253,21.974121
1427157801.269,25.935226
1427157801.284,29.615662
1427157801.3,33.115875
1427157801.316,36.546844
1427157801.331,40.09407
1427157801.347,43.997314
1427157801.363,48.42012
1427157801.378,53.20613
1427157801.394,57.71483
1427157801.409,60.81604
1427157801.425,61.308533
1427157801.441,58.322174
1427157801.456,51.749176
1427157801.472,42.275146
1427157801.488,31.111328
1427157801.503,19.571884
1427157801.519,8.680084
1427157801.534,-0.98812866
1427157801.55,-9.19548
1427157801.566,-15.896027
1427157801.581,-21.04509
1427157801.597,-24.646896
1427157801.613,-26.711609
1427157801.628,-27.421417
1427157801.644,-27.10176
1427157801.659,-26.184204
1427157801.675,-25.079376
1427157801.691,-24.124237
1427157801.706,-23.448776
1427157801.722,-23.014053
1427157801.738,-22.665802
1427157801.753,-22.22844
1427157801.769,-21.62735
1427157801.784,-20.939957
1427157801.8,-20.274963
1427157801.816,-19.7202
1427157801.831,-19.26677
1427157801.847,-18.746567
1427157801.863,-17.896332
1427157801.878,-16.456512
1427157801.894,-14.262039
1427157801.909,-11.314514
1427157801.925,-7.782501
1427157801.941,-3.967865
1427157801.956,-0.17781067
1427157801.972,3.3684692
1427157801.988,6.6361084
1427157802.003,9.736023
1427157802.019,12.905075
1427157802.034,16.393585
1427157802.05,20.447632
1427157802.066,25.208252
1427157802.081,30.748138
1427157802.097,36.928986
1427157802.113,43.2966
1427157802.128,48.975555
1427157802.144,52.796936
1427157802.159,53.555237
1427157802.175,50.50885
1427157802.191,43.66382
1427157802.206,33.881226
1427157802.222,22.575867
1427157802.238,11.2499695
1427157802.253,1.0203857
1427157802.269,-7.5596313
1427157802.284,-14.459564
1427157802.3,-19.908936
1427157802.316,-24.11972
1427157802.331,-27.147614
1427157802.347,-28.967346
1427157802.363,-29.508606
1427157802.378,-28.847198
1427157802.394,-27.19571
1427157802.409,-24.947174
1427157802.425,-22.555695
1427157802.441,-20.464691
1427157802.456,-18.929382
1427157802.472,-18.008911
1427157802.488,-17.555786
1427157802.503,-17.318054
1427157802.519,-17.044128
1427157802.534,-16.61026
1427157802.55,-15.956299
1427157802.566,-15.106628
1427157802.581,-14.067139
1427157802.597,-12.825043
1427157802.613,-11.280243
1427157802.628,-9.358337
1427157802.644,-6.9662476
1427157802.659,-4.0474243
1427157802.675,-0.61694336
1427157802.691,3.2204895
1427157802.706,7.2813416
1427157802.722,11.343414
1427157802.738,15.266602
1427157802.753,18.98944
1427157802.769,22.544342
1427157802.784,26.00943
1427157802.8,29.440674
1427157802.816,32.860382
1427157802.831,36.383057
1427157802.847,40.24112
1427157802.863,44.67737
1427157802.878,49.680634
1427157802.894,54.727203
1427157802.91,58.672577
1427157802.925,60.093994
1427157802.941,57.79544
1427157802.956,51.39386
1427157802.972,41.514526
1427157802.988,29.595703
1427157803.003,17.322083
1427157803.019,6.042145
1427157803.035,-3.553955
1427157803.05,-11.369949
1427157803.066,-17.615402
1427157803.081,-22.48114
1427157803.097,-26.037598
1427157803.113,-28.223358
1427157803.128,-29.103424
1427157803.144,-28.914673
1427157803.16,-28.08371
1427157803.175,-27.050934
1427157803.191,-26.149765
1427157803.206,-25.511795
1427157803.222,-25.091782
1427157803.238,-24.724472
1427157803.253,-24.313965
1427157803.269,-23.839798
1427157803.285,-23.40062
1427157803.3,-23.124374
1427157803.316,-23.105103
1427157803.331,-23.314346
1427157803.347,-23.564896
1427157803.363,-23.554443
1427157803.378,-22.96939
1427157803.394,-21.590439
1427157803.41,-19.4012
1427157803.425,-16.568085
1427157803.441,-13.390305
1427157803.456,-10.172241
1427157803.472,-7.128372
1427157803.488,-4.2582245
1427157803.503,-1.4133759
1427157803.519,1.644989
1427157803.535,5.134674
1427157803.55,9.159119
1427157803.566,13.641678
1427157803.581,18.347488
1427157803.597,22.943176
1427157803.613,27.105484
1427157803.628,30.617538
1427157803.644,33.477493
1427157803.66,35.867462
1427157803.675,38.17836
1427157803.691,40.880875
1427157803.706,44.432465
1427157803.722,49.123123
1427157803.738,54.91078
1427157803.753,61.240143
1427157803.769,67.0733
1427157803.785,71.03351
1427157803.8,71.80542
1427157803.816,68.5674
1427157803.831,61.286255
1427157803.847,50.72963
1427157803.863,38.236053
1427157803.878,25.22255
1427157803.894,12.8276825
1427157803.91,1.7098236
1427157803.925,-7.873886
1427157803.941,-15.878418
1427157803.956,-22.298462
1427157803.972,-27.111664
1427157803.988,-30.328033
1427157804.003,-32.094284
1427157804.019,-32.726746
1427157804.035,-32.67758
1427157804.05,-32.390778
1427157804.066,-32.225723
1427157804.081,-32.347153
1427157804.097,-32.74057
1427157804.113,-33.23523
1427157804.128,-33.65909
1427157804.144,-33.885117
1427157804.16,-33.94075
1427157804.175,-33.911438
1427157804.191,-33.88777
1427157804.206,-33.81604
1427157804.222,-33.499496
1427157804.238,-32.633743
1427157804.253,-30.972183
1427157804.269,-28.449585
1427157804.285,-25.247025
1427157804.3,-21.689362
1427157804.316,-18.097855
1427157804.331,-14.637146
1427157804.347,-11.244507
1427157804.363,-7.707077
1427157804.378,-3.7904663
1427157804.394,0.6336975
1427157804.41,5.4812164
1427157804.425,10.502884
1427157804.441,15.348648
1427157804.456,19.727737
1427157804.472,23.463196
1427157804.488,26.62117
1427157804.503,29.468948
1427157804.519,32.499756
1427157804.535,36.274475
1427157804.55,41.240486
1427157804.566,47.447647
1427157804.581,54.39147
1427157804.597,60.93824
1427157804.613,65.589966
1427157804.628,66.88722
1427157804.644,63.901222
1427157804.66,56.507576
1427157804.675,45.50177
1427157804.691,32.277023
1427157804.706,18.4245
1427157804.722,5.2724915
1427157804.738,-6.3252487
1427157804.753,-16.044334
1427157804.769,-23.861282
1427157804.785,-29.863808
1427157804.8,-34.059326
1427157804.816,-36.428116
1427157804.831,-37.03292
1427157804.847,-36.149376
1427157804.863,-34.341873
1427157804.878,-32.357147
1427157804.894,-30.876152
1427157804.91,-30.323296
1427157804.925,-30.704811
1427157804.941,-31.66047
1427157804.956,-32.629135
1427157804.972,-33.147003
1427157804.988,-32.98365
1427157805.003,-32.25403
1427157805.019,-31.203583
1427157805.035,-30.10942
1427157805.05,-29.051697
1427157805.066,-27.927654
1427157805.081,-26.476955
1427157805.097,-24.42595
1427157805.113,-21.60006
1427157805.128,-17.98066
1427157805.144,-13.68795
1427157805.16,-8.930706
1427157805.175,-3.868328
1427157805.191,1.3580437
1427157805.206,6.6427116
1427157805.222,11.848377
1427157805.238,16.90342
1427157805.253,21.75393
1427157805.269,26.54945
1427157805.285,31.591297
1427157805.3,37.290596
1427157805.316,43.884594
1427157805.331,51.17988
1427157805.347,58.34681
1427157805.363,64.058495
1427157805.378,66.80147
1427157805.394,65.41316
1427157805.41,59.484833
1427157805.425,49.549904
1427157805.441,36.83687
1427157805.456,22.893959
1427157805.472,9.094046
1427157805.488,-3.607408
1427157805.503,-14.747965
1427157805.519,-24.148075
1427157805.535,-31.756062
1427157805.55,-37.506565
1427157805.566,-41.340008
1427157805.582,-43.31174
1427157805.597,-43.720093
1427157805.613,-43.06466
1427157805.628,-41.952114
1427157805.644,-40.884384
1427157805.66,-40.14269
1427157805.675,-39.74398
1427157805.691,-39.554165
1427157805.707,-39.40594
1427157805.722,-39.258713
1427157805.738,-39.128323
1427157805.753,-39.043995
1427157805.769,-38.883743
1427157805.785,-38.380363
1427157805.8,-37.18276
1427157805.816,-35.063866
1427157805.832,-32.006104
1427157805.847,-28.263021
1427157805.863,-24.210953
1427157805.878,-20.14836
1427157805.894,-16.132154
1427157805.91,-11.967735
1427157805.925,-7.2866344
1427157805.941,-1.8465042
1427157805.957,4.3413258
1427157805.972,10.941864
1427157805.988,17.457443
1427157806.003,23.416092
1427157806.019,28.612812
1427157806.035,33.1488
1427157806.05,37.36528
1427157806.066,41.70595
1427157806.082,46.635574
1427157806.097,52.541992
1427157806.113,59.61823
1427157806.128,67.68623
1427157806.144,75.998474
1427157806.16,83.14913
1427157806.175,87.35564
1427157806.191,86.94116
1427157806.207,80.996475
1427157806.222,69.756096
1427157806.238,54.581936
1427157806.253,37.488434
1427157806.269,20.446701
1427157806.285,4.857868
1427157806.3,-8.57991
1427157806.316,-19.75177
1427157806.332,-28.792015
1427157806.347,-35.89116
1427157806.363,-41.158043
1427157806.378,-44.756203
1427157806.394,-46.925354
1427157806.41,-48.028625
1427157806.425,-48.45334
1427157806.441,-48.563293
1427157806.457,-48.604637
1427157806.472,-48.68638
1427157806.488,-48.733414
1427157806.503,-48.648796
1427157806.519,-48.302666
1427157806.535,-47.727768
1427157806.55,-47.03383
1427157806.566,-46.372414
1427157806.582,-45.760277
1427157806.597,-44.98561
1427157806.613,-43.6873
1427157806.628,-41.483627
1427157806.644,-38.211525
1427157806.66,-34.01358
1427157806.675,-29.28263
1427157806.691,-24.496246
1427157806.707,-19.977768
1427157806.722,-15.823395
1427157806.738,-11.845764
1427157806.753,-7.73053
1427157806.769,-3.126587
1427157806.785,2.1897507
1427157806.8,8.218033
1427157806.816,14.681808
1427157806.832,21.121353
1427157806.847,27.026176
1427157806.863,32.118248
1427157806.878,36.44078
1427157806.894,40.40896
1427157806.91,44.672775
1427157806.925,49.874413
1427157806.941,56.427856
1427157806.957,64.28914
1427157806.972,72.814575
1427157806.988,80.800804
1427157807.003,86.63451
1427157807.019,88.68906
1427157807.035,85.76668
1427157807.05,77.56775
1427157807.066,64.78921
1427157807.082,48.98008
1427157807.097,31.996994
1427157807.113,15.555405
1427157807.128,0.7556915
1427157807.144,-11.918716
1427157807.16,-22.442566
1427157807.175,-30.967926
1427157807.191,-37.618423
1427157807.207,-42.44005
1427157807.222,-45.456985
1427157807.238,-46.774124
1427157807.253,-46.684357
1427157807.269,-45.6465
1427157807.285,-44.25772
1427157807.3,-43.046387
1427157807.316,-42.38124
1427157807.332,-42.305267
1427157807.347,-42.60373
1427157807.363,-42.95375
1427157807.378,-43.07863
1427157807.394,-42.867218
1427157807.41,-42.337082
1427157807.425,-41.53148
1427157807.441,-40.397217
1427157807.457,-38.76335
1427157807.472,-36.442215
1427157807.488,-33.27841
1427157807.503,-29.2005
1427157807.519,-24.240433
1427157807.535,-18.51204
1427157807.55,-12.245758
1427157807.566,-5.790329
1427157807.582,0.464859
1427157807.597,6.2052765
1427157807.613,11.38736
1427157807.628,16.251251
1427157807.644,21.25174
1427157807.66,26.828903
1427157807.675,33.254944
1427157807.691,40.597412
1427157807.707,48.705994
1427157807.722,57.243774
1427157807.738,65.59636
1427157807.753,72.74011
1427157807.769,77.29262
1427157807.785,77.801834
1427157807.8,73.255005
1427157807.816,63.509018
1427157807.832,49.50052
1427157807.847,32.952087
1427157807.863,15.844269
1427157807.878,-0.17077637
1427157807.894,-14.130112
1427157807.91,-25.782211
1427157807.925,-35.314804
1427157807.941,-43.016098
1427157807.957,-49.033157
1427157807.972,-53.359756
1427157807.988,-55.93457
1427157808.003,-56.863907
1427157808.019,-56.495636
1427157808.035,-55.3692
1427157808.05,-54.04248
1427157808.066,-52.875336
1427157808.082,-51.92569
1427157808.097,-51.03412
1427157808.113,-49.989487
1427157808.128,-48.721237
1427157808.144,-47.2957
1427157808.16,-45.84604
1427157808.175,-44.387604
1427157808.191,-42.732727
1427157808.207,-40.54561
1427157808.222,-37.54123
1427157808.238,-33.651703
1427157808.254,-29.04103
1427157808.269,-24.038437
1427157808.285,-18.948608
1427157808.3,-13.905243
1427157808.316,-8.865692
1427157808.332,-3.6303406
1427157808.347,2.0123901
1427157808.363,8.177643
1427157808.379,14.770233
1427157808.394,21.517227
1427157808.41,28.00299
1427157808.425,33.905228
1427157808.441,39.084564
1427157808.457,43.74254
1427157808.472,48.383896
1427157808.488,53.687836
1427157808.504,60.261536
1427157808.519,68.35739
1427157808.535,77.61127
1427157808.55,86.96353
1427157808.566,94.71945
1427157808.582,98.98233
1427157808.597,98.18509
1427157808.613,91.61104
1427157808.629,79.66882
1427157808.644,63.78334
1427157808.66,45.897903
1427157808.675,27.862885
1427157808.691,10.962189
1427157808.707,-4.212555
1427157808.722,-17.55539
1427157808.738,-29.114487
1427157808.754,-38.874878
1427157808.769,-46.68126
1427157808.785,-52.433792
1427157808.8,-56.19612
1427157808.816,-58.31346
1427157808.832,-59.28235
1427157808.847,-59.663483
1427157808.863,-59.89525
1427157808.879,-60.22055
1427157808.894,-60.686188
1427157808.91,-61.180847
1427157808.925,-61.498077
1427157808.941,-61.44847
1427157808.957,-60.911865
1427157808.972,-59.884613
1427157808.988,-58.45793
1427157809.004,-56.734177
1427157809.019,-54.739594
1427157809.035,-52.39795
1427157809.05,-49.524918
1427157809.066,-45.922348
1427157809.082,-41.47
1427157809.097,-36.214386
1427157809.113,-30.41423
1427157809.129,-24.441788
1427157809.144,-18.693893
1427157809.16,-13.443436
1427157809.175,-8.699371
1427157809.191,-4.200775
1427157809.207,0.46343994
1427157809.222,5.663971
1427157809.238,11.553741
1427157809.254,17.940887
1427157809.269,24.390732
1427157809.285,30.420181
1427157809.3,35.756866
1427157809.316,40.397324
1427157809.332,44.64781
1427157809.347,48.90155
1427157809.363,53.542984
1427157809.379,58.881027
1427157809.394,65.153015
1427157809.41,72.48007
1427157809.425,80.69466
1427157809.441,89.120316
1427157809.457,96.46274
1427157809.472,100.99216
1427157809.488,101.01999
1427157809.504,95.51004
1427157809.519,84.5146
1427157809.535,69.17505
1427157809.55,51.369843
1427157809.566,33.069305
1427157809.582,15.831711
1427157809.597,0.5383301
1427157809.613,-12.544189
1427157809.629,-23.503235
1427157809.644,-32.504364
1427157809.66,-39.654266
1427157809.675,-44.958054
1427157809.691,-48.455917
1427157809.707,-50.309647
1427157809.722,-50.871796
1427157809.738,-50.651382
1427157809.754,-50.172302
1427157809.769,-49.819107
1427157809.785,-49.72632
1427157809.8,-49.756363
1427157809.816,-49.681107
1427157809.832,-49.315033
1427157809.847,-48.69217
1427157809.863,-47.98825
1427157809.879,-47.41255
1427157809.894,-46.96631
1427157809.91,-46.35623
1427157809.925,-45.09854
1427157809.941,-42.709396
1427157809.957,-38.983643
1427157809.972,-34.13031
1427157809.988,-28.692383
1427157810.004,-23.322052
1427157810.019,-18.475525
1427157810.035,-14.234863
1427157810.05,-10.27182
1427157810.066,-6.061096
1427157810.082,-1.1738892
1427157810.097,4.467575
1427157810.113,10.586502
1427157810.129,16.636429
1427157810.144,22.105545
1427157810.16,26.700485
1427157810.175,30.467545
1427157810.191,33.733795
1427157810.207,36.972443
1427157810.222,40.737595
1427157810.238,45.508743
1427157810.254,51.58252
1427157810.269,58.879868
1427157810.285,66.71715
1427157810.3,73.76631
1427157810.316,78.275894
1427157810.332,78.57077
1427157810.347,73.63376
1427157810.363,63.583755
1427157810.379,49.602005
1427157810.394,33.57071
1427157810.41,17.361221
1427157810.425,2.3295135
1427157810.441,-10.8849945
1427157810.457,-22.185226
1427157810.472,-31.65599
1427157810.488,-39.28813
1427157810.504,-44.922333
1427157810.519,-48.421066
1427157810.535,-49.869553
1427157810.55,-49.703278
1427157810.566,-48.622482
1427157810.582,-47.355927
1427157810.597,-46.4606
1427157810.613,-46.08812
1427157810.629,-46.101654
1427157810.644,-46.145996
1427157810.66,-45.93457
1427157810.675,-45.37567
1427157810.691,-44.584076
1427157810.707,-43.768875
1427157810.722,-43.042572
1427157810.738,-42.295807
1427157810.754,-41.198456
1427157810.769,-39.333344
1427157810.785,-36.392975
1427157810.8,-32.336075
1427157810.816,-27.39888
1427157810.832,-22.04602
1427157810.847,-16.808426
1427157810.863,-12.07103
1427157810.879,-7.9424133
1427157810.894,-4.206932
1427157810.91,-0.37892914
1427157810.926,4.081215
1427157810.941,9.509872
1427157810.957,15.844635
1427157810.972,22.60524
1427157810.988,29.083458
1427157811.004,34.62896
1427157811.019,38.93943
1427157811.035,42.20292
1427157811.05,45.002533
1427157811.066,48.108673
1427157811.082,52.240364
1427157811.097,57.8776
1427157811.113,65.09288
1427157811.129,73.36791
1427157811.144,81.56924
1427157811.16,88.00809
1427157811.176,90.87287
1427157811.191,88.75007
1427157811.207,81.17796
1427157811.222,68.8578
1427157811.238,53.4386
1427157811.254,36.93438
1427157811.269,21.103798
1427157811.285,7.00206
1427157811.301,-5.0857925
1427157811.316,-15.356194
1427157811.332,-24.141693
1427157811.347,-31.633774
1427157811.363,-37.831917
1427157811.379,-42.637337
1427157811.394,-46.024544
1427157811.41,-48.13784
1427157811.426,-49.32151
1427157811.441,-49.980576
1427157811.457,-50.471046
1427157811.472,-50.99852
1427157811.488,-51.55789
1427157811.504,-51.987534
1427157811.519,-52.077583
1427157811.535,-51.68789
1427157811.551,-50.800636
1427157811.566,-49.49906
1427157811.582,-47.900047
1427157811.597,-46.07518
1427157811.613,-43.971542
1427157811.629,-41.477676
1427157811.644,-38.45462
1427157811.66,-34.847824
1427157811.676,-30.664764
1427157811.691,-26.003723
1427157811.707,-20.995003
1427157811.722,-15.762558
1427157811.738,-10.404076
1427157811.754,-5.0517654
1427157811.769,0.14848328
1427157811.785,5.026657
1427157811.801,9.467621
1427157811.816,13.4335785
1427157811.832,17.004662
1427157811.847,20.324345
1427157811.863,23.537811
1427157811.879,26.66473
1427157811.894,29.639324
1427157811.91,32.325058
1427157811.926,34.642784
1427157811.941,36.634117
1427157811.957,38.5006
1427157811.972,40.57573
1427157811.988,43.25886
1427157812.004,46.96734
1427157812.019,52.03097
1427157812.035,58.55826
1427157812.051,66.211136
1427157812.066,74.06626
1427157812.082,80.65427
1427157812.097,84.2008
1427157812.113,83.19066
1427157812.129,76.89296
1427157812.144,65.65782
1427157812.16,50.83417
1427157812.176,34.323162
1427157812.191,17.958797
1427157812.207,3.061718
1427157812.222,-9.741436
1427157812.238,-20.3667
1427157812.254,-28.961937
1427157812.269,-35.701405
1427157812.285,-40.643887
1427157812.301,-43.83761
1427157812.316,-45.420624
1427157812.332,-45.718697
1427157812.347,-45.219162
1427157812.363,-44.414803
1427157812.379,-43.707
1427157812.394,-43.26626
1427157812.41,-43.058273
1427157812.426,-42.92475
1427157812.441,-42.72981
1427157812.457,-42.50608
1427157812.472,-42.45395
1427157812.488,-42.831196
1427157812.504,-43.748196
1427157812.519,-45.04213
1427157812.535,-46.250694
1427157812.551,-46.740715
1427157812.566,-45.95865
1427157812.582,-43.618828
1427157812.597,-39.84884
1427157812.613,-35.10399
1427157812.629,-30.053768
1427157812.644,-25.27548
1427157812.66,-21.116777
1427157812.676,-17.505713
1427157812.691,-14.049959
1427157812.707,-10.182703
1427157812.722,-5.425645
1427157812.738,0.400671
1427157812.754,7.1200895
1427157812.769,14.253207
1427157812.785,21.216614
1427157812.801,27.512169
1427157812.816,32.947495
1427157812.832,37.625168
1427157812.847,41.905777
1427157812.863,46.339775
1427157812.879,51.47068
1427157812.894,57.72032
1427157812.91,65.192085
1427157812.926,73.47042
1427157812.941,81.530815
1427157812.957,87.89418
1427157812.972,90.9293
1427157812.988,89.37744
1427157813.004,82.78647
1427157813.019,71.72492
1427157813.035,57.582287
1427157813.051,42.14814
1427157813.066,27.066284
1427157813.082,13.437329
1427157813.097,1.7312422
1427157813.113,-8.040538
1427157813.129,-16.046425
1427157813.144,-22.405468
1427157813.16,-27.123379
1427157813.176,-30.200994
1427157813.191,-31.772045
1427157813.207,-32.18311
1427157813.222,-31.969612
1427157813.238,-31.699715
1427157813.254,-31.821064
1427157813.269,-32.499435
1427157813.285,-33.594555
1427157813.301,-34.725723
1427157813.316,-35.48052
1427157813.332,-35.58488
1427157813.347,-35.0307
1427157813.363,-34.021263
1427157813.379,-32.815918
1427157813.394,-31.545055
1427157813.41,-30.107231
1427157813.426,-28.19309
1427157813.441,-25.432308
1427157813.457,-21.537495
1427157813.472,-16.491898
1427157813.488,-10.553119
1427157813.504,-4.229369
1427157813.519,1.9306087
1427157813.535,7.4884996
1427157813.551,12.3168545
1427157813.566,16.605942
1427157813.582,20.799511
1427157813.597,25.362911
1427157813.613,30.691738
1427157813.629,36.928764
1427157813.644,43.97432
1427157813.66,51.428444
1427157813.676,58.58822
1427157813.691,64.432144
1427157813.707,67.75325
1427157813.722,67.427666
1427157813.738,62.80464
1427157813.754,54.02092
1427157813.769,42.07392
1427157813.785,28.507778
1427157813.801,14.944003
1427157813.816,2.5586452
1427157813.832,-8.119167
1427157813.848,-17.105175
1427157813.863,-24.638206
1427157813.879,-30.890505
1427157813.894,-35.843754
1427157813.91,-39.381298
1427157813.926,-41.465427
1427157813.941,-42.260902
1427157813.957,-42.08653
1427157813.973,-41.321697
1427157813.988,-40.27262
1427157814.004,-39.1532
1427157814.019,-38.083183
1427157814.035,-37.141735
1427157814.051,-36.346416
1427157814.066,-35.652397
1427157814.082,-34.901733
1427157814.098,-33.90863
1427157814.113,-32.50041
1427157814.129,-30.617111
1427157814.144,-28.28709
1427157814.16,-25.613916
1427157814.176,-22.677181
1427157814.191,-19.46251
1427157814.207,-15.866846
1427157814.223,-11.778719
1427157814.238,-7.1253796
1427157814.254,-1.9827862
1427157814.269,3.5029373
1427157814.285,9.116724
1427157814.301,14.691246
1427157814.316,20.092638
1427157814.332,25.281664
1427157814.348,30.243427
1427157814.363,35.044952
1427157814.379,39.86059
1427157814.394,45.008347
1427157814.41,50.869766
1427157814.426,57.709908
1427157814.441,65.34041
1427157814.457,72.94004
1427157814.473,79.029396
1427157814.488,81.889885
1427157814.504,80.11034
1427157814.519,73.2022
1427157814.535,61.80915
1427157814.551,47.493107
1427157814.566,32.14476
1427157814.582,17.383087
1427157814.598,4.16243
1427157814.613,-7.271755
1427157814.629,-17.05983
1427157814.644,-25.428627
1427157814.66,-32.470123
1427157814.676,-38.126015
1427157814.691,-42.34683
1427157814.707,-45.22206
1427157814.723,-47.025436
1427157814.738,-48.083775
1427157814.754,-48.732307
1427157814.769,-49.187637
1427157814.785,-49.545227
1427157814.801,-49.799644
1427157814.816,-49.876286
1427157814.832,-49.6794
1427157814.848,-49.155346
1427157814.863,-48.31431
1427157814.879,-47.243294
1427157814.894,-46.066154
1427157814.91,-44.84354
1427157814.926,-43.522392
1427157814.941,-41.900993
1427157814.957,-39.71356
1427157814.973,-36.741386
1427157814.988,-32.914864
1427157815.004,-28.365503
1427157815.019,-23.378149
1427157815.035,-18.290203
1427157815.051,-13.361118
1427157815.066,-8.738852
1427157815.082,-4.3997555
1427157815.098,-0.23024178
1427157815.113,3.954464
1427157815.129,8.3505745
1427157815.144,13.102539
1427157815.16,18.242603
1427157815.176,23.627491
1427157815.191,28.99228
1427157815.207,34.02038
1427157815.223,38.486393
1427157815.238,42.352985
1427157815.254,45.814625
1427157815.269,49.26927
1427157815.285,53.22039
1427157815.301,58.203342
1427157815.316,64.58975
1427157815.332,72.363655
1427157815.348,80.91391
1427157815.363,88.92763
1427157815.379,94.63105
1427157815.394,96.258064
1427157815.41,92.66793
1427157815.426,83.78082
1427157815.441,70.64456
1427157815.457,55.019684
1427157815.473,38.75797
1427157815.488,23.265362
1427157815.504,9.251507
1427157815.519,-3.1014633
1427157815.535,-13.867184
1427157815.551,-23.098408
1427157815.566,-30.758331
1427157815.582,-36.779137
1427157815.598,-41.19505
1427157815.613,-44.19847
1427157815.629,-46.118965
1427157815.644,-47.33535
1427157815.66,-48.18555
1427157815.676,-48.897408
1427157815.691,-49.55293
1427157815.707,-50.09458
1427157815.723,-50.378544
1427157815.738,-50.2778
1427157815.754,-49.774105
1427157815.769,-48.965492
1427157815.785,-48.034203
1427157815.801,-47.08519
1427157815.816,-46.041637
1427157815.832,-44.644737
1427157815.848,-42.554504
1427157815.863,-39.51889
1427157815.879,-35.522575
1427157815.894,-30.807854
1427157815.91,-25.784592
1427157815.926,-20.869204
1427157815.941,-16.336851
1427157815.957,-12.233988
1427157815.973,-8.40764
1427157815.988,-4.5513954
1427157816.004,-0.34954453
1427157816.019,4.43194
1427157816.035,9.819288
1427157816.051,15.614561
1427157816.066,21.402609
1427157816.082,26.747972
1427157816.098,31.294466
1427157816.113,34.98832
1427157816.129,38.100998
1427157816.144,41.162163
1427157816.16,44.775696
1427157816.176,49.47351
1427157816.191,55.516644
1427157816.207,62.784508
1427157816.223,70.64528
1427157816.238,77.93946
1427157816.254,83.09179
1427157816.269,84.52028
1427157816.285,81.06242
1427157816.301,72.472015
1427157816.316,59.543663
1427157816.332,43.92128
1427157816.348,27.530975
1427157816.363,12.037979
1427157816.379,-1.5808582
1427157816.394,-13.029724
1427157816.41,-22.483175
1427157816.426,-30.206015
1427157816.441,-36.387844
1427157816.457,-41.04657
1427157816.473,-44.18578
1427157816.488,-45.912357
1427157816.504,-46.50817
1427157816.52,-46.37353
1427157816.535,-45.920204
1427157816.551,-45.434013
1427157816.566,-45.047676
1427157816.582,-44.72706
1427157816.598,-44.389175
1427157816.613,-43.99673
1427157816.629,-43.61671
1427157816.645,-43.337708
1427157816.66,-43.172966
1427157816.676,-42.88819
1427157816.691,-42.037735
1427157816.707,-40.10714
1427157816.723,-36.7922
1427157816.738,-32.198006
1427157816.754,-26.877481
1427157816.77,-21.57913
1427157816.785,-16.947071
1427157816.801,-13.154045
1427157816.816,-9.890848
1427157816.832,-6.493354
1427157816.848,-2.2889872
1427157816.863,3.0876608
1427157816.879,9.562326
1427157816.895,16.665495
1427157816.91,23.745312
1427157816.926,30.21629
1427157816.941,35.77566
1427157816.957,40.45314
1427157816.973,44.630722
1427157816.988,48.926308
1427157817.004,54.005077
1427157817.02,60.379967
1427157817.035,68.072205
1427157817.051,76.418076
1427157817.066,84.01101
1427157817.082,89.01381
1427157817.098,89.698586
1427157817.113,85.051025
1427157817.129,75.182724
1427157817.145,61.33081
1427157817.16,45.38959
1427157817.176,29.298302
1427157817.191,14.462568
1427157817.207,1.5184793
1427157817.223,-9.528795
1427157817.238,-18.950996
1427157817.254,-26.959799
1427157817.27,-33.553547
1427157817.285,-38.627815
1427157817.301,-42.122353
1427157817.316,-44.203724
1427157817.332,-45.24855
1427157817.348,-45.766247
1427157817.363,-46.201607
1427157817.379,-46.82985
1427157817.395,-47.645905
1427157817.41,-48.464973
1427157817.426,-49.00588
1427157817.441,-49.049408
1427157817.457,-48.561028
1427157817.473,-47.669388
1427157817.488,-46.58687
1427157817.504,-45.482094
1427157817.52,-44.360146
1427157817.535,-43.058147
1427157817.551,-41.276386
1427157817.566,-38.75023
1427157817.582,-35.34406
1427157817.598,-31.14249
1427157817.613,-26.401163
1427157817.629,-21.483366
1427157817.645,-16.670385
1427157817.66,-12.107622
1427157817.676,-7.736229
1427157817.691,-3.343666
1427157817.707,1.3267612
1427157817.723,6.442713
1427157817.738,12.006424
1427157817.754,17.803286
1427157817.77,23.492853
1427157817.785,28.730915
1427157817.801,33.283028
1427157817.816,37.15727
1427157817.832,40.6168
1427157817.848,44.11606
1427157817.863,48.24169
1427157817.879,53.537476
1427157817.895,60.348263
1427157817.91,68.587326
1427157817.926,77.564095
1427157817.941,85.93013
1427157817.957,91.882614
1427157817.973,93.65113
1427157817.988,90.0602
1427157818.004,80.94103
1427157818.02,67.27452
1427157818.035,50.78631
1427157818.051,33.439896
1427157818.066,16.816813
1427157818.082,1.8545456
1427157818.098,-11.144501
1427157818.113,-22.225489
1427157818.129,-31.504915
1427157818.145,-38.995235
1427157818.16,-44.648735
1427157818.176,-48.497417
1427157818.191,-50.745525
1427157818.207,-51.754745
1427157818.223,-52.008846
1427157818.238,-51.96277
1427157818.254,-51.945538
1427157818.27,-52.091496
1427157818.285,-52.340252
1427157818.301,-52.496853
1427157818.316,-52.340176
1427157818.332,-51.70567
1427157818.348,-50.60064
1427157818.363,-49.14107
1427157818.379,-47.52108
1427157818.395,-45.84225
1427157818.41,-44.062073
1427157818.426,-42.007233
1427157818.441,-39.415768
1427157818.457,-36.131306
1427157818.473,-32.154663
1427157818.488,-27.682228
1427157818.504,-23.066803
1427157818.52,-18.61375
1427157818.535,-14.5331
1427157818.551,-10.817497
1427157818.566,-7.298439
1427157818.582,-3.6724548
1427157818.598,0.34116745
1427157818.613,4.899605
1427157818.629,9.962654
1427157818.645,15.292675
1427157818.66,20.517654
1427157818.676,25.281944
1427157818.691,29.351543
1427157818.707,32.72922
1427157818.723,35.645584
1427157818.738,38.519405
1427157818.754,41.87671
1427157818.77,46.278484
1427157818.785,52.141
1427157818.801,59.578667
1427157818.816,68.08336
1427157818.832,76.471886
1427157818.848,82.96188
1427157818.863,85.64474
1427157818.879,83.05658
1427157818.895,74.76207
1427157818.91,61.523453
1427157818.926,45.07637
1427157818.941,27.577057
1427157818.957,10.979168
1427157818.973,-3.4577713
1427157818.988,-15.238007
1427157819.004,-24.506432
1427157819.02,-31.690895
1427157819.035,-37.21899
1427157819.051,-41.334885
1427157819.066,-44.117897
1427157819.082,-45.58169
1427157819.098,-45.829678
1427157819.113,-45.138893
1427157819.129,-43.952793
1427157819.145,-42.781822
1427157819.16,-42.02992
1427157819.176,-41.85085
1427157819.192,-42.168167
1427157819.207,-42.687695
1427157819.223,-43.08163
1427157819.238,-43.077232
1427157819.254,-42.53867
1427157819.27,-41.41104
1427157819.285,-39.716625
1427157819.301,-37.45439
1427157819.317,-34.63213
1427157819.332,-31.246605
1427157819.348,-27.303715
1427157819.363,-22.862228
1427157819.379,-17.963913
1427157819.395,-12.672749
1427157819.41,-7.081234
1427157819.426,-1.313694
1427157819.442,4.4704704
1427157819.457,10.075043
1427157819.473,15.318039
1427157819.488,20.113926
1427157819.504,24.526848
1427157819.52,28.792698
1427157819.535,33.30799
1427157819.551,38.52003
1427157819.567,44.736305
1427157819.582,51.928646
1427157819.598,59.498447
1427157819.613,66.291306
1427157819.629,70.770874
1427157819.645,71.46088
1427157819.66,67.457924
1427157819.676,58.79643
1427157819.692,46.47641
1427157819.707,32.142536
1427157819.723,17.532059
1427157819.738,4.0049286
1427157819.754,-7.736477
1427157819.77,-17.560642
1427157819.785,-25.631596
1427157819.801,-32.120052
1427157819.817,-37.071285
1427157819.832,-40.479576
1427157819.848,-42.40441
1427157819.863,-43.099453
1427157819.879,-43.002953
1427157819.895,-42.593937
1427157819.91,-42.22912
1427157819.926,-42.06405
1427157819.942,-42.035378
1427157819.957,-41.997128
1427157819.973,-41.85922
1427157819.988,-41.62515
1427157820.004,-41.37628
1427157820.02,-41.161484
1427157820.035,-40.861156
1427157820.051,-40.208073
1427157820.067,-38.85623
1427157820.082,-36.53799
1427157820.098,-33.213436
1427157820.113,-29.076603
1427157820.129,-24.493908
1427157820.145,-19.824585
1427157820.16,-15.283119
1427157820.176,-10.844364
1427157820.192,-6.283642
1427157820.207,-1.3031807
1427157820.223,4.290676
1427157820.238,10.480827
1427157820.254,16.996449
1427157820.27,23.425484
1427157820.285,29.351925
1427157820.301,34.532555
1427157820.317,39.01071
1427157820.332,43.12543
1427157820.348,47.44027
1427157820.363,52.571564
1427157820.379,58.898056
1427157820.395,66.27499
1427157820.41,73.87605
1427157820.426,80.24436
1427157820.442,83.64166
1427157820.457,82.64781
1427157820.473,76.662544
1427157820.488,66.195
1427157820.504,52.66388
1427157820.52,37.91506
1427157820.535,23.58607
1427157820.551,10.702415
1427157820.567,-0.44179153
1427157820.582,-10.008236
1427157820.598,-18.306694
1427157820.613,-25.480955
1427157820.629,-31.475063
1427157820.645,-36.187622
1427157820.66,-39.597702
1427157820.676,-41.90091
1427157820.692,-43.45005
1427157820.707,-44.64834
1427157820.723,-45.766724
1427157820.738,-46.88141
1427157820.754,-47.88564
1427157820.77,-48.595783
1427157820.785,-48.859608
1427157820.801,-48.644806
1427157820.817,-48.00135
1427157820.832,-47.042446
1427157820.848,-45.875305
1427157820.863,-44.547146
1427157820.879,-43.040985
1427157820.895,-41.25552
1427157820.91,-39.040253
1427157820.926,-36.218754
1427157820.942,-32.70034
1427157820.957,-28.544462
1427157820.973,-23.974466
1427157820.988,-19.307793
1427157821.004,-14.817557
1427157821.02,-10.583084
1427157821.035,-6.4803023
1427157821.051,-2.2155783
1427157821.067,2.4686213
1427157821.082,7.6509094
1427157821.098,13.175413
1427157821.113,18.726025
1427157821.129,23.926447
1427157821.145,28.51725
1427157821.16,32.443348
1427157821.176,35.84353
1427157821.192,39.04209
1427157821.207,42.44223
1427157821.223,46.488888
1427157821.238,51.596333
1427157821.254,58.068115
1427157821.27,65.88049
1427157821.285,74.47142
1427157821.301,82.66075
1427157821.317,88.72937
1427157821.332,90.892235
1427157821.348,87.87851
1427157821.363,79.46159
1427157821.379,66.59066
1427157821.395,51.115288
1427157821.41,35.09067
1427157821.426,20.145267
1427157821.442,7.0811043
1427157821.457,-4.046667
1427157821.473,-13.5889435
1427157821.488,-21.844374
1427157821.504,-28.882692
1427157821.52,-34.519176
1427157821.535,-38.601395
1427157821.551,-41.145996
1427157821.567,-42.4434
1427157821.582,-42.934402
1427157821.598,-43.095463
1427157821.613,-43.256714
1427157821.629,-43.57139
1427157821.645,-43.99372
1427157821.66,-44.377163
1427157821.676,-44.55171
1427157821.692,-44.42063
1427157821.707,-44.008068
1427157821.723,-43.424183
1427157821.738,-42.786613
1427157821.754,-42.11038
1427157821.77,-41.245415
1427157821.785,-39.94056
1427157821.801,-37.88003
1427157821.817,-34.89428
1427157821.832,-31.005404
1427157821.848,-26.517612
1427157821.864,-21.858234
1427157821.879,-17.479704
1427157821.895,-13.625349
1427157821.91,-10.261522
1427157821.926,-7.0786934
1427157821.942,-3.624401
1427157821.957,0.48701477
1427157821.973,5.388302
1427157821.988,10.899067
1427157822.004,16.592564
1427157822.02,21.960629
1427157822.035,26.642601
1427157822.051,30.556343
1427157822.067,33.89287
1427157822.082,37.060295
1427157822.098,40.549835
1427157822.114,44.847248
1427157822.129,50.31791
1427157822.145,57.113182
1427157822.16,64.94828
1427157822.176,72.9636
1427157822.192,79.74317
1427157822.207,83.59935
1427157822.223,83.07709
1427157822.239,77.49925
1427157822.254,67.23576
1427157822.27,53.644306
1427157822.285,38.576756
1427157822.301,23.751678
1427157822.317,10.314014
1427157822.332,-1.291481
1427157822.348,-11.130737
1427157822.364,-19.396606
1427157822.379,-26.144703
1427157822.395,-31.235382
1427157822.41,-34.522095
1427157822.426,-36.038155
1427157822.442,-36.12243
1427157822.457,-35.36773
1427157822.473,-34.439743
1427157822.489,-33.856617
1427157822.504,-33.842888
1427157822.52,-34.284996
1427157822.535,-34.86608
1427157822.551,-35.233215
1427157822.567,-35.146732
1427157822.582,-34.547585
1427157822.598,-33.547092
1427157822.614,-32.31021
1427157822.629,-30.981567
1427157822.645,-29.595634
1427157822.66,-28.034962
1427157822.676,-26.06234
1427157822.692,-23.421913
1427157822.707,-19.89204
1427157822.723,-15.441757
1427157822.739,-10.251305
1427157822.754,-4.683319
1427157822.77,0.85097885
1427157822.785,6.041195
1427157822.801,10.798611
1427157822.817,15.273052
1427157822.832,19.80349
1427157822.848,24.751915
1427157822.864,30.42089
1427157822.879,36.937164
1427157822.895,44.211582
1427157822.91,51.826004
1427157822.926,58.985645
1427157822.942,64.552704
1427157822.957,67.25734
1427157822.973,66.06038
1427157822.989,60.570255
1427157823.004,51.23552
1427157823.02,39.28547
1427157823.035,26.356852
1427157823.051,13.966135
1427157823.067,3.0905685
1427157823.082,-5.935919
1427157823.098,-13.298813
1427157823.114,-19.356384
1427157823.129,-24.335749
1427157823.145,-28.214935
1427157823.16,-30.806957
1427157823.176,-31.979736
1427157823.192,-31.86505
1427157823.207,-30.86623
1427157823.223,-29.583612
1427157823.239,-28.561466
1427157823.254,-28.07692
1427157823.27,-28.03965
1427157823.285,-28.088245
1427157823.301,-27.783422
1427157823.317,-26.85899
1427157823.332,-25.352512
1427157823.348,-23.572918
1427157823.364,-21.921068
1427157823.379,-20.650152
1427157823.395,-19.679028
1427157823.41,-18.677868
1427157823.426,-17.13822
1427157823.442,-14.643713
1427157823.457,-11.0356045
1427157823.473,-6.5151443
1427157823.489,-1.5310764
1427157823.504,3.3981113
1427157823.52,7.8909187
1427157823.535,11.881711
1427157823.551,15.6243925
1427157823.567,19.557072
1427157823.582,24.176134
1427157823.598,29.898386
1427157823.614,36.97975
1427157823.629,45.463333
1427157823.645,55.032486
1427157823.66,64.85906
1427157823.676,73.5854
1427157823.692,79.46302
1427157823.707,80.87643
1427157823.723,76.899445
1427157823.739,67.72239
1427157823.754,54.642895
1427157823.77,39.654404
1427157823.785,24.679811
1427157823.801,11.015991
1427157823.817,-0.89837503
1427157823.832,-11.255086
1427157823.848,-20.454983
1427157823.864,-28.667643
1427157823.879,-35.74549
1427157823.895,-41.324593
1427157823.91,-45.154057
1427157823.926,-47.28343
1427157823.942,-48.11257
1427157823.957,-48.252316
1427157823.973,-48.251427
1427157823.989,-48.38591
1427157824.004,-48.599865
1427157824.02,-48.553654
1427157824.035,-47.879288
1427157824.051,-46.3377
1427157824.067,-44.00081
1427157824.082,-41.154068
1427157824.098,-38.19739
1427157824.114,-35.385277
1427157824.129,-32.728622
1427157824.145,-29.938848
1427157824.16,-26.617144
1427157824.176,-22.374828
1427157824.192,-17.046371
1427157824.207,-10.745066
1427157824.223,-3.8474464
1427157824.239,3.126814
1427157824.254,9.687838
1427157824.27,15.53924
1427157824.285,20.66361
1427157824.301,25.313902
1427157824.317,29.875053
1427157824.332,34.778484
1427157824.348,40.393036
1427157824.364,46.989376
1427157824.379,54.63254
1427157824.395,63.049343
1427157824.41,71.41675
1427157824.426,78.40329
1427157824.442,82.35959
1427157824.457,81.83267
1427157824.473,76.12369
1427157824.489,65.62608
1427157824.504,51.715874
1427157824.52,36.27915
1427157824.536,21.062027
1427157824.551,7.181099
1427157824.567,-4.9974823
1427157824.582,-15.61404
1427157824.598,-24.94867
1427157824.614,-33.086903
1427157824.629,-39.904728
1427157824.645,-45.155727
1427157824.66,-48.742065
1427157824.676,-50.79374
1427157824.692,-51.680695
1427157824.707,-51.873867
1427157824.723,-51.80396
1427157824.739,-51.72376
1427157824.754,-51.681976
1427157824.77,-51.575985
1427157824.786,-51.22766
1427157824.801,-50.467857
1427157824.817,-49.200726
1427157824.832,-47.39696
1427157824.848,-45.08968
1427157824.864,-42.292015
1427157824.879,-39.01525
1427157824.895,-35.243015
1427157824.911,-30.967472
1427157824.926,-26.215351
1427157824.942,-21.014072
1427157824.957,-15.412605
1427157824.973,-9.470249
1427157824.989,-3.2747154
1427157825.004,3.0432892
1427157825.02,9.308262
1427157825.036,15.302521
1427157825.051,20.908989
1427157825.067,26.059223
1427157825.082,30.86187
1427157825.098,35.539673
1427157825.114,40.444733
1427157825.129,45.992725
1427157825.145,52.54156
1427157825.161,60.19259
1427157825.176,68.559525
1427157825.192,76.60603
1427157825.207,82.75453
1427157825.223,85.26172
1427157825.239,82.8116
1427157825.254,75.03906
1427157825.27,62.701786
1427157825.286,47.464912
1427157825.301,31.306313
1427157825.317,15.902138
1427157825.332,2.2252655
1427157825.348,-9.519905
1427157825.364,-19.550484
1427157825.379,-28.186554
1427157825.395,-35.504654
1427157825.411,-41.339966
1427157825.426,-45.41973
1427157825.442,-47.665337
1427157825.457,-48.300415
1427157825.473,-47.914886
1427157825.489,-47.220177
1427157825.504,-46.815643
1427157825.52,-46.95247
1427157825.536,-47.446564
1427157825.551,-47.823135
1427157825.567,-47.60267
1427157825.582,-46.518044
1427157825.598,-44.624825
1427157825.614,-42.224525
1427157825.629,-39.657173
1427157825.645,-37.11194
1427157825.661,-34.585724
1427157825.676,-31.869553
1427157825.692,-28.690521
1427157825.707,-24.787102
1427157825.723,-20.04441
1427157825.739,-14.491386
1427157825.754,-8.336456
1427157825.77,-1.9203949
1427157825.786,4.380005
1427157825.801,10.288803
1427157825.817,15.686073
1427157825.832,20.684738
1427157825.848,25.540787
1427157825.864,30.572456
1427157825.879,36.097298
1427157825.895,42.38993
1427157825.911,49.625893
1427157825.926,57.7502
1427157825.942,66.23226
1427157825.957,73.97097
1427157825.973,79.37298
1427157825.989,80.81142
1427157826.004,77.16602
1427157826.02,68.32825
1427157826.036,55.314613
1427157826.051,39.91365
1427157826.067,24.065979
1427157826.082,9.234703
1427157826.098,-3.9104233
1427157826.114,-15.357727
1427157826.129,-25.399544
1427157826.145,-34.23861
1427157826.161,-41.8061
1427157826.176,-47.829926
1427157826.192,-52.11084
1427157826.207,-54.665627
1427157826.223,-55.832954
1427157826.239,-56.143967
1427157826.254,-56.11815
1427157826.27,-56.051155
1427157826.286,-56.003464
1427157826.301,-55.80443
1427157826.317,-55.261322
1427157826.332,-54.301003
1427157826.348,-53.020515
1427157826.364,-51.62858
1427157826.379,-50.299698
1427157826.395,-49.052597
1427157826.411,-47.69673
1427157826.426,-45.889915
1427157826.442,-43.297913
1427157826.457,-39.69519
1427157826.473,-35.118362
1427157826.489,-29.795975
1427157826.504,-24.12851
1427157826.52,-18.519306
1427157826.536,-13.276714
1427157826.551,-8.478931
1427157826.567,-4.000355
1427157826.582,0.47968292
1427157826.598,5.306694
1427157826.614,10.702469
1427157826.629,16.650402
1427157826.645,22.86261
1427157826.661,28.90152
1427157826.676,34.395794
1427157826.692,39.18038
1427157826.707,43.420555
1427157826.723,47.511074
1427157826.739,51.993755
1427157826.754,57.329792
1427157826.77,63.838028
1427157826.786,71.53551
1427157826.801,80.058105
1427157826.817,88.56819
1427157826.832,95.74272
1427157826.848,100.00139
1427157826.864,99.885925
1427157826.879,94.561035
1427157826.895,84.16774
1427157826.911,69.786644
1427157826.926,53.133957
1427157826.942,35.95435
1427157826.957,19.58649
1427157826.973,4.6990356
1427157826.989,-8.548809
1427157827.004,-20.252277
1427157827.02,-30.435589
1427157827.036,-39.02153
1427157827.051,-45.841095
1427157827.067,-50.863094
1427157827.082,-54.250214
1427157827.098,-56.382282
1427157827.114,-57.728836
1427157827.129,-58.68669
1427157827.145,-59.49829
1427157827.161,-60.217278
1427157827.176,-60.778786
1427157827.192,-61.093086
1427157827.207,-61.103912
1427157827.223,-60.824867
1427157827.239,-60.281643
1427157827.254,-59.470856
1427157827.27,-58.296963
1427157827.286,-56.6118
1427157827.301,-54.240555
1427157827.317,-51.11305
1427157827.332,-47.309406
1427157827.348,-43.052536
1427157827.364,-38.634212
1427157827.379,-34.29695
1427157827.395,-30.126719
1427157827.411,-26.041119
1427157827.426,-21.833231
1427157827.442,-17.354527
1427157827.458,-12.573933
1427157827.473,-7.680093
1427157827.489,-2.9685707
1427157827.504,1.314224
1427157827.52,5.1010847
1427157827.536,8.562305
1427157827.551,12.062223
1427157827.567,15.982347
1427157827.583,20.577747
1427157827.598,25.82839
1427157827.614,31.477226
1427157827.629,37.103916
1427157827.645,42.311783
1427157827.661,46.873314
1427157827.676,50.82593
1427157827.692,54.481094
1427157827.708,58.351692
1427157827.723,63.032562
1427157827.739,68.97586
1427157827.754,76.23736
1427157827.77,84.22148
1427157827.786,91.636444
1427157827.801,96.699
1427157827.817,97.6214
1427157827.833,93.24564
1427157827.848,83.474075
1427157827.864,69.383385
1427157827.879,52.817345
1427157827.895,35.80778
1427157827.911,19.89642
1427157827.926,5.9029503
1427157827.942,-6.050476
1427157827.958,-16.190907
1427157827.973,-24.745071
1427157827.989,-31.756706
1427157828.004,-37.146214
1427157828.02,-40.861767
1427157828.036,-43.049877
1427157828.051,-44.090466
1427157828.067,-44.493504
1427157828.083,-44.73805
1427157828.098,-45.13588
1427157828.114,-45.70233
1427157828.129,-46.27768
1427157828.145,-46.595314
1427157828.161,-46.523224
1427157828.176,-46.09173
1427157828.192,-45.50621
1427157828.208,-44.993935
1427157828.223,-44.6513
1427157828.239,-44.374863
1427157828.254,-43.82311
1427157828.27,-42.616104
1427157828.286,-40.4405
1427157828.301,-37.245186
1427157828.317,-33.216583
1427157828.333,-28.726551
1427157828.348,-24.16737
1427157828.364,-19.838745
1427157828.379,-15.857761
1427157828.395,-12.12365
1427157828.411,-8.466801
1427157828.426,-4.6511116
1427157828.442,-0.5695801
1427157828.458,3.794384
1427157828.473,8.276005
1427157828.489,12.651848
1427157828.504,16.703217
1427157828.52,20.312866
1427157828.536,23.565979
1427157828.551,26.696648
1427157828.567,30.053543
1427157828.583,33.99649
1427157828.598,38.848053
1427157828.614,44.815247
1427157828.629,51.888107
1427157828.645,59.68187
1427157828.661,67.31678
1427157828.676,73.46471
1427157828.692,76.59253
1427157828.708,75.45417
1427157828.723,69.56128
1427157828.739,59.433716
1427157828.754,46.452393
1427157828.77,32.41281
1427157828.786,18.896797
1427157828.801,6.8953094
1427157828.817,-3.3182678
1427157828.833,-11.916336
1427157828.848,-19.188026
1427157828.864,-25.281746
1427157828.879,-30.161987
1427157828.895,-33.734596
1427157828.911,-36.0543
1427157828.926,-37.364143
1427157828.942,-38.0857
1427157828.958,-38.65351
1427157828.973,-39.36065
1427157828.989,-40.264748
1427157829.004,-41.22544
1427157829.02,-42.013046
1427157829.036,-42.42016
1427157829.051,-42.342697
1427157829.067,-41.800697
1427157829.083,-40.878967
1427157829.098,-39.67183
1427157829.114,-38.22249
1427157829.129,-36.48256
1427157829.145,-34.33819
1427157829.161,-31.676048
1427157829.176,-28.414864
1427157829.192,-24.594833
1427157829.208,-20.380981
1427157829.223,-16.05069
1427157829.239,-11.897926
1427157829.254,-8.150726
1427157829.27,-4.832138
1427157829.286,-1.7985611
1427157829.301,1.2487793
1427157829.317,4.614357
1427157829.333,8.457893
1427157829.348,12.728462
1427157829.364,17.189796
1427157829.379,21.514542
1427157829.395,25.46106
1427157829.411,28.953842
1427157829.426,32.15338
1427157829.442,35.36586
1427157829.458,38.94493
1427157829.473,43.197205
1427157829.489,48.35057
1427157829.504,54.465378
1427157829.52,61.359497
1427157829.536,68.45538
1427157829.551,74.6861
1427157829.567,78.66283
1427157829.583,79.00571
1427157829.598,74.87341
1427157829.614,66.308975
1427157829.629,54.332092
1427157829.645,40.559418
1427157829.661,26.687027
1427157829.676,13.990616
1427157829.692,3.0894318
1427157829.708,-5.9439697
1427157829.723,-13.3272705
1427157829.739,-19.289856
1427157829.754,-23.973312
1427157829.77,-27.412155
1427157829.786,-29.68164
1427157829.801,-30.924454
1427157829.817,-31.361755
1427157829.833,-31.249985
1427157829.848,-30.852585
1427157829.864,-30.361176
1427157829.879,-29.903625
1427157829.895,-29.502777
1427157829.911,-29.100906
1427157829.926,-28.631317
1427157829.942,-28.083603
1427157829.958,-27.54335
1427157829.973,-27.14183
1427157829.989,-26.949661
1427157830.004,-26.879135
1427157830.02,-26.63237
1427157830.036,-25.832275
1427157830.051,-24.149887
1427157830.067,-21.51796
1427157830.083,-18.17276
1427157830.098,-14.581329
1427157830.114,-11.241638
1427157830.13,-8.489151
1427157830.145,-6.3713226
1427157830.161,-4.655655
1427157830.176,-2.9439697
1427157830.192,-0.8132324
1427157830.208,2.0400238
1427157830.223,5.7074738
1427157830.239,10.060699
1427157830.255,14.760559
1427157830.27,19.354736
1427157830.286,23.4458
1427157830.301,26.846664
1427157830.317,29.651093
1427157830.333,32.24803
1427157830.348,35.163315
1427157830.364,38.911743
1427157830.38,43.815582
1427157830.395,49.865112
1427157830.411,56.611984
1427157830.426,63.16809
1427157830.442,68.24982
1427157830.458,70.49385
1427157830.473,68.82886
1427157830.489,62.86281
1427157830.505,53.069275
1427157830.52,40.686188
1427157830.536,27.30655
1427157830.551,14.378555
1427157830.567,2.8646088
1427157830.583,-6.8610535
1427157830.598,-14.865356
1427157830.614,-21.351395
1427157830.63,-26.479385
1427157830.645,-30.308197
1427157830.661,-32.87355
1427157830.676,-34.29181
1427157830.692,-34.781815
1427157830.708,-34.651917
1427157830.723,-34.238525
1427157830.739,-33.801804
1427157830.755,-33.502457
1427157830.77,-33.37819
1427157830.786,-33.384384
1427157830.801,-33.427994
1427157830.817,-33.474243
1427157830.833,-33.527878
1427157830.848,-33.618607
1427157830.864,-33.70172
1427157830.88,-33.611206
1427157830.895,-33.0455
1427157830.911,-31.744797
1427157830.926,-29.550217
1427157830.942,-26.552292
1427157830.958,-23.060638
1427157830.973,-19.46045
1427157830.989,-15.999268
1427157831.005,-12.683731
1427157831.02,-9.248901
1427157831.036,-5.368973
1427157831.051,-0.8379364
1427157831.067,4.223892
1427157831.083,9.455002
1427157831.098,14.35379
1427157831.114,18.566437
1427157831.13,22.024124
1427157831.145,24.984589
1427157831.161,27.908096
1427157831.176,31.314407
1427157831.192,35.58821
1427157831.208,40.917755
1427157831.223,47.120926
1427157831.239,53.551804
1427157831.255,59.145813
1427157831.27,62.577408
1427157831.286,62.616806
1427157831.301,58.560226
1427157831.317,50.54425
1427157831.333,39.550507
1427157831.348,27.070572
1427157831.364,14.632919
1427157831.38,3.342743
1427157831.395,-6.264786
1427157831.411,-14.166718
1427157831.426,-20.545715
1427157831.442,-25.596375
1427157831.458,-29.391418
1427157831.473,-31.962738
1427157831.489,-33.345886
1427157831.505,-33.70108
1427157831.52,-33.288292
1427157831.536,-32.436752
1427157831.551,-31.477394
1427157831.567,-30.691528
1427157831.583,-30.23304
1427157831.598,-30.130905
1427157831.614,-30.27407
1427157831.63,-30.483406
1427157831.645,-30.566399
1427157831.661,-30.38282
1427157831.676,-29.828941
1427157831.692,-28.846275
1427157831.708,-27.380455
1427157831.723,-25.364197
1427157831.739,-22.75911
1427157831.755,-19.617691
1427157831.77,-16.054321
1427157831.786,-12.227623
1427157831.801,-8.233704
1427157831.817,-4.0834885
1427157831.833,0.31365967
1427157831.848,5.034584
1427157831.864,10.054321
1427157831.88,15.218842
1427157831.895,20.281265
1427157831.911,24.989716
1427157831.926,29.232819
1427157831.942,33.06069
1427157831.958,36.74524
1427157831.973,40.680595
1427157831.989,45.327187
1427157832.005,51.013474
1427157832.02,57.736526
1427157832.036,64.96251
1427157832.051,71.59535
1427157832.067,76.120804
1427157832.083,77.07001
1427157832.098,73.506905
1427157832.114,65.42912
1427157832.13,53.809143
1427157832.145,40.270096
1427157832.161,26.49913
1427157832.176,13.764229
1427157832.192,2.6354294
1427157832.208,-6.8946533
1427157832.223,-15.125717
1427157832.239,-22.266907
1427157832.255,-28.348526
1427157832.27,-33.23877
1427157832.286,-36.83777
1427157832.301,-39.214806
1427157832.317,-40.654068
1427157832.333,-41.5159
1427157832.348,-42.10231
1427157832.364,-42.546738
1427157832.38,-42.82347
1427157832.395,-42.8378
1427157832.411,-42.563263
1427157832.426,-42.087524
1427157832.442,-41.60881
1427157832.458,-41.28042
1427157832.473,-41.12442
1427157832.489,-40.94346
1427157832.505,-40.35826
1427157832.52,-38.908623
1427157832.536,-36.269554
1427157832.551,-32.37005
1427157832.567,-27.481377
1427157832.583,-22.12571
1427157832.598,-16.895584
1427157832.614,-12.205696
1427157832.63,-8.154991
1427157832.645,-4.4616547
1427157832.661,-0.65582275
1427157832.676,3.7008896
1427157832.692,8.767654
1427157832.708,14.357124
1427157832.723,19.98928
1427157832.739,25.164932
1427157832.755,29.569374
1427157832.77,33.214775
1427157832.786,36.43651
1427157832.802,39.768974
1427157832.817,43.81624
1427157832.833,49.09002
1427157832.848,55.81505
1427157832.864,63.725067
1427157832.88,71.93168
1427157832.895,78.95427
1427157832.911,83.05159
1427157832.926,82.74307
1427157832.942,77.313446
1427157832.958,67.12628
1427157832.973,53.491062
1427157832.989,38.228786
1427157833.005,23.051414
1427157833.02,9.180454
1427157833.036,-2.8473854
1427157833.052,-12.994534
1427157833.067,-21.4273
1427157833.083,-28.326672
1427157833.098,-33.79869
1427157833.114,-37.891975
1427157833.13,-40.71497
1427157833.145,-42.46115
1427157833.161,-43.409004
1427157833.177,-43.84535
1427157833.192,-44.009346
1427157833.208,-44.019215
1427157833.223,-43.88209
1427157833.239,-43.55187
1427157833.255,-43.01976
1427157833.27,-42.366497
1427157833.286,-41.732296
1427157833.302,-41.232628
1427157833.317,-40.857903
1427157833.333,-40.391243
1427157833.348,-39.476295
1427157833.364,-37.731613
1427157833.38,-34.95182
1427157833.395,-31.15283
1427157833.411,-26.63131
1427157833.427,-21.822653
1427157833.442,-17.168264
1427157833.458,-12.922609
1427157833.473,-9.108158
1427157833.489,-5.510744
1427157833.505,-1.774929
1427157833.52,2.443222
1427157833.536,7.3068066
1427157833.552,12.714464
1427157833.567,18.349134
1427157833.583,23.768484
1427157833.598,28.597631
1427157833.614,32.728195
1427157833.63,36.359962
1427157833.645,40.02613
1427157833.661,44.387173
1427157833.677,50.01368
1427157833.692,57.08087
1427157833.708,65.12384
1427157833.723,72.97128
1427157833.739,78.97152
1427157833.755,81.411896
1427157833.77,79.102615
1427157833.786,71.78523
1427157833.802,60.245445
1427157833.817,46.045704
1427157833.833,31.003313
1427157833.848,16.643204
1427157833.864,3.8886929
1427157833.88,-6.992695
1427157833.895,-16.115559
1427157833.911,-23.716774
1427157833.927,-29.903639
1427157833.942,-34.659637
1427157833.958,-37.882553
1427157833.973,-39.588272
1427157833.989,-40.003944
1427157834.005,-39.575996
1427157834.02,-38.879616
1427157834.036,-38.44694
1427157834.052,-38.583763
1427157834.067,-39.290916
1427157834.083,-40.278
1427157834.098,-41.135155
1427157834.114,-41.50651
1427157834.13,-41.22194
1427157834.145,-40.310143
1427157834.161,-38.907024
1427157834.177,-37.119373
1427157834.192,-34.968563
1427157834.208,-32.374367
1427157834.223,-29.246666
1427157834.239,-25.491566
1427157834.255,-21.098942
1427157834.27,-16.105812
1427157834.286,-10.624165
1427157834.302,-4.813816
1427157834.317,1.1332893
1427157834.333,7.0206566
1427157834.348,12.687241
1427157834.364,18.081497
1427157834.38,23.24403
1427157834.395,28.335037
1427157834.411,33.577763
1427157834.427,39.288345
1427157834.442,45.744995
1427157834.458,53.034317
1427157834.473,60.818993
1427157834.489,68.170654
1427157834.505,73.62773
1427157834.52,75.5567
1427157834.536,72.70297
1427157834.552,64.72345
1427157834.567,52.36605
1427157834.583,37.24034
1427157834.598,21.25866
1427157834.614,6.031479
1427157834.63,-7.487297
1427157834.645,-19.0028
1427157834.661,-28.599632
1427157834.677,-36.421005
1427157834.692,-42.489204
1427157834.708,-46.74794
1427157834.723,-49.220184
1427157834.739,-50.1922
1427157834.755,-50.192337
1427157834.77,-49.858032
1427157834.786,-49.74591
1427157834.802,-50.10611
1427157834.817,-50.850395
1427157834.833,-51.57248
1427157834.848,-51.838074
1427157834.864,-51.328583
1427157834.88,-50.03276
1427157834.895,-48.23564
1427157834.911,-46.355057
1427157834.927,-44.68415
1427157834.942,-43.223305
1427157834.958,-41.632797
1427157834.973,-39.417343
1427157834.989,-36.14924
1427157835.005,-31.742165
1427157835.02,-26.490906
1427157835.036,-20.991112
1427157835.052,-15.827324
1427157835.067,-11.335999
1427157835.083,-7.4430923
1427157835.098,-3.7548523
1427157835.114,0.2830963
1427157835.13,5.12574
1427157835.145,10.935005
1427157835.161,17.553505
1427157835.177,24.541405
1427157835.192,31.343384
1427157835.208,37.487534
1427157835.223,42.720848
1427157835.239,47.136703
1427157835.255,51.12168
1427157835.27,55.32775
1427157835.286,60.464195
1427157835.302,67.112175
1427157835.317,75.4522
1427157835.333,85.03724
1427157835.348,94.63634
1427157835.364,102.38972
1427157835.38,106.22692
1427157835.395,104.498024
1427157835.411,96.57602
1427157835.427,83.11139
1427157835.442,65.85828
1427157835.458,47.065994
1427157835.474,28.731567
1427157835.489,12.118286
1427157835.505,-2.376686
1427157835.52,-14.925514
1427157835.536,-25.879402
1427157835.552,-35.373993
1427157835.567,-43.337196
1427157835.583,-49.56703
1427157835.598,-53.980133
1427157835.614,-56.72531
1427157835.63,-58.169327
1427157835.645,-58.761612
1427157835.661,-58.906326
1427157835.677,-58.878525
1427157835.692,-58.801483
1427157835.708,-58.702072
1427157835.724,-58.583176
1427157835.739,-58.437897
1427157835.755,-58.292923
1427157835.77,-58.139725
1427157835.786,-57.940125
1427157835.802,-57.593307
1427157835.817,-56.95392
1427157835.833,-55.856155
1427157835.849,-54.221344
1427157835.864,-52.01158
1427157835.88,-49.28076
1427157835.895,-46.09996
1427157835.911,-42.557648
1427157835.927,-38.685562
1427157835.942,-34.47072
1427157835.958,-29.89653
1427157835.974,-25.017822
1427157835.989,-19.956955
1427157836.005,-14.878937
1427157836.02,-9.915802
1427157836.036,-5.055435
1427157836.052,-0.09121704
1427157836.067,5.238373
1427157836.083,11.120972
1427157836.099,17.51416
1427157836.114,24.105438
1427157836.13,30.421463
1427157836.145,36.088684
1427157836.161,41.01895
1427157836.177,45.505127
1427157836.192,50.1353
1427157836.208,55.613007
1427157836.224,62.540955
1427157836.239,71.166504
1427157836.255,81.19508
1427157836.27,91.65558
1427157836.286,100.921585
1427157836.302,106.96846
1427157836.317,107.914154
1427157836.333,102.642044
1427157836.349,91.229675
1427157836.364,75.0237
1427157836.38,56.23854
1427157836.395,37.236465
1427157836.411,19.811493
1427157836.427,4.8135986
1427157836.442,-7.7525635
1427157836.458,-18.342941
1427157836.474,-27.446732
1427157836.489,-35.234726
1427157836.505,-41.64778
1427157836.52,-46.521698
1427157836.536,-49.871597
1427157836.552,-51.933426
1427157836.567,-53.152084
1427157836.583,-53.998657
1427157836.599,-54.81482
1427157836.614,-55.694275
1427157836.63,-56.520844
1427157836.645,-57.07625
1427157836.661,-57.186417
1427157836.677,-56.8058
1427157836.692,-56.04605
1427157836.708,-55.10353
1427157836.724,-54.136383
1427157836.739,-53.140198
1427157836.755,-51.925934
1427157836.77,-50.157272
1427157836.786,-47.496384
1427157836.802,-43.761414
1427157836.817,-39.02513
1427157836.833,-33.64734
1427157836.849,-28.133102
1427157836.864,-22.988968
1427157836.88,-18.503067
1427157836.895,-14.643402
1427157836.911,-11.067749
1427157836.927,-7.307495
1427157836.942,-2.965866
1427157836.958,2.0799408
1427157836.974,7.592804
1427157836.989,13.136276
1427157837.005,18.25064
1427157837.02,22.725342
1427157837.036,26.648651
1427157837.052,30.372711
1427157837.067,34.302155
1427157837.083,38.768875
1427157837.099,43.978043
1427157837.114,50.09053
1427157837.13,57.21788
1427157837.145,65.2796
1427157837.161,73.74065
1427157837.177,81.38388
1427157837.192,86.437
1427157837.208,87.05885
1427157837.224,82.03722
1427157837.239,71.372635
1427157837.255,56.31987
1427157837.27,39.011383
1427157837.286,21.624557
1427157837.302,5.76239
1427157837.317,-7.852463
1427157837.333,-19.180588
1427157837.349,-28.465805
1427157837.364,-35.90178
1427157837.38,-41.498993
1427157837.395,-45.20877
1427157837.411,-47.130478
1427157837.427,-47.58676
1427157837.442,-47.099045
1427157837.458,-46.2063
1427157837.474,-45.363388
1427157837.489,-44.80507
1427157837.505,-44.584854
1427157837.52,-44.579453
1427157837.536,-44.6257
1427157837.552,-44.580444
1427157837.567,-44.346024
1427157837.583,-43.829575
1427157837.599,-42.951492
1427157837.614,-41.57167
1427157837.63,-39.554993
1427157837.645,-36.812103
1427157837.661,-33.35811
1427157837.677,-29.355042
1427157837.692,-25.045029
1427157837.708,-20.625946
1427157837.724,-16.173645
1427157837.739,-11.572792
1427157837.755,-6.6356583
1427157837.77,-1.1713257
1427157837.786,4.828476
1427157837.802,11.199272
1427157837.817,17.588066
1427157837.833,23.642982
1427157837.849,29.087852
1427157837.864,33.900444
1427157837.88,38.29541
1427157837.895,42.74833
1427157837.911,47.858
1427157837.927,54.182236
1427157837.942,61.92772
1427157837.958,70.68659
1427157837.974,79.25984
1427157837.989,85.83907
1427157838.005,88.45174
1427157838.02,85.655945
1427157838.036,77.1286
1427157838.052,63.853462
1427157838.067,47.77356
1427157838.083,31.10057
1427157838.099,15.561424
1427157838.114,2.008278
1427157838.13,-9.523003
1427157838.145,-19.408653
1427157838.161,-27.966362
1427157838.177,-35.20797
1427157838.192,-40.920425
1427157838.208,-44.89084
1427157838.224,-47.19906
1427157838.239,-48.220848
1427157838.255,-48.56981
1427157838.27,-48.781784
1427157838.286,-49.192917
1427157838.302,-49.797417
1427157838.317,-50.386765
1427157838.333,-50.674423
1427157838.349,-50.501854
1427157838.364,-49.872948
1427157838.38,-48.96576
1427157838.396,-47.968216
1427157838.411,-47.013397
1427157838.427,-46.079193
1427157838.442,-44.95382
1427157838.458,-43.307663
1427157838.474,-40.84571
1427157838.489,-37.374123
1427157838.505,-32.963684
1427157838.521,-27.914093
1427157838.536,-22.677803
1427157838.552,-17.684906
1427157838.567,-13.159149
1427157838.583,-8.997002
1427157838.599,-4.860428
1427157838.614,-0.30547333
1427157838.63,4.969269
1427157838.646,10.977135
1427157838.661,17.414024
1427157838.677,23.796799
1427157838.692,29.66056
1427157838.708,34.719025
1427157838.724,38.978355
1427157838.739,42.679268
1427157838.755,46.215813
1427157838.771,50.063072
1427157838.786,54.68586
1427157838.802,60.524612
1427157838.817,67.79969
1427157838.833,76.29392
1427157838.849,85.11419
1427157838.864,92.71447
1427157838.88,97.14896
1427157838.896,96.69541
1427157838.911,90.50049
1427157838.927,78.94421
1427157838.942,63.55419
1427157838.958,46.4725
1427157838.974,29.71379
1427157838.989,14.598259
1427157839.005,1.5648079
1427157839.021,-9.557995
1427157839.036,-19.131512
1427157839.052,-27.31882
1427157839.067,-34.043427
1427157839.083,-39.08575
1427157839.099,-42.378845
1427157839.114,-44.116093
1427157839.13,-44.772854
1427157839.146,-44.92182
1427157839.161,-45.07136
1427157839.177,-45.502464
1427157839.192,-46.23246
1427157839.208,-47.095165
1427157839.224,-47.84203
1427157839.239,-48.264324
1427157839.255,-48.269024
1427157839.271,-47.87159
1427157839.286,-47.183174
1427157839.302,-46.28953
1427157839.317,-45.22002
1427157839.333,-43.895576
1427157839.349,-42.149925
1427157839.364,-39.749134
1427157839.38,-36.51515
1427157839.396,-32.38652
1427157839.411,-27.514164
1427157839.427,-22.207981
1427157839.442,-16.889042
1427157839.458,-11.928951
1427157839.474,-7.505413
1427157839.489,-3.5016022
1427157839.505,0.41278076
1427157839.521,4.6353683
1427157839.536,9.423115
1427157839.552,14.772095
1427157839.567,20.389664
1427157839.583,25.857464
1427157839.599,30.81258
1427157839.614,35.090797
1427157839.63,38.7663
1427157839.646,42.100925
1427157839.661,45.436848
1427157839.677,49.183243
1427157839.692,53.733673
1427157839.708,59.397038
1427157839.724,66.18433
1427157839.739,73.59207
1427157839.755,80.481705
1427157839.771,85.20055
1427157839.786,86.048584
1427157839.802,81.85518
1427157839.817,72.473495
1427157839.833,58.901215
1427157839.849,42.93644
1427157839.864,26.605473
1427157839.88,11.522209
1427157839.896,-1.4473572
1427157839.911,-12.176073
1427157839.927,-20.934536
1427157839.942,-28.052317
1427157839.958,-33.672985
1427157839.974,-37.773018
1427157839.989,-40.315117
1427157840.005,-41.46518
1427157840.021,-41.607597
1427157840.036,-41.28902
1427157840.052,-40.98391
1427157840.067,-40.94751
1427157840.083,-41.148308
1427157840.099,-41.38804
1427157840.114,-41.45938
1427157840.13,-41.313515
1427157840.146,-41.02433
1427157840.161,-40.704502
1427157840.177,-40.340775
1427157840.192,-39.73905
1427157840.208,-38.567596
1427157840.224,-36.56813
1427157840.239,-33.66391
1427157840.255,-30.0412
1427157840.271,-26.042591
1427157840.286,-21.98664
1427157840.302,-18.012897
1427157840.317,-14.040262
1427157840.333,-9.859943
1427157840.349,-5.291828
1427157840.364,-0.28892708
1427157840.38,5.0180035
1427157840.396,10.390997
1427157840.411,15.568443
1427157840.427,20.367262
1427157840.442,24.743582
1427157840.458,28.793472
1427157840.474,32.756107
1427157840.489,37.02626
1427157840.505,42.034996
1427157840.521,48.13919
1427157840.536,55.28068
1427157840.552,62.805912
1427157840.567,69.34896
1427157840.583,73.17217
1427157840.599,72.69279
1427157840.614,67.13985
1427157840.63,56.905212
1427157840.646,43.45027
1427157840.661,28.777735
1427157840.677,14.706955
1427157840.692,2.3450127
1427157840.708,-8.0158
1427157840.724,-16.646168
1427157840.739,-23.92914
1427157840.755,-30.044954
1427157840.771,-34.88942
1427157840.786,-38.299603
1427157840.802,-40.257435
1427157840.817,-41.046036
1427157840.833,-41.178795
1427157840.849,-41.213585
1427157840.864,-41.460464
1427157840.88,-41.936028
1427157840.896,-42.34168
1427157840.911,-42.334724
1427157840.927,-41.736908
1427157840.942,-40.67984
1427157840.958,-39.500076
1427157840.974,-38.576847
1427157840.989,-38.012165
1427157841.005,-37.543674
1427157841.021,-36.62019
1427157841.036,-34.693436
1427157841.052,-31.483036
1427157841.068,-27.156681
1427157841.083,-22.170795
1427157841.099,-17.068197
1427157841.114,-12.133313
1427157841.13,-7.291668
1427157841.146,-2.188919
1427157841.161,3.5254817
1427157841.177,9.953159
1427157841.193,16.811783
1427157841.208,23.542551
1427157841.224,29.539902
1427157841.239,34.47328
1427157841.255,38.4218
1427157841.271,41.8619
1427157841.286,45.501865
1427157841.302,50.03854
1427157841.318,55.94488
1427157841.333,63.32241
1427157841.349,71.73941
1427157841.364,80.22916
1427157841.38,87.28303
1427157841.396,91.19964
1427157841.411,90.50458
1427157841.427,84.50692
1427157841.443,73.61317
1427157841.458,59.245834
1427157841.474,43.375656
1427157841.489,27.859407
1427157841.505,13.907101
1427157841.521,1.9031525
1427157841.536,-8.354672
1427157841.552,-17.268015
1427157841.568,-25.077473
1427157841.583,-31.760792
1427157841.599,-37.167793
1427157841.614,-41.201237
1427157841.63,-43.973682
1427157841.646,-45.803978
1427157841.661,-47.08235
1427157841.677,-48.10755
1427157841.693,-49.006714
1427157841.708,-49.681118
1427157841.724,-49.986202
1427157841.739,-49.742672
1427157841.755,-48.95588
1427157841.771,-47.759975
1427157841.786,-46.432487
1427157841.802,-45.195503
1427157841.818,-44.112835
1427157841.833,-43.004375
1427157841.849,-41.48511
1427157841.864,-39.14414
1427157841.88,-35.70887
1427157841.896,-31.187065
1427157841.911,-25.911892
1427157841.927,-20.402483
1427157841.943,-15.178755
1427157841.958,-10.539377
1427157841.974,-6.4295864
1427157841.989,-2.5050926
1427157842.005,1.7069864
1427157842.021,6.5787992
1427157842.036,12.128898
1427157842.052,18.07634
1427157842.068,23.897058
1427157842.083,29.116161
1427157842.099,33.494312
1427157842.114,37.14698
1427157842.13,40.47568
1427157842.146,44.03668
1427157842.161,48.380146
1427157842.177,53.927094
1427157842.193,60.87757
1427157842.208,69.014275
1427157842.224,77.57075
1427157842.239,85.2117
1427157842.255,90.22196
1427157842.271,90.99452
1427157842.286,86.56841
1427157842.302,77.065254
1427157842.318,63.656734
1427157842.333,48.179714
1427157842.349,32.493374
1427157842.364,17.929527
1427157842.38,5.0589333
1427157842.396,-6.1348915
1427157842.411,-15.93903
1427157842.427,-24.52777
1427157842.443,-31.869736
1427157842.458,-37.813053
1427157842.474,-42.265884
1427157842.489,-45.326195
1427157842.505,-47.349384
1427157842.521,-48.74891
1427157842.536,-49.90609
1427157842.552,-51.001385
1427157842.568,-51.991203
1427157842.583,-52.73542
1427157842.599,-53.080135
1427157842.614,-53.002197
1427157842.63,-52.5891
1427157842.646,-51.951744
1427157842.661,-51.115112
1427157842.677,-49.94485
1427157842.693,-48.182682
1427157842.708,-45.575073
1427157842.724,-42.024548
1427157842.739,-37.675842
1427157842.755,-32.84247
1427157842.771,-27.885807
1427157842.786,-23.066845
1427157842.802,-18.402386
1427157842.818,-13.709232
1427157842.833,-8.72295
1427157842.849,-3.254528
1427157842.864,2.6674309
1427157842.88,8.766964
1427157842.896,14.64864
1427157842.911,19.928555
1427157842.927,24.44056
1427157842.943,28.32285
1427157842.958,31.990551
1427157842.974,36.039513
1427157842.989,41.086967
1427157843.005,47.485615
1427157843.021,55.112034
1427157843.036,63.18068
1427157843.052,70.272224
1427157843.068,74.613556
1427157843.083,74.632355
1427157843.099,69.54321
1427157843.114,59.671734
1427157843.13,46.36889
1427157843.146,31.551544
1427157843.161,17.03434
1427157843.177,3.9800682
1427157843.193,-7.2235985
1427157843.208,-16.726612
1427157843.224,-24.813034
1427157843.239,-31.584309
1427157843.255,-36.91794
1427157843.271,-40.64559
1427157843.286,-42.79206
1427157843.302,-43.66258
1427157843.318,-43.7993
1427157843.333,-43.717037
1427157843.349,-43.728798
1427157843.364,-43.84736
1427157843.38,-43.89435
1427157843.396,-43.639153
1427157843.411,-42.977695
1427157843.427,-41.99494
1427157843.443,-40.92531
1427157843.458,-40.00482
1427157843.474,-39.30259
1427157843.489,-38.623375
1427157843.505,-37.529507
1427157843.521,-35.488647
1427157843.536,-32.143158
1427157843.552,-27.479116
1427157843.568,-21.935766
1427157843.583,-16.208405
1427157843.599,-10.96904
1427157843.614,-6.5271378
1427157843.63,-2.7067394
1427157843.646,1.0814877
1427157843.661,5.4895535
1427157843.677,10.907066
1427157843.693,17.20079
1427157843.708,23.807793
1427157843.724,29.983397
1427157843.74,35.145775
1427157843.755,39.12271
1427157843.771,42.22958
1427157843.786,45.1008
1427157843.802,48.513206
1427157843.818,53.145985
1427157843.833,59.407944
1427157843.849,67.21976
1427157843.865,75.86763
1427157843.88,83.964165
1427157843.896,89.67648
1427157843.911,91.149864
1427157843.927,87.21838
1427157843.943,77.81566
1427157843.958,64.09819
1427157843.974,48.0288
1427157843.99,31.683275
1427157844.005,16.540705
1427157844.021,3.2328606
1427157844.036,-8.397451
1427157844.052,-18.809263
1427157844.068,-28.329033
1427157844.083,-36.91075
1427157844.099,-44.214676
1427157844.115,-49.86203
1427157844.13,-53.68519
1427157844.146,-55.83397
1427157844.161,-56.72074
1427157844.177,-56.856644
1427157844.193,-56.704453
1427157844.208,-56.556953
1427157844.224,-56.523903
1427157844.24,-56.515804
1427157844.255,-56.371338
1427157844.271,-55.90798
1427157844.286,-55.03785
1427157844.302,-53.76759
1427157844.318,-52.19879
1427157844.333,-50.42106
1427157844.349,-48.44313
1427157844.365,-46.139885
1427157844.38,-43.329044
1427157844.396,-39.833458
1427157844.411,-35.6363
1427157844.427,-30.88102
1427157844.443,-25.876408
1427157844.458,-20.940372
1427157844.474,-16.310614
1427157844.49,-12.085509
1427157844.505,-8.22742
1427157844.521,-4.587843
1427157844.536,-0.9672766
1427157844.552,2.8918328
1427157844.568,7.211805
1427157844.583,12.126278
1427157844.599,17.588245
1427157844.615,23.369926
1427157844.63,29.08453
1427157844.646,34.377872
1427157844.661,39.05355
1427157844.677,43.19959
1427157844.693,47.12553
1427157844.708,51.311012
1427157844.724,56.24429
1427157844.74,62.316784
1427157844.755,69.67014
1427157844.771,78.032036
1427157844.786,86.53671
1427157844.802,93.74924
1427157844.818,97.86301
1427157844.833,97.28039
1427157844.849,91.13173
1427157844.865,79.72987
1427157844.88,64.51512
1427157844.896,47.605892
1427157844.911,31.050133
1427157844.927,16.204773
1427157844.943,3.5205822
1427157844.958,-7.3013716
1427157844.974,-16.857798
1427157844.99,-25.549686
1427157845.005,-33.372894
1427157845.021,-39.986763
1427157845.036,-44.98378
1427157845.052,-48.17783
1427157845.068,-49.745026
1427157845.083,-50.1623
1427157845.099,-50.038616
1427157845.115,-49.86665
1427157845.13,-49.884426
1427157845.146,-50.045826
1427157845.161,-50.14318
1427157845.177,-49.93746
1427157845.193,-49.315113
1427157845.208,-48.33131
1427157845.224,-47.131416
1427157845.24,-45.82034
1427157845.255,-44.406025
1427157845.271,-42.73459
1427157845.286,-40.60519
1427157845.302,-37.84182
1427157845.318,-34.41884
1427157845.333,-30.429945
1427157845.349,-26.067417
1427157845.365,-21.536736
1427157845.38,-17.020775
1427157845.396,-12.642044
1427157845.411,-8.467943
1427157845.427,-4.5230007
1427157845.443,-0.7609463
1427157845.458,2.933773
1427157845.474,6.7278805
1427157845.49,10.763922
1427157845.505,15.065233
1427157845.521,19.54466
1427157845.536,23.951935
1427157845.552,28.029512
1427157845.568,31.618013
1427157845.583,34.77722
1427157845.599,37.725677
1427157845.615,40.84915
1427157845.63,44.539154
1427157845.646,49.126717
1427157845.661,54.774612
1427157845.677,61.39381
1427157845.693,68.4936
1427157845.708,75.11189
1427157845.724,79.85681
1427157845.74,81.24097
1427157845.755,78.099396
1427157845.771,70.11313
1427157845.786,57.95612
1427157845.802,43.172127
1427157845.818,27.611797
1427157845.833,12.917513
1427157845.849,0.041023254
1427157845.865,-10.742382
1427157845.88,-19.664343
1427157845.896,-27.025694
1427157845.911,-32.97367
1427157845.927,-37.454628
1427157845.943,-40.356102
1427157845.958,-41.709415
1427157845.974,-41.837708
1427157845.99,-41.29014
1427157846.005,-40.675224
1427157846.021,-40.445107
1427157846.036,-40.756355
1427157846.052,-41.447334
1427157846.068,-42.21946
1427157846.083,-42.742455
1427157846.099,-42.854507
1427157846.115,-42.516693
1427157846.13,-41.77311
1427157846.146,-40.598965
1427157846.161,-38.92971
1427157846.177,-36.648026
1427157846.193,-33.698807
1427157846.208,-30.118511
1427157846.224,-26.015207
1427157846.24,-21.485481
1427157846.255,-16.547754
1427157846.271,-11.193157
1427157846.286,-5.439039
1427157846.302,0.59444046
1427157846.318,6.670067
1427157846.333,12.532242
1427157846.349,17.97315
1427157846.365,22.974304
1427157846.38,27.655321
1427157846.396,32.293247
1427157846.412,37.251045
1427157846.427,42.9504
1427157846.443,49.655987
1427157846.458,57.306053
1427157846.474,65.25515
1427157846.49,72.22055
1427157846.505,76.54822
1427157846.521,76.70508
1427157846.536,71.89301
1427157846.552,62.38498
1427157846.568,49.51198
1427157846.583,35.152683
1427157846.599,21.10353
1427157846.615,8.5616455
1427157846.63,-2.0612965
1427157846.646,-10.901934
1427157846.662,-18.30237
1427157846.677,-24.465189
1427157846.693,-29.37898
1427157846.708,-32.89396
1427157846.724,-35.00093
1427157846.74,-35.907185
1427157846.755,-36.091324
1427157846.771,-36.080185
1427157846.787,-36.268867
1427157846.802,-36.74362
1427157846.818,-37.317505
1427157846.833,-37.665604
1427157846.849,-37.5751
1427157846.865,-37.08398
1427157846.88,-36.46458
1427157846.896,-36.0859
1427157846.912,-36.12857
1427157846.927,-36.412617
1427157846.943,-36.442772
1427157846.958,-35.57179
1427157846.974,-33.304596
1427157846.99,-29.561872
1427157847.005,-24.74154
1427157847.021,-19.538942
1427157847.037,-14.656273
1427157847.052,-10.491468
1427157847.068,-6.972702
1427157847.083,-3.627119
1427157847.099,0.14731026
1427157847.115,4.77248
1427157847.13,10.265678
1427157847.146,16.25296
1427157847.162,22.139238
1427157847.177,27.394316
1427157847.193,31.77897
1427157847.208,35.424812
1427157847.224,38.775764
1427157847.24,42.461994
1427157847.255,47.12092
1427157847.271,53.212227
1427157847.287,60.78395
1427157847.302,69.27399
1427157847.318,77.405876
1427157847.333,83.40075
1427157847.349,85.437225
1427157847.365,82.30377
1427157847.38,73.83941
1427157847.396,61.08258
1427157847.412,45.87436
1427157847.427,30.231907
1427157847.443,15.693311
1427157847.458,3.0038042
1427157847.474,-7.866213
1427157847.49,-17.314342
1427157847.505,-25.73533
1427157847.521,-33.228077
1427157847.537,-39.605465
1427157847.552,-44.575214
1427157847.568,-47.982338
1427157847.583,-49.932137
1427157847.599,-50.815483
1427157847.615,-51.145855
1427157847.63,-51.356415
1427157847.646,-51.640694
1427157847.662,-51.896946
1427157847.677,-51.865166
1427157847.693,-51.327335
1427157847.708,-50.24476
1427157847.724,-48.793793
1427157847.74,-47.224903
1427157847.755,-45.733055
1427157847.771,-44.28341
1427157847.787,-42.659443
1427157847.802,-40.533535
1427157847.818,-37.67129
1427157847.833,-34.004723
1427157847.849,-29.689606
1427157847.865,-25.021208
1427157847.88,-20.339626
1427157847.896,-15.899785
1427157847.912,-11.799706
1427157847.927,-7.9433184
1427157847.943,-4.054468
1427157847.958,0.20446777
1427157847.974,5.0811253
1427157847.99,10.611425
1427157848.005,16.56429
1427157848.021,22.52008
1427157848.037,28.025747
1427157848.052,32.829872
1427157848.068,36.923798
1427157848.083,40.619686
1427157848.099,44.361443
1427157848.115,48.671997
1427157848.13,53.973873
1427157848.146,60.525513
1427157848.162,68.285576
1427157848.177,76.76224
1427157848.193,84.91418
1427157848.208,91.19809
1427157848.224,93.926796
1427157848.24,91.77496
1427157848.255,84.30881
1427157848.271,72.21405
1427157848.287,57.064457
1427157848.302,40.833004
1427157848.318,25.188961
1427157848.333,11.151395
1427157848.349,-1.0012617
1427157848.365,-11.414321
1427157848.38,-20.315544
1427157848.396,-27.763481
1427157848.412,-33.710876
1427157848.427,-38.128044
1427157848.443,-41.17548
1427157848.458,-43.17942
1427157848.474,-44.531597
1427157848.49,-45.518658
1427157848.505,-46.26831
1427157848.521,-46.737274
1427157848.537,-46.848038
1427157848.552,-46.563576
1427157848.568,-45.973106
1427157848.583,-45.229362
1427157848.599,-44.511185
1427157848.615,-43.878323
1427157848.63,-43.23744
1427157848.646,-42.320816
1427157848.662,-40.813686
1427157848.677,-38.447067
1427157848.693,-35.22053
1427157848.708,-31.356583
1427157848.724,-27.247541
1427157848.74,-23.240196
1427157848.755,-19.448345
1427157848.771,-15.680629
1427157848.787,-11.551191
1427157848.802,-6.7285748
1427157848.818,-1.165668
1427157848.833,4.841275
1427157848.849,10.778276
1427157848.865,16.162601
1427157848.88,20.779348
1427157848.896,24.762419
1427157848.912,28.517466
1427157848.927,32.568382
1427157848.943,37.37924
1427157848.958,43.2462
1427157848.974,50.1482
1427157848.99,57.618572
1427157849.005,64.64911
1427157849.021,69.81546
1427157849.037,71.55468
1427157849.052,68.70213
1427157849.068,60.9467
1427157849.083,49.034588
1427157849.099,34.570873
1427157849.115,19.48819
1427157849.13,5.4340553
1427157849.146,-6.6385765
1427157849.162,-16.557053
1427157849.177,-24.642616
1427157849.193,-31.352356
1427157849.208,-36.91714
1427157849.224,-41.30414
1427157849.24,-44.297874
1427157849.255,-45.766342
1427157849.271,-45.839073
1427157849.287,-44.935196
1427157849.302,-43.653717
1427157849.318,-42.568993
1427157849.334,-41.97023
1427157849.349,-41.788223
1427157849.365,-41.64694
1427157849.38,-41.105354
1427157849.396,-39.849125
1427157849.412,-37.87087
1427157849.427,-35.420418
1427157849.443,-32.860714
1427157849.459,-30.409172
1427157849.474,-28.029686
1427157849.49,-25.427765
1427157849.505,-22.192875
1427157849.521,-17.988447
1427157849.537,-12.72655
1427157849.552,-6.629162
1427157849.568,-0.1313448
1427157849.584,6.294591
1427157849.599,12.302328
1427157849.615,17.783932
1427157849.63,22.846874
1427157849.646,27.72287
1427157849.662,32.65388
1427157849.677,37.847374
1427157849.693,43.501312
1427157849.709,49.849663
1427157849.724,57.023445
1427157849.74,64.8512
1427157849.755,72.59916
1427157849.771,78.91236
1427157849.787,82.080414
1427157849.802,80.62575
1427157849.818,73.903015
1427157849.834,62.446125
1427157849.849,47.84578
1427157849.865,32.185135
1427157849.88,17.290415
1427157849.896,4.235853
1427157849.912,-6.790016
1427157849.927,-16.19386
1427157849.943,-24.470936
1427157849.959,-31.822504
1427157849.974,-38.11232
1427157849.99,-42.975193
1427157850.005,-46.205944
1427157850.021,-47.896286
1427157850.037,-48.460747
1427157850.052,-48.435688
1427157850.068,-48.195427
1427157850.084,-47.807716
1427157850.099,-47.100357
1427157850.115,-45.844543
1427157850.13,-44.03739
1427157850.146,-41.98702
1427157850.162,-40.204037
1427157850.177,-39.078472
1427157850.193,-38.663563
1427157850.209,-38.51508
1427157850.224,-37.91348
1427157850.24,-36.2118
1427157850.255,-33.121475
1427157850.271,-28.866266
1427157850.287,-24.019098
1427157850.302,-19.19313
1427157850.318,-14.759151
1427157850.334,-10.659024
1427157850.349,-6.517602
1427157850.365,-1.8359444
1427157850.38,3.7009845
1427157850.396,10.051042
1427157850.412,16.80017
1427157850.427,23.35377
1427157850.443,29.180178
1427157850.459,34.050465
1427157850.474,38.089256
1427157850.49,41.70741
1427157850.505,45.44825
1427157850.521,49.83544
1427157850.537,55.297466
1427157850.552,62.081425
1427157850.568,70.08287
1427157850.584,78.67636
1427157850.599,86.57492
1427157850.615,91.99102
1427157850.63,93.11222
1427157850.646,88.77028
1427157850.662,78.9133
1427157850.677,64.76258
1427157850.693,48.349564
1427157850.709,31.78984
1427157850.724,16.570576
1427157850.74,3.2686033
1427157850.755,-8.305473
1427157850.771,-18.611279
1427157850.787,-27.963488
1427157850.802,-36.273533
1427157850.818,-43.19067
1427157850.834,-48.34857
1427157850.849,-51.63271
1427157850.865,-53.2733
1427157850.88,-53.776844
1427157850.896,-53.707535
1427157850.912,-53.53209
1427157850.927,-53.431683
1427157850.943,-53.36584
1427157850.959,-53.13922
1427157850.974,-52.577564
1427157850.99,-51.629738
1427157851.005,-50.387596
1427157851.021,-49.019127
1427157851.037,-47.65226
1427157851.052,-46.28365
1427157851.068,-44.71724
1427157851.084,-42.642296
1427157851.099,-39.770035
1427157851.115,-35.956947
1427157851.13,-31.30005
1427157851.146,-26.103287
1427157851.162,-20.8194
1427157851.177,-15.844164
1427157851.193,-11.395485
1427157851.209,-7.386136
1427157851.224,-3.5144691
1427157851.24,0.6392088
1427157851.255,5.4026656
1427157851.271,10.871255
1427157851.287,16.821117
1427157851.302,22.82108
1427157851.318,28.395695
1427157851.334,33.222015
1427157851.349,37.254295
1427157851.365,40.741703
1427157851.38,44.141483
1427157851.396,47.988155
1427157851.412,52.76625
1427157851.427,58.826523
1427157851.443,66.21328
1427157851.459,74.52031
1427157851.474,82.7212
1427157851.49,89.282974
1427157851.505,92.43008
1427157851.521,90.730804
1427157851.537,83.623146
1427157851.552,71.70404
1427157851.568,56.542908
1427157851.584,40.156746
1427157851.599,24.328892
1427157851.615,10.135405
1427157851.63,-2.1277637
1427157851.646,-12.682059
1427157851.662,-21.837809
1427157851.677,-29.694523
1427157851.693,-36.10012
1427157851.709,-40.80065
1427157851.724,-43.711998
1427157851.74,-45.038494
1427157851.755,-45.25659
1427157851.771,-44.933342
1427157851.787,-44.56929
1427157851.802,-44.439636
1427157851.818,-44.578625
1427157851.834,-44.85296
1427157851.849,-45.073074
1427157851.865,-45.09201
1427157851.88,-44.844383
1427157851.896,-44.292892
1427157851.912,-43.41436
1427157851.927,-42.142063
1427157851.943,-40.414017
1427157851.959,-38.151604
1427157851.974,-35.357845
1427157851.99,-32.05275
1427157852.006,-28.31276
1427157852.021,-24.185923
1427157852.037,-19.71215
1427157852.052,-14.8933525
1427157852.068,-9.747271
1427157852.084,-4.3294926
1427157852.099,1.2374058
1427157852.115,6.7660637
1427157852.131,12.065531
1427157852.146,17.034107
1427157852.162,21.710394
1427157852.177,26.34856
1427157852.193,31.352129
1427157852.209,37.196342
1427157852.224,44.18432
1427157852.24,52.22148
1427157852.256,60.577393
1427157852.271,67.91622
1427157852.287,72.58542
1427157852.302,73.10023
1427157852.318,68.70944
1427157852.334,59.68219
1427157852.349,47.228035
1427157852.365,33.090237
1427157852.381,18.92752
1427157852.396,5.8732147
1427157852.412,-5.593279
1427157852.427,-15.481865
1427157852.443,-23.978601
1427157852.459,-31.16035
1427157852.474,-36.965935
1427157852.49,-41.261482
1427157852.506,-44.054165
1427157852.521,-45.557487
1427157852.537,-46.1631
1427157852.552,-46.30211
1427157852.568,-46.30443
1427157852.584,-46.287716
1427157852.599,-46.16328
1427157852.615,-45.779396
1427157852.631,-45.038364
1427157852.646,-43.986427
1427157852.662,-42.83429
1427157852.677,-41.762245
1427157852.693,-40.83567
1427157852.709,-39.846634
1427157852.724,-38.388443
1427157852.74,-36.02604
1427157852.756,-32.54023
1427157852.771,-28.01352
1427157852.787,-22.867937
1427157852.802,-17.663109
1427157852.818,-12.824365
1427157852.834,-8.435553
1427157852.849,-4.211726
1427157852.865,0.36478233
1427157852.881,5.7641573
1427157852.896,12.132082
1427157852.912,19.179813
1427157852.927,26.29258
1427157852.943,32.755867
1427157852.959,38.118496
1427157852.974,42.33488
1427157852.99,45.809574
1427157853.006,49.187077
1427157853.021,53.199726
1427157853.037,58.402023
1427157853.052,65.060326
1427157853.068,72.91963
1427157853.084,81.11652
1427157853.099,88.187416
1427157853.115,92.30231
1427157853.131,91.83132
1427157853.146,85.90619
1427157853.162,74.82885
1427157853.177,60.003063
1427157853.193,43.47272
1427157853.209,27.163792
1427157853.224,12.334936
1427157853.24,-0.604239
1427157853.256,-11.859126
1427157853.271,-21.773226
1427157853.287,-30.503532
1427157853.302,-37.904675
1427157853.318,-43.70707
1427157853.334,-47.74553
1427157853.349,-50.134563
1427157853.365,-51.232143
1427157853.381,-51.540375
1427157853.396,-51.530704
1427157853.412,-51.532833
1427157853.427,-51.67399
1427157853.443,-51.900467
1427157853.459,-52.047016
1427157853.474,-51.919567
1427157853.49,-51.390057
1427157853.506,-50.48405
1427157853.521,-49.306534
1427157853.537,-48.000767
1427157853.552,-46.572933
1427157853.568,-44.89832
1427157853.584,-42.690224
1427157853.599,-39.684406
1427157853.615,-35.731453
1427157853.631,-30.926613
1427157853.646,-25.56208
1427157853.662,-20.03815
1427157853.677,-14.722463
1427157853.693,-9.837049
1427157853.709,-5.3756733
1427157853.724,-1.1638211
1427157853.74,3.0889797
1427157853.756,7.6230927
1427157853.771,12.552822
1427157853.787,17.823654
1427157853.802,23.227442
1427157853.818,28.47917
1427157853.834,33.341656
1427157853.849,37.70973
1427157853.865,41.6103
1427157853.881,45.25564
1427157853.896,48.961643
1427157853.912,53.106396
1427157853.927,58.119305
1427157853.943,64.34766
1427157853.959,71.83112
1427157853.974,80.04488
1427157853.99,87.72691
1427157854.006,93.06641
1427157854.021,94.197815
1427157854.037,89.850945
1427157854.052,79.94752
1427157854.068,65.65241
1427157854.084,49.015106
1427157854.099,32.17478
1427157854.115,16.734869
1427157854.131,3.3154001
1427157854.146,-8.231329
1427157854.162,-18.397507
1427157854.177,-27.483831
1427157854.193,-35.411552
1427157854.209,-41.795803
1427157854.224,-46.27236
1427157854.24,-48.817684
1427157854.256,-49.84844
1427157854.271,-50.09146
1427157854.287,-50.248363
1427157854.302,-50.72867
1427157854.318,-51.52517
1427157854.334,-52.29364
1427157854.349,-52.608242
1427157854.365,-52.23769
1427157854.381,-51.27087
1427157854.396,-50.02346
1427157854.412,-48.88301
1427157854.427,-48.034363
1427157854.443,-47.40569
1427157854.459,-46.68879
1427157854.474,-45.495758
1427157854.49,-43.531414
1427157854.506,-40.6917
1427157854.521,-37.043125
1427157854.537,-32.807156
1427157854.552,-28.244303
1427157854.568,-23.575016
1427157854.584,-18.96548
1427157854.599,-14.505612
1427157854.615,-10.15855
1427157854.631,-5.826467
1427157854.646,-1.3479695
1427157854.662,3.4357305
1427157854.678,8.611351
1427157854.693,14.087051
1427157854.709,19.662943
1427157854.724,25.024754
1427157854.74,29.898806
1427157854.756,34.18017
1427157854.771,37.978413
1427157854.787,41.579758
1427157854.803,45.395912
1427157854.818,49.850975
1427157854.834,55.278152
1427157854.849,61.79943
1427157854.865,69.17433
1427157854.881,76.58857
1427157854.896,82.69431
1427157854.912,85.81136
1427157854.928,84.46322
1427157854.943,77.92142
1427157854.959,66.6044
1427157854.974,51.9409
1427157854.99,35.91211
1427157855.006,20.333183
1427157855.021,6.338273
1427157855.037,-5.722352
1427157855.053,-16.008934
1427157855.068,-24.75876
1427157855.084,-31.98518
1427157855.099,-37.50215
1427157855.115,-41.11435
1427157855.131,-42.91138
1427157855.146,-43.313324
1427157855.162,-42.966988
1427157855.178,-42.47183
1427157855.193,-42.220406
1427157855.209,-42.28458
1427157855.224,-42.53907
1427157855.24,-42.784916
1427157855.256,-42.880173
1427157855.271,-42.756874
1427157855.287,-42.371635
1427157855.303,-41.648994
1427157855.318,-40.422436
1427157855.334,-38.514896
1427157855.349,-35.845528
1427157855.365,-32.46178
1427157855.381,-28.542969
1427157855.396,-24.29439
1427157855.412,-19.87128
1427157855.428,-15.250585
1427157855.443,-10.349313
1427157855.459,-5.03858
1427157855.474,0.6689949
1427157855.49,6.619793
1427157855.506,12.540305
1427157855.521,18.160683
1427157855.537,23.322634
1427157855.553,28.07859
1427157855.568,32.67114
1427157855.584,37.46695
1427157855.599,42.893677
1427157855.615,49.27146
1427157855.631,56.66653
1427157855.646,64.68858
1427157855.662,72.395706
1427157855.678,78.408104
1427157855.693,81.17321
1427157855.709,79.49218
1427157855.724,72.9288
1427157855.74,62.033493
1427157855.756,48.18224
1427157855.771,33.125977
1427157855.787,18.445915
1427157855.803,5.1231265
1427157855.818,-6.536083
1427157855.834,-16.704317
1427157855.849,-25.678173
1427157855.865,-33.57089
1427157855.881,-40.19569
1427157855.896,-45.208298
1427157855.912,-48.36711
1427157855.928,-49.747
1427157855.943,-49.80837
1427157855.959,-49.227333
1427157855.974,-48.652378
1427157855.99,-48.424805
1427157856.006,-48.52047
1427157856.021,-48.621235
1427157856.037,-48.39368
1427157856.053,-47.636063
1427157856.068,-46.385406
1427157856.084,-44.797176
1427157856.099,-43.00934
1427157856.115,-41.035652
1427157856.131,-38.72186
1427157856.146,-35.88572
1427157856.162,-32.39699
1427157856.178,-28.277184
1427157856.193,-23.754272
1427157856.209,-19.171753
1427157856.224,-14.881398
1427157856.24,-11.066024
1427157856.256,-7.602
1427157856.271,-4.069377
1427157856.287,0.07139015
1427157856.303,5.2373037
1427157856.318,11.441106
1427157856.334,18.258102
1427157856.349,24.939274
1427157856.365,30.768085
1427157856.381,35.355957
1427157856.396,38.811455
1427157856.412,41.687595
1427157856.428,44.72606
1427157856.443,48.657032
1427157856.459,53.985775
1427157856.474,60.915485
1427157856.49,69.206406
1427157856.506,78.06865
1427157856.521,86.15092
1427157856.537,91.696335
1427157856.553,93.03586
1427157856.568,89.12102
1427157856.584,79.98039
1427157856.599,66.72412
1427157856.615,51.203114
1427157856.631,35.331085
1427157856.646,20.524048
1427157856.662,7.3983955
1427157856.678,-4.0682487
1427157856.693,-14.213133
1427157856.709,-23.290005
1427157856.724,-31.30767
1427157856.74,-38.08869
1427157856.756,-43.4302
1427157856.771,-47.284416
1427157856.787,-49.848648
1427157856.803,-51.491047
1427157856.818,-52.624817
1427157856.834,-53.55997
1427157856.849,-54.409462
1427157856.865,-55.055607
1427157856.881,-55.271793
1427157856.896,-54.85817
1427157856.912,-53.778942
1427157856.928,-52.191586
1427157856.943,-50.35656
1427157856.959,-48.496685
1427157856.974,-46.675304
1427157856.99,-44.760994
1427157857.006,-42.537666
1427157857.021,-39.806026
1427157857.037,-36.47785
1427157857.053,-32.60431
1427157857.068,-28.32491
1427157857.084,-23.824627
1427157857.099,-19.298088
1427157857.115,-14.890028
1427157857.131,-10.695993
1427157857.146,-6.682955
1427157857.162,-2.6984873
1427157857.178,1.509347
1427157857.193,6.172616
1427157857.209,11.3977165
1427157857.224,17.045261
1427157857.24,22.773756
1427157857.256,28.168667
1427157857.271,32.904907
1427157857.287,36.917656
1427157857.303,40.428555
1427157857.318,43.884796
1427157857.334,47.794037
1427157857.35,52.60206
1427157857.365,58.61979
1427157857.381,65.8777
1427157857.396,74.02587
1427157857.412,82.200584
1427157857.428,89.01859
1427157857.443,92.806786
1427157857.459,92.081795
1427157857.474,86.07869
1427157857.49,75.10605
1427157857.506,60.52704
1427157857.521,44.28289
1427157857.537,28.262917
1427157857.553,13.726515
1427157857.568,1.1285148
1427157857.584,-9.697954
1427157857.6,-19.09675
1427157857.615,-27.218737
1427157857.631,-33.921608
1427157857.646,-38.92352
1427157857.662,-42.125076
1427157857.678,-43.76027
1427157857.693,-44.397324
1427157857.709,-44.674507
1427157857.725,-45.037155
1427157857.74,-45.57187
1427157857.756,-46.047035
1427157857.771,-46.15419
1427157857.787,-45.749203
1427157857.803,-44.97567
1427157857.818,-44.122593
1427157857.834,-43.453583
1427157857.85,-42.93118
1427157857.865,-42.21014
1427157857.881,-40.814194
1427157857.896,-38.425793
1427157857.912,-35.085346
1427157857.928,-31.135542
1427157857.943,-27.041023
1427157857.959,-23.06071
1427157857.975,-19.174011
1427157857.99,-15.083966
1427157858.006,-10.4694605
1427157858.021,-5.2160807
1427157858.037,0.48000336
1427157858.053,6.1879425
1427157858.068,11.44983
1427157858.084,15.986616
1427157858.1,19.79907
1427157858.115,23.146364
1427157858.131,26.475105
1427157858.146,30.296757
1427157858.162,35.081604
1427157858.178,41.165512
1427157858.193,48.552547
1427157858.209,56.74157
1427157858.225,64.60419
1427157858.24,70.5616
1427157858.256,72.93306
1427157858.271,70.52215
1427157858.287,63.057606
1427157858.303,51.364426
1427157858.318,37.172607
1427157858.334,22.474556
1427157858.35,8.878761
1427157858.365,-2.7943935
1427157858.381,-12.541351
1427157858.396,-20.80258
1427157858.412,-28.016005
1427157858.428,-34.262455
1427157858.443,-39.290787
1427157858.459,-42.734695
1427157858.475,-44.471558
1427157858.49,-44.756187
1427157858.506,-44.16938
1427157858.521,-43.35868
1427157858.537,-42.803886
1427157858.553,-42.672012
1427157858.568,-42.84945
1427157858.584,-43.12213
1427157858.6,-43.28559
1427157858.615,-43.213978
1427157858.631,-42.85405
1427157858.646,-42.110786
1427157858.662,-40.86944
1427157858.678,-38.989784
1427157858.693,-36.352646
1427157858.709,-32.919495
1427157858.725,-28.781872
1427157858.74,-24.068125
1427157858.756,-18.953619
1427157858.771,-13.549421
1427157858.787,-7.9166126
1427157858.803,-2.0582294
1427157858.818,4.000229
1427157858.834,10.185877
1427157858.85,16.338566
1427157858.865,22.254988
1427157858.881,27.762798
1427157858.896,32.84703
1427157858.912,37.667213
1427157858.928,42.620895
1427157858.943,48.198154
1427157858.959,54.84429
1427157858.975,62.626713
1427157858.99,71.06911
1427157859.006,78.98749
1427157859.021,84.72927
1427157859.037,86.6085
1427157859.053,83.47908
1427157859.068,75.22187
1427157859.084,62.835182
1427157859.1,48.07338
1427157859.115,32.806183
1427157859.131,18.409575
1427157859.146,5.467617
1427157859.162,-6.107664
1427157859.178,-16.641005
1427157859.193,-26.293467
1427157859.209,-34.849827
1427157859.225,-41.884037
1427157859.24,-47.01191
1427157859.256,-50.199776
1427157859.271,-51.809628
1427157859.287,-52.4628
1427157859.303,-52.77157
1427157859.318,-53.08913
1427157859.334,-53.411266
1427157859.35,-53.503082
1427157859.365,-53.079018
1427157859.381,-52.04471
1427157859.396,-50.561863
1427157859.412,-48.95912
1427157859.428,-47.54306
1427157859.443,-46.379345
1427157859.459,-45.21878
1427157859.475,-43.582474
1427157859.49,-40.979637
1427157859.506,-37.15944
1427157859.521,-32.2202
1427157859.537,-26.57459
1427157859.553,-20.805576
1427157859.568,-15.4396925
1427157859.584,-10.747265
1427157859.6,-6.6866474
1427157859.615,-2.9271474
1427157859.631,0.9897008
1427157859.646,5.469736
1427157859.662,10.654417
1427157859.678,16.384628
1427157859.693,22.260693
1427157859.709,27.824211
1427157859.725,32.755383
1427157859.74,37.041042
1427157859.756,40.95814
1427157859.771,44.990803
1427157859.787,49.67299
1427157859.803,55.459023
1427157859.818,62.61229
1427157859.834,71.03003
1427157859.85,80.090965
1427157859.865,88.60373
1427157859.881,94.87928
1427157859.896,97.17448
1427157859.912,94.220955
1427157859.928,85.736694
1427157859.943,72.55429
1427157859.959,56.403595
1427157859.975,39.26651
1427157859.99,22.804539
1427157860.006,7.9400144
1427157860.021,-5.0815787
1427157860.037,-16.438
1427157860.053,-26.375051
1427157860.068,-34.94488
1427157860.084,-42.043762
1427157860.1,-47.52114
1427157860.115,-51.336555
1427157860.131,-53.67571
1427157860.146,-54.909252
1427157860.162,-55.474407
1427157860.178,-55.73475
1427157860.193,-55.847374
1427157860.209,-55.714596
1427157860.225,-55.137524
1427157860.24,-53.950485
1427157860.256,-52.2107
1427157860.272,-50.195835
1427157860.287,-48.297832
1427157860.303,-46.76805
1427157860.318,-45.5888
1427157860.334,-44.432236
1427157860.35,-42.833828
1427157860.365,-40.408245
1427157860.381,-36.986202
1427157860.397,-32.6634
1427157860.412,-27.70827
1427157860.428,-22.46443
1427157860.443,-17.28946
1427157860.459,-12.47353
1427157860.475,-8.203514
1427157860.49,-4.496289
1427157860.506,-1.1760554
1427157860.522,2.1509042
1427157860.537,5.9165106
1427157860.553,10.440016
1427157860.568,15.750033
1427157860.584,21.562534
1427157860.6,27.348286
1427157860.615,32.624287
1427157860.631,37.124218
1427157860.647,40.948166
1427157860.662,44.499893
1427157860.678,48.34378
1427157860.693,53.022797
1427157860.709,58.887794
1427157860.725,65.94351
1427157860.74,73.752144
1427157860.756,81.32725
1427157860.772,87.25218
1427157860.787,89.95095
1427157860.803,88.16972
1427157860.818,81.406044
1427157860.834,70.18568
1427157860.85,55.887745
1427157860.865,40.317585
1427157860.881,25.075884
1427157860.897,11.1785965
1427157860.912,-1.0440474
1427157860.928,-11.69583
1427157860.943,-20.975662
1427157860.959,-28.926258
1427157860.975,-35.39537
1427157860.99,-40.177727
1427157861.006,-43.228134
1427157861.022,-44.74827
1427157861.037,-45.179447
1427157861.053,-45.025845
1427157861.068,-44.742767
1427157861.084,-44.55085
1427157861.1,-44.487522
1427157861.115,-44.427002
1427157861.131,-44.232555
1427157861.147,-43.850143
1427157861.162,-43.326767
1427157861.178,-42.75389
1427157861.193,-42.11866
1427157861.209,-41.29316
1427157861.225,-40.05114
1427157861.24,-38.184452
1427157861.256,-35.649364
1427157861.272,-32.581238
1427157861.287,-29.244415
1427157861.303,-25.818287
1427157861.318,-22.313478
1427157861.334,-18.51457
1427157861.35,-14.138014
1427157861.365,-8.966193
1427157861.381,-3.056789
1427157861.397,3.2829804
1427157861.412,9.562054
1427157861.428,15.315458
1427157861.443,20.277018
1427157861.459,24.451117
1427157861.475,28.146564
1427157861.49,31.881126
1427157861.506,36.25877
1427157861.522,41.756763
1427157861.537,48.52671
1427157861.553,56.174747
1427157861.568,63.66991
1427157861.584,69.51655
1427157861.6,72.07037
1427157861.615,70.12933
1427157861.631,63.342834
1427157861.647,52.418808
1427157861.662,38.87121
1427157861.678,24.518862
1427157861.693,10.914319
1427157861.709,-1.0361366
1427157861.725,-11.115212
1427157861.74,-19.571144
1427157861.756,-26.707575
1427157861.772,-32.64393
1427157861.787,-37.300198
1427157861.803,-40.49474
1427157861.818,-42.215885
1427157861.834,-42.71422
1427157861.85,-42.49183
1427157861.865,-42.068134
1427157861.881,-41.808342
1427157861.897,-41.777596
1427157861.912,-41.82042
1427157861.928,-41.69993
1427157861.943,-41.28582
1427157861.959,-40.579605
1427157861.975,-39.678375
1427157861.99,-38.63172
1427157862.006,-37.33342
1427157862.022,-35.54019
1427157862.037,-32.979366
1427157862.053,-29.495853
1427157862.068,-25.185804
1427157862.084,-20.33867
1427157862.1,-15.330467
1427157862.115,-10.475262
1427157862.131,-5.8792114
1427157862.147,-1.4175873
1427157862.162,3.1557446
1427157862.178,8.054523
1427157862.193,13.308992
1427157862.209,18.71417
1427157862.225,23.949621
1427157862.24,28.72672
1427157862.256,32.976326
1427157862.272,36.91635
1427157862.287,40.964886
1427157862.303,45.598637
1427157862.318,51.17783
1427157862.334,57.81616
1427157862.35,65.23416
1427157862.365,72.700096
1427157862.381,79.025986
1427157862.397,82.76299
1427157862.412,82.57947
1427157862.428,77.743546
1427157862.443,68.46915
1427157862.459,55.917458
1427157862.475,41.79275
1427157862.49,27.75935
1427157862.506,14.876698
1427157862.522,3.4368744
1427157862.537,-6.8318214
1427157862.553,-16.319092
1427157862.568,-25.140865
1427157862.584,-33.02757
1427157862.6,-39.508053
1427157862.615,-44.20807
1427157862.631,-47.071236
1427157862.647,-48.41765
1427157862.662,-48.813366
1427157862.678,-48.809334
1427157862.693,-48.763184
1427157862.709,-48.761585
1427157862.725,-48.680664
1427157862.74,-48.32419
1427157862.756,-47.60929
1427157862.772,-46.581554
1427157862.787,-45.42455
1427157862.803,-44.325348
1427157862.818,-43.342197
1427157862.834,-42.326797
1427157862.85,-40.960163
1427157862.865,-38.842678
1427157862.881,-35.722332
1427157862.897,-31.58622
1427157862.912,-26.690208
1427157862.928,-21.502468
1427157862.944,-16.483208
1427157862.959,-11.878273
1427157862.975,-7.646408
1427157862.99,-3.5080643
1427157863.006,0.9115677
1427157863.022,5.879036
1427157863.037,11.389748
1427157863.053,17.202415
1427157863.069,22.92474
1427157863.084,28.222935
1427157863.1,32.899563
1427157863.115,36.982067
1427157863.131,40.65396
1427157863.147,44.205124
1427157863.162,47.99327
1427157863.178,52.436134
1427157863.194,57.94094
1427157863.209,64.70828
1427157863.225,72.479324
1427157863.24,80.31496
1427157863.256,86.63
1427157863.272,89.58975
1427157863.287,87.722595
1427157863.303,80.51894
1427157863.319,68.65938
1427157863.334,53.821655
1427157863.35,38.002926
1427157863.365,22.880993
1427157863.381,9.363468
1427157863.397,-2.3805084
1427157863.412,-12.559311
1427157863.428,-21.365955
1427157863.444,-28.774971
1427157863.459,-34.582325
1427157863.475,-38.65047
1427157863.49,-41.117172
1427157863.506,-42.412777
1427157863.522,-43.090115
1427157863.537,-43.627304
1427157863.553,-44.22142
1427157863.569,-44.78947
1427157863.584,-45.090897
1427157863.6,-44.93754
1427157863.615,-44.314827
1427157863.631,-43.474957
1427157863.647,-42.750813
1427157863.662,-42.410736
1427157863.678,-42.426994
1427157863.694,-42.45539
1427157863.709,-41.931923
1427157863.725,-40.32913
1427157863.74,-37.361336
1427157863.756,-33.12613
1427157863.772,-28.062248
1427157863.787,-22.742268
1427157863.803,-17.662933
1427157863.819,-13.09243
1427157863.834,-9.002968
1427157863.85,-5.1206207
1427157863.865,-1.0594597
1427157863.881,3.4861794
1427157863.897,8.634853
1427157863.912,14.206135
1427157863.928,19.82425
1427157863.944,25.046597
1427157863.959,29.571377
1427157863.975,33.360565
1427157863.99,36.671257
1427157864.006,39.97897
1427157864.022,43.839695
1427157864.037,48.69227
1427157864.053,54.690495
1427157864.069,61.4975
1427157864.084,68.208954
1427157864.1,73.394516
1427157864.115,75.47332
1427157864.131,73.1574
1427157864.147,65.998825
1427157864.162,54.58028
1427157864.178,40.36376
1427157864.194,25.155361
1427157864.209,10.530052
1427157864.225,-2.5798683
1427157864.24,-13.906017
1427157864.256,-23.578365
1427157864.272,-31.753372
1427157864.287,-38.419468
1427157864.303,-43.36437
1427157864.319,-46.386127
1427157864.334,-47.491993
1427157864.35,-47.023636
1427157864.365,-45.55536
1427157864.381,-43.77387
1427157864.397,-42.232788
1427157864.412,-41.23405
1427157864.428,-40.769184
1427157864.444,-40.60488
1427157864.459,-40.42685
1427157864.475,-39.98449
1427157864.49,-39.15636
1427157864.506,-37.91211
1427157864.522,-36.266827
1427157864.537,-34.196598
1427157864.553,-31.619057
1427157864.569,-28.484234
1427157864.584,-24.801006
1427157864.6,-20.660603
1427157864.615,-16.20345
1427157864.631,-11.531315
1427157864.647,-6.67173
1427157864.662,-1.6173744
1427157864.678,3.6282578
1427157864.694,9.008762
1427157864.709,14.430546
1427157864.725,19.793228
1427157864.74,25.069988
1427157864.756,30.316494
1427157864.772,35.66147
1427157864.787,41.315876
1427157864.803,47.559723
1427157864.819,54.585136
1427157864.834,62.363605
1427157864.85,70.352036
1427157864.865,77.38298
1427157864.881,81.86081
1427157864.897,82.20203
1427157864.912,77.46471
1427157864.928,67.79935
1427157864.944,54.42744
1427157864.959,39.21083
1427157864.975,23.975872
1427157864.99,9.963993
1427157865.006,-2.3694725
1427157865.022,-13.081947
1427157865.037,-22.401978
1427157865.053,-30.34349
1427157865.069,-36.728844
1427157865.084,-41.32435
1427157865.1,-44.13228
1427157865.115,-45.466564
1427157865.131,-45.873
1427157865.147,-45.88539
1427157865.162,-45.828175
1427157865.178,-45.722263
1427157865.194,-45.405598
1427157865.209,-44.690105
1427157865.225,-43.5533
1427157865.24,-42.180992
1427157865.256,-40.87876
1427157865.272,-39.869923
1427157865.287,-39.16352
1427157865.303,-38.46967
1427157865.319,-37.358166
1427157865.334,-35.394165
1427157865.35,-32.399086
1427157865.365,-28.465057
1427157865.381,-23.959488
1427157865.397,-19.323692
1427157865.412,-14.900795
1427157865.428,-10.789394
1427157865.444,-6.8207664
1427157865.459,-2.6296005
1427157865.475,2.1567802
1427157865.49,7.7567825
1427157865.506,14.090252
1427157865.522,20.80429
1427157865.537,27.350025
1427157865.553,33.215553
1427157865.569,38.092205
1427157865.584,42.0431
1427157865.6,45.489594
1427157865.616,49.109234
1427157865.631,53.61693
1427157865.647,59.524517
1427157865.662,66.834076
1427157865.678,74.884415
1427157865.694,82.327484
1427157865.709,87.3881
1427157865.725,88.31413
1427157865.741,84.02373
1427157865.756,74.468094
1427157865.772,60.743755
1427157865.787,44.709637
1427157865.803,28.391972
1427157865.819,13.306477
1427157865.834,0.16983795
1427157865.85,-11.065151
1427157865.866,-20.817116
1427157865.881,-29.429226
1427157865.897,-36.918472
1427157865.912,-43.015312
1427157865.928,-47.36934
1427157865.944,-49.86132
1427157865.959,-50.72007
1427157865.975,-50.511703
1427157865.991,-49.875767
1427157866.006,-49.34977
1427157866.022,-49.134834
1427157866.037,-49.14048
1427157866.053,-49.053513
1427157866.069,-48.60136
1427157866.084,-47.661827
1427157866.1,-46.354324
1427157866.116,-44.9425
1427157866.131,-43.692978
1427157866.147,-42.65901
1427157866.162,-41.65609
1427157866.178,-40.29831
1427157866.194,-38.18798
1427157866.209,-35.107388
1427157866.225,-31.105518
1427157866.241,-26.5184
1427157866.256,-21.787796
1427157866.272,-17.245312
1427157866.287,-13.016743
1427157866.303,-8.936844
1427157866.319,-4.707323
1427157866.334,8.983612E-4
1427157866.35,5.306526
1427157866.366,11.124674
1427157866.381,17.165741
1427157866.397,23.048508
1427157866.412,28.441654
1427157866.428,33.14965
1427157866.444,37.192802
1427157866.459,40.756012
1427157866.475,44.17228
1427157866.491,47.824123
1427157866.506,52.108013
1427157866.522,57.381493
1427157866.537,63.798294
1427157866.553,71.17559
1427157866.569,78.766716
1427157866.584,85.24021
1427157866.6,88.9151
1427157866.616,88.25731
1427157866.631,82.423004
1427157866.647,71.6532
1427157866.662,57.198257
1427157866.678,40.924538
1427157866.694,24.676672
1427157866.709,9.802767
1427157866.725,-3.057598
1427157866.741,-13.827078
1427157866.756,-22.693981
1427157866.772,-29.821066
1427157866.787,-35.265076
1427157866.803,-39.042725
1427157866.819,-41.238132
1427157866.834,-42.094795
1427157866.85,-41.985573
1427157866.866,-41.337517
1427157866.881,-40.550026
1427157866.897,-39.889854
1427157866.912,-39.51265
1427157866.928,-39.473457
1427157866.944,-39.743088
1427157866.959,-40.24675
1427157866.975,-40.879383
1427157866.991,-41.45125
1427157867.006,-41.687325
1427157867.022,-41.27924
1427157867.037,-39.962624
1427157867.053,-37.646126
1427157867.069,-34.459
1427157867.084,-30.737217
1427157867.1,-26.85724
1427157867.116,-23.077877
1427157867.131,-19.426086
1427157867.147,-15.704821
1427157867.162,-11.602114
1427157867.178,-6.889468
1427157867.194,-1.5698198
1427157867.209,4.1532464
1427157867.225,9.915277
1427157867.241,15.35676
1427157867.256,20.242996
1427157867.272,24.57186
1427157867.287,28.581167
1427157867.303,32.742085
1427157867.319,37.67282
1427157867.334,43.882835
1427157867.35,51.49376
1427157867.366,59.982426
1427157867.381,68.05284
1427157867.397,73.87819
1427157867.412,75.62594
1427157867.428,72.122894
1427157867.444,63.3033
1427157867.459,50.306572
1427157867.475,35.009617
1427157867.491,19.387697
1427157867.506,4.9351406
1427157867.522,-7.6469526
1427157867.537,-18.3127
1427157867.553,-27.31837
1427157867.569,-34.860306
1427157867.584,-40.899647
1427157867.6,-45.26642
1427157867.616,-47.803356
1427157867.631,-48.6222
1427157867.647,-48.052746
1427157867.662,-46.633385
1427157867.678,-44.879925
1427157867.694,-43.18806
1427157867.709,-41.74883
1427157867.725,-40.5874
1427157867.741,-39.599434
1427157867.756,-38.655155
1427157867.772,-37.613495
1427157867.787,-36.362984
1427157867.803,-34.80249
1427157867.819,-32.85382
1427157867.834,-30.474628
1427157867.85,-27.684858
1427157867.866,-24.507813
1427157867.881,-20.962452
1427157867.897,-16.974602
1427157867.912,-12.441446
1427157867.928,-7.267707
1427157867.944,-1.4687366
1427157867.959,4.780039
1427157867.975,11.158335
1427157867.991,17.307323
1427157868.006,22.953747
1427157868.022,28.016937
1427157868.037,32.634304
1427157868.053,37.108948
1427157868.069,41.820335
1427157868.084,47.16856
1427157868.1,53.480827
1427157868.116,60.854725
1427157868.131,68.970535
1427157868.147,76.9276
1427157868.162,83.258224
1427157868.178,86.27557
1427157868.194,84.58404
1427157868.209,77.63675
1427157868.225,65.9802
1427157868.241,51.07071
1427157868.256,34.781616
1427157868.272,18.834118
1427157868.288,4.345337
1427157868.303,-8.244534
1427157868.319,-18.958975
1427157868.334,-27.990725
1427157868.35,-35.48936
1427157868.366,-41.464844
1427157868.381,-45.923103
1427157868.397,-48.933712
1427157868.412,-50.716316
1427157868.428,-51.6026
1427157868.444,-51.912918
1427157868.459,-51.876186
1427157868.475,-51.572243
1427157868.491,-50.972443
1427157868.506,-50.034634
1427157868.522,-48.819298
1427157868.538,-47.50869
1427157868.553,-46.298485
1427157868.569,-45.311295
1427157868.584,-44.423233
1427157868.6,-43.317516
1427157868.616,-41.535114
1427157868.631,-38.703102
1427157868.647,-34.698822
1427157868.663,-29.727995
1427157868.678,-24.253685
1427157868.694,-18.825518
1427157868.709,-13.865271
1427157868.725,-9.479767
1427157868.741,-5.4299316
1427157868.756,-1.2850933
1427157868.772,3.406311
1427157868.788,8.850458
1427157868.803,14.920757
1427157868.819,21.199274
1427157868.834,27.216118
1427157868.85,32.629055
1427157868.866,37.41928
1427157868.881,41.874245
1427157868.897,46.52057
1427157868.913,51.914276
1427157868.928,58.49563
1427157868.944,66.36223
1427157868.959,75.079414
1427157868.975,83.535736
1427157868.991,90.08501
1427157869.006,92.92368
1427157869.022,90.67349
1427157869.038,82.880005
1427157869.053,70.25209
1427157869.069,54.419846
1427157869.084,37.415615
1427157869.1,21.046501
1427157869.116,6.4212837
1427157869.131,-6.093029
1427157869.147,-16.688332
1427157869.163,-25.790241
1427157869.178,-33.762154
1427157869.194,-40.78651
1427157869.209,-46.86139
1427157869.225,-51.91117
1427157869.241,-55.854618
1427157869.256,-58.64685
1427157869.272,-60.30217
1427157869.288,-60.8899
1427157869.303,-60.480938
1427157869.319,-59.24094
1427157869.334,-57.348232
1427157869.35,-55.12138
1427157869.366,-52.918327
1427157869.381,-51.048283
1427157869.397,-49.641182
1427157869.413,-48.572033
1427157869.428,-47.460915
1427157869.444,-45.809013
1427157869.459,-43.236355
1427157869.475,-39.623756
1427157869.491,-35.21379
1427157869.506,-30.528008
1427157869.522,-26.109913
1427157869.538,-22.276875
1427157869.553,-18.897228
1427157869.569,-15.39938
1427157869.584,-10.958847
1427157869.6,-4.949085
1427157869.616,2.7693977
1427157869.631,11.635269
1427157869.647,20.537292
1427157869.663,28.212402
1427157869.678,33.697147
1427157869.694,36.6551
1427157869.709,37.500546
1427157869.725,37.26007
1427157869.741,37.254875
1427157869.756,38.717815
1427157869.772,42.360992
1427157869.788,48.04892
1427157869.803,54.730816
1427157869.819,60.622643
1427157869.834,63.8068
1427157869.85,62.850636
1427157869.866,57.388153
1427157869.881,48.14674
1427157869.897,36.67784
1427157869.913,24.717417
1427157869.928,13.610008
1427157869.944,4.086153
1427157869.959,-3.7090015
1427157869.975,-9.908638
1427157869.991,-14.642445
1427157870.006,-17.924303
1427157870.022,-19.710669
1427157870.038,-20.082836
1427157870.053,-19.323324
1427157870.069,-17.949919
1427157870.084,-16.531109
1427157870.1,-15.533541
1427157870.116,-15.112061
1427157870.131,-15.12627
1427157870.147,-15.208487
1427157870.163,-15.002333
1427157870.178,-14.367359
1427157870.194,-13.410891
1427157870.209,-12.452436
1427157870.225,-11.780237
1427157870.241,-11.469696
1427157870.256,-11.275707
1427157870.272,-10.720068
1427157870.288,-9.295477
1427157870.303,-6.692339
1427157870.319,-2.976593
1427157870.334,1.4797115
1427157870.35,6.0763664
1427157870.366,10.272388
1427157870.381,13.733536
1427157870.397,16.486656
1427157870.413,18.842312
1427157870.428,21.323597
1427157870.444,24.465725
1427157870.459,28.691238
1427157870.475,34.252583
1427157870.491,41.154915
1427157870.506,49.019676
1427157870.522,56.984264
1427157870.538,63.687794
1427157870.553,67.47008
1427157870.569,66.86183
1427157870.584,61.13125
1427157870.6,50.594013
1427157870.616,36.6565
1427157870.631,21.251995
1427157870.647,6.238495
1427157870.663,-7.1698
1427157870.678,-18.548492
1427157870.694,-28.066742
1427157870.709,-36.02665
1427157870.725,-42.58382
1427157870.741,-47.66083
1427157870.756,-51.096592
1427157870.772,-52.867573
1427157870.788,-53.22162
1427157870.803,-52.58515
1427157870.819,-51.450813
1427157870.834,-50.19116
1427157870.85,-48.965374
1427157870.866,-47.717808
1427157870.881,-46.25079
1427157870.897,-44.337067
1427157870.913,-41.850285
1427157870.928,-38.871376
1427157870.944,-35.678337
1427157870.96,-32.643166
1427157870.975,-30.040138
1427157870.991,-27.850334
1427157871.006,-25.714943
1427157871.022,-23.039173
1427157871.038,-19.254932
1427157871.053,-14.091595
1427157871.069,-7.725624
1427157871.084,-0.6720352
1427157871.1,6.3905945
1427157871.116,12.952866
1427157871.131,18.829544
1427157871.147,24.167946
1427157871.163,29.304543
1427157871.178,34.580673
1427157871.194,40.275078
1427157871.21,46.60431
1427157871.225,53.75305
1427157871.241,61.72973
1427157871.256,70.11979
1427157871.272,77.87348
1427157871.288,83.33462
1427157871.303,84.70369
1427157871.319,80.66876
1427157871.335,71.047585
1427157871.35,56.901665
1427157871.366,40.208817
1427157871.381,23.092209
1427157871.397,7.14579
1427157871.413,-6.887329
1427157871.428,-18.965157
1427157871.444,-29.306862
1427157871.46,-38.01877
1427157871.475,-44.95558
1427157871.491,-49.886208
1427157871.506,-52.764984
1427157871.522,-53.85901
1427157871.538,-53.69639
1427157871.553,-52.872787
1427157871.569,-51.848946
1427157871.585,-50.82467
1427157871.6,-49.8089
1427157871.616,-48.71631
1427157871.631,-47.487503
1427157871.647,-46.17491
1427157871.663,-44.920097
1427157871.678,-43.851646
1427157871.694,-42.99356
1427157871.71,-42.162605
1427157871.725,-41.027115
1427157871.741,-39.19806
1427157871.756,-36.41603
1427157871.772,-32.7007
1427157871.788,-28.362442
1427157871.803,-23.83294
1427157871.819,-19.462822
1427157871.835,-15.303246
1427157871.85,-11.089928
1427157871.866,-6.3885727
1427157871.881,-0.8889618
1427157871.897,5.3898773
1427157871.913,12.0392
1427157871.928,18.465118
1427157871.944,24.162964
1427157871.96,28.977982
1427157871.975,33.14837
1427157871.991,37.229256
1427157872.006,41.885483
1427157872.022,47.7258
1427157872.038,55.094322
1427157872.053,63.910248
1427157872.069,73.48346
1427157872.085,82.46079
1427157872.1,88.988434
1427157872.116,91.18533
1427157872.131,87.731964
1427157872.147,78.425896
1427157872.163,64.33174
1427157872.178,47.46349
1427157872.194,30.093422
1427157872.21,14.066078
1427157872.225,0.3347473
1427157872.241,-11.025558
1427157872.256,-20.44833
1427157872.272,-28.384079
1427157872.288,-35.02598
1427157872.303,-40.238297
1427157872.319,-43.814644
1427157872.335,-45.710705
1427157872.35,-46.20991
1427157872.366,-45.841255
1427157872.381,-45.17125
1427157872.397,-44.58251
1427157872.413,-44.139877
1427157872.428,-43.674583
1427157872.444,-42.907448
1427157872.46,-41.669167
1427157872.475,-39.976467
1427157872.491,-37.99684
1427157872.506,-35.945015
1427157872.522,-33.929
1427157872.538,-31.870953
1427157872.553,-29.46841
1427157872.569,-26.295803
1427157872.585,-21.94374
1427157872.6,-16.240204
1427157872.616,-9.349117
1427157872.631,-1.8047523
1427157872.647,5.6205254
1427157872.663,12.212509
1427157872.678,17.574013
1427157872.694,21.759663
1427157872.71,25.241646
1427157872.725,28.70248
1427157872.741,32.777912
1427157872.756,37.94405
1427157872.772,44.43615
1427157872.788,52.16382
1427157872.803,60.633812
1427157872.819,68.860954
1427157872.835,75.412544
1427157872.85,78.67271
1427157872.866,77.345634
1427157872.881,70.9275
1427157872.897,59.959145
1427157872.913,45.889587
1427157872.928,30.56781
1427157872.944,15.654877
1427157872.96,2.1664276
1427157872.975,-9.588463
1427157872.991,-19.805794
1427157873.006,-28.742111
1427157873.022,-36.447697
1427157873.038,-42.70152
1427157873.053,-47.168594
1427157873.069,-49.676292
1427157873.085,-50.392517
1427157873.1,-49.853592
1427157873.116,-48.78266
1427157873.131,-47.79132
1427157873.147,-47.184845
1427157873.163,-46.88183
1427157873.178,-46.51745
1427157873.194,-45.716286
1427157873.21,-44.28546
1427157873.225,-42.331383
1427157873.241,-40.149918
1427157873.256,-38.02552
1427157873.272,-36.04389
1427157873.288,-33.969448
1427157873.303,-31.324375
1427157873.319,-27.589485
1427157873.335,-22.415379
1427157873.35,-15.822193
1427157873.366,-8.219055
1427157873.381,-0.30870438
1427157873.397,7.207512
1427157873.413,13.8209305
1427157873.428,19.47229
1427157873.444,24.470364
1427157873.46,29.397022
1427157873.475,34.86092
1427157873.491,41.310654
1427157873.506,48.93575
1427157873.522,57.580692
1427157873.538,66.682014
1427157873.553,75.187805
1427157873.569,81.65524
1427157873.585,84.4948
1427157873.6,82.430725
1427157873.616,74.9888
1427157873.631,62.74156
1427157873.647,47.171413
1427157873.663,30.182365
1427157873.678,13.536678
1427157873.694,-1.6039772
1427157873.71,-14.746365
1427157873.725,-25.880325
1427157873.741,-35.171757
1427157873.756,-42.7332
1427157873.772,-48.59366
1427157873.788,-52.80387
1427157873.803,-55.542046
1427157873.819,-57.149536
1427157873.835,-58.058273
1427157873.85,-58.63261
1427157873.866,-59.040955
1427157873.882,-59.19997
1427157873.897,-58.846245
1427157873.913,-57.732697
1427157873.928,-55.81037
1427157873.944,-53.319237
1427157873.96,-50.676533
1427157873.975,-48.314
1427157873.991,-46.38176
1427157874.007,-44.661564
1427157874.022,-42.6326
1427157874.038,-39.730556
1427157874.053,-35.622715
1427157874.069,-30.395382
1427157874.085,-24.493984
1427157874.1,-18.545515
1427157874.116,-13.056658
1427157874.132,-8.206001
1427157874.147,-3.7773209
1427157874.163,0.66714096
1427157874.178,5.5692806
1427157874.194,11.087887
1427157874.21,17.069252
1427157874.225,23.045834
1427157874.241,28.514671
1427157874.257,33.18225
1427157874.272,37.084778
1427157874.288,40.526134
1427157874.303,43.9574
1427157874.319,47.801624
1427157874.335,52.391666
1427157874.35,57.99238
1427157874.366,64.73279
1427157874.382,72.44537
1427157874.397,80.451706
1427157874.413,87.398094
1427157874.428,91.50065
1427157874.444,91.06514
1427157874.46,85.139534
1427157874.475,73.947174
1427157874.491,58.845665
1427157874.507,41.85083
1427157874.522,24.874638
1427157874.538,9.205703
1427157874.553,-4.6482162
1427157874.569,-16.765278
1427157874.585,-27.381561
1427157874.6,-36.563923
1427157874.616,-44.09474
1427157874.632,-49.64511
1427157874.647,-53.013947
1427157874.663,-54.388412
1427157874.678,-54.322014
1427157874.694,-53.616554
1427157874.71,-53.054203
1427157874.725,-53.105385
1427157874.741,-53.808865
1427157874.757,-54.84796
1427157874.772,-55.763107
1427157874.788,-56.2154
1427157874.803,-56.086086
1427157874.819,-55.41475
1427157874.835,-54.238235
1427157874.85,-52.45358
1427157874.866,-49.821293
1427157874.882,-46.157803
1427157874.897,-41.49603
1427157874.913,-36.161865
1427157874.928,-30.664795
1427157874.944,-25.463322
1427157874.96,-20.769848
1427157874.975,-16.44722
1427157874.991,-12.0980835
1427157875.007,-7.247795
1427157875.022,-1.5746155
1427157875.038,4.8978424
1427157875.053,11.79195
1427157875.069,18.527725
1427157875.085,24.545925
1427157875.1,29.573715
1427157875.116,33.751602
1427157875.132,37.570396
1427157875.147,41.679718
1427157875.163,46.672264
1427157875.178,52.89451
1427157875.194,60.38552
1427157875.21,68.71271
1427157875.225,76.91475
1427157875.241,83.53848
1427157875.257,86.87604
1427157875.272,85.46552
1427157875.288,78.64571
1427157875.303,66.911194
1427157875.319,51.85814
1427157875.335,35.66147
1427157875.35,20.328651
1427157875.366,7.1196976
1427157875.382,-3.6510086
1427157875.397,-12.329597
1427157875.413,-19.40097
1427157875.428,-25.075531
1427157875.444,-29.167313
1427157875.46,-31.353523
1427157875.475,-31.543022
1427157875.491,-30.097946
1427157875.507,-27.822037
1427157875.522,-25.672142
1427157875.538,-24.366104
1427157875.553,-24.104988
1427157875.569,-24.496628
1427157875.585,-24.832245
1427157875.6,-24.4925
1427157875.616,-23.262436
1427157875.632,-21.471
1427157875.647,-19.742966
1427157875.663,-18.611938
1427157875.678,-18.164276
1427157875.694,-17.929268
1427157875.71,-17.058716
1427157875.725,-14.756424
1427157875.741,-10.625923
1427157875.757,-4.891075
1427157875.772,1.7462997
1427157875.788,8.406662
1427157875.803,14.408524
1427157875.819,19.508469
1427157875.835,23.90374
1427157875.85,28.03592
1427157875.866,32.394608
1427157875.882,37.34549
1427157875.897,43.108414
1427157875.913,49.694374
1427157875.928,56.797325
1427157875.944,63.726784
1427157875.96,69.38166
1427157875.975,72.39068
1427157875.991,71.51972
1427157876.007,66.136055
1427157876.022,56.49244
1427157876.038,43.726295
1427157876.053,29.47699
1427157876.069,15.303627
1427157876.085,2.2842484
1427157876.1,-9.141754
1427157876.116,-18.943054
1427157876.132,-27.23262
1427157876.147,-33.971046
1427157876.163,-38.978386
1427157876.178,-42.079422
1427157876.194,-43.353928
1427157876.21,-43.19886
1427157876.225,-42.24305
1427157876.241,-41.128708
1427157876.257,-40.26509
1427157876.272,-39.69751
1427157876.288,-39.169235
1427157876.303,-38.322754
1427157876.319,-36.93573
1427157876.335,-35.034286
1427157876.35,-32.911835
1427157876.366,-30.948647
1427157876.382,-29.399872
1427157876.397,-28.229042
1427157876.413,-27.080673
1427157876.428,-25.393639
1427157876.444,-22.676704
1427157876.46,-18.69947
1427157876.475,-13.613113
1427157876.491,-7.84552
1427157876.507,-1.8893509
1427157876.522,3.8872757
1427157876.538,9.375366
1427157876.554,14.679558
1427157876.569,19.99855
1427157876.585,25.509857
1427157876.6,31.353607
1427157876.616,37.682266
1427157876.632,44.609406
1427157876.647,52.087273
1427157876.663,59.682457
1427157876.679,66.43264
1427157876.694,70.95517
1427157876.71,71.84514
1427157876.725,68.15495
1427157876.741,59.81694
1427157876.757,47.725372
1427157876.772,33.4505
1427157876.788,18.710373
1427157876.804,4.92276
1427157876.819,-7.088669
1427157876.835,-17.088852
1427157876.85,-25.1781
1427157876.866,-31.560455
1427157876.882,-36.324768
1427157876.897,-39.447357
1427157876.913,-40.916687
1427157876.929,-40.90808
1427157876.944,-39.85266
1427157876.96,-38.37599
1427157876.975,-37.12529
1427157876.991,-36.52101
1427157877.007,-36.623398
1427157877.022,-37.152893
1427157877.038,-37.642914
1427157877.054,-37.645706
1427157877.069,-36.9187
1427157877.085,-35.42636
1427157877.1,-33.315353
1427157877.116,-30.799637
1427157877.132,-28.040665
1427157877.147,-25.14067
1427157877.163,-22.119736
1427157877.179,-18.933075
1427157877.194,-15.516724
1427157877.21,-11.769653
1427157877.225,-7.5912323
1427157877.241,-2.9241486
1427157877.257,2.2394104
1427157877.272,7.82518
1427157877.288,13.662247
1427157877.304,19.49791
1427157877.319,25.043472
1427157877.335,30.063522
1427157877.35,34.460693
1427157877.366,38.387283
1427157877.382,42.22609
1427157877.397,46.51422
1427157877.413,51.67386
1427157877.429,57.686737
1427157877.444,63.873215
1427157877.46,68.908264
1427157877.475,71.166626
1427157877.491,69.26703
1427157877.507,62.669174
1427157877.522,51.88269
1427157877.538,38.31714
1427157877.554,23.78386
1427157877.569,9.840073
1427157877.585,-2.557785
1427157877.6,-13.110626
1427157877.616,-21.873856
1427157877.632,-28.929062
1427157877.647,-34.17952
1427157877.663,-37.463104
1427157877.679,-38.726242
1427157877.694,-38.236893
1427157877.71,-36.58014
1427157877.725,-34.46469
1427157877.741,-32.463013
1427157877.757,-30.841034
1427157877.772,-29.545609
1427157877.788,-28.358582
1427157877.804,-27.055374
1427157877.819,-25.560684
1427157877.835,-23.967438
1427157877.85,-22.484787
1427157877.866,-21.305252
1427157877.882,-20.526169
1427157877.897,-20.09523
1427157877.913,-19.814178
1427157877.929,-19.325363
1427157877.944,-18.26184
1427157877.96,-16.287048
1427157877.975,-13.241653
1427157877.991,-9.202393
1427157878.007,-4.4583893
1427157878.022,0.58639526
1427157878.038,5.536667
1427157878.054,10.183807
1427157878.069,14.530945
1427157878.085,18.743195
1427157878.1,23.076157
1427157878.116,27.773438
1427157878.132,32.99193
1427157878.147,38.845016
1427157878.163,45.322144
1427157878.179,52.17729
1427157878.194,58.801544
1427157878.21,64.20918
1427157878.225,67.148605
1427157878.241,66.4852
1427157878.257,61.61302
1427157878.272,52.70729
1427157878.288,40.711395
1427157878.304,27.06514
1427157878.319,13.205704
1427157878.335,0.30091858
1427157878.35,-10.956314
1427157878.366,-20.19841
1427157878.382,-27.261246
1427157878.397,-32.04326
1427157878.413,-34.610413
1427157878.429,-35.208878
1427157878.444,-34.33641
1427157878.46,-32.657272
1427157878.475,-30.819336
1427157878.491,-29.272491
1427157878.507,-28.202362
1427157878.522,-27.54158
1427157878.538,-27.070572
1427157878.554,-26.526367
1427157878.569,-25.661606
1427157878.585,-24.383438
1427157878.6,-22.769928
1427157878.616,-21.069519
1427157878.632,-19.575745
1427157878.647,-18.44336
1427157878.663,-17.536804
1427157878.679,-16.399261
1427157878.694,-14.46727
1427157878.71,-11.327255
1427157878.725,-6.9517517
1427157878.741,-1.7092285
1427157878.757,3.857788
1427157878.772,9.315903
1427157878.788,14.477814
1427157878.804,19.423447
1427157878.819,24.369843
1427157878.835,29.532501
1427157878.85,35.09819
1427157878.866,41.24089
1427157878.882,48.000626
1427157878.897,55.14119
1427157878.913,61.911713
1427157878.929,67.05127
1427157878.944,69.09805
1427157878.96,66.921936
1427157878.975,60.16823
1427157878.991,49.452255
1427157879.007,36.118332
1427157879.022,21.76892
1427157879.038,7.7789154
1427157879.054,-4.981079
1427157879.069,-16.102753
1427157879.085,-25.416855
1427157879.1,-32.854782
1427157879.116,-38.333313
1427157879.132,-41.80632
1427157879.147,-43.382797
1427157879.163,-43.37088
1427157879.179,-42.245003
1427157879.194,-40.55815
1427157879.21,-38.78585
1427157879.226,-37.261024
1427157879.241,-36.090034
1427157879.257,-35.16787
1427157879.272,-34.28836
1427157879.288,-33.25058
1427157879.304,-31.932503
1427157879.319,-30.30397
1427157879.335,-28.408974
1427157879.35,-26.306221
1427157879.366,-24.013985
1427157879.382,-21.537315
1427157879.397,-18.843163
1427157879.413,-15.898056
1427157879.429,-12.668686
1427157879.444,-9.1147
1427157879.46,-5.2085648
1427157879.476,-0.97787476
1427157879.491,3.513832
1427157879.507,8.160774
1427157879.522,12.8387985
1427157879.538,17.477531
1427157879.554,22.043137
1427157879.569,26.562431
1427157879.585,31.133575
1427157879.601,35.91774
1427157879.616,41.198875
1427157879.632,47.264954
1427157879.647,54.258095
1427157879.663,61.907166
1427157879.679,69.36004
1427157879.694,75.22102
1427157879.71,77.85946
1427157879.726,75.92513
1427157879.741,68.848465
1427157879.757,57.11712
1427157879.772,42.13907
1427157879.788,25.799065
1427157879.804,9.908058
1427157879.819,-4.300804
1427157879.835,-16.241928
1427157879.851,-25.88887
1427157879.866,-33.433067
1427157879.882,-39.08322
1427157879.897,-42.962364
1427157879.913,-45.205032
1427157879.929,-46.037575
1427157879.944,-45.839516
1427157879.96,-45.06025
1427157879.976,-44.121674
1427157879.991,-43.284233
1427157880.007,-42.6101
1427157880.022,-42.01162
1427157880.038,-41.364166
1427157880.054,-40.6335
1427157880.069,-39.896645
1427157880.085,-39.30417
1427157880.101,-38.970695
1427157880.116,-38.838196
1427157880.132,-38.61914
1427157880.147,-37.854576
1427157880.163,-36.100555
1427157880.179,-33.080116
1427157880.194,-28.872307
1427157880.21,-23.82595
1427157880.226,-18.48896
1427157880.241,-13.345558
1427157880.257,-8.651566
1427157880.272,-4.344681
1427157880.288,-0.144104
1427157880.304,4.3261337
1427157880.319,9.3089905
1427157880.335,14.834785
1427157880.351,20.649193
1427157880.366,26.329376
1427157880.382,31.45411
1427157880.397,35.801056
1427157880.413,39.450394
1427157880.429,42.823288
1427157880.444,46.55349
1427157880.46,51.26442
1427157880.476,57.31205
1427157880.491,64.4989
1427157880.507,71.97673
1427157880.522,78.260666
1427157880.538,81.62295
1427157880.554,80.5817
1427157880.569,74.37939
1427157880.585,63.30636
1427157880.601,48.60283
1427157880.616,32.135307
1427157880.632,15.807892
1427157880.647,1.1275787
1427157880.663,-11.108162
1427157880.679,-20.748001
1427157880.694,-28.087723
1427157880.71,-33.514862
1427157880.726,-37.30407
1427157880.741,-39.58188
1427157880.757,-40.416992
1427157880.772,-39.979225
1427157880.788,-38.603893
1427157880.804,-36.778946
1427157880.819,-34.99849
1427157880.835,-33.581734
1427157880.851,-32.591335
1427157880.866,-31.890095
1427157880.882,-31.240475
1427157880.897,-30.496868
1427157880.913,-29.650917
1427157880.929,-28.799828
1427157880.944,-28.046482
1427157880.96,-27.3872
1427157880.976,-26.678524
1427157880.991,-25.655045
1427157881.007,-23.986687
1427157881.022,-21.382618
1427157881.038,-17.676754
1427157881.054,-12.913025
1427157881.069,-7.372032
1427157881.085,-1.513771
1427157881.101,4.1025543
1427157881.116,9.039337
1427157881.132,13.12405
1427157881.147,16.507977
1427157881.163,19.601322
1427157881.179,22.921738
1427157881.194,26.963928
1427157881.21,32.071777
1427157881.226,38.38868
1427157881.241,45.757244
1427157881.257,53.602722
1427157881.272,60.843117
1427157881.288,65.97681
1427157881.304,67.44874
1427157881.319,64.138794
1427157881.335,55.833244
1427157881.351,43.39676
1427157881.366,28.528637
1427157881.382,13.203497
1427157881.397,-0.91700745
1427157881.413,-12.91222
1427157881.429,-22.579878
1427157881.444,-30.186893
1427157881.46,-36.046204
1427157881.476,-40.31357
1427157881.491,-42.96039
1427157881.507,-43.958725
1427157881.522,-43.43858
1427157881.538,-41.7818
1427157881.554,-39.565186
1427157881.569,-37.383236
1427157881.585,-35.6386
1427157881.601,-34.442257
1427157881.616,-33.592968
1427157881.632,-32.736286
1427157881.647,-31.533125
1427157881.663,-29.859825
1427157881.679,-27.835213
1427157881.694,-25.781034
1427157881.71,-23.986057
1427157881.726,-22.541119
1427157881.741,-21.214466
1427157881.757,-19.476004
1427157881.772,-16.730955
1427157881.788,-12.611473
1427157881.804,-7.167652
1427157881.819,-0.8920136
1427157881.835,5.4730587
1427157881.851,11.251232
1427157881.866,16.145283
1427157881.882,20.296083
1427157881.898,24.225681
1427157881.913,28.555626
1427157881.929,33.779976
1427157881.944,40.150112
1427157881.96,47.665325
1427157881.976,56.089996
1427157881.991,64.891945
1427157882.007,73.12782
1427157882.022,79.44397
1427157882.038,82.273415
1427157882.054,80.32202
1427157882.069,73.04547
1427157882.085,61.013058
1427157882.101,45.712616
1427157882.116,29.148653
1427157882.132,13.162825
1427157882.148,-1.0035706
1427157882.163,-12.898451
1427157882.179,-22.601585
1427157882.194,-30.44383
1427157882.21,-36.682243
1427157882.226,-41.426846
1427157882.241,-44.671837
1427157882.257,-46.460167
1427157882.273,-46.982384
1427157882.288,-46.58572
1427157882.304,-45.70855
1427157882.319,-44.770565
1427157882.335,-44.066605
1427157882.351,-43.68651
1427157882.366,-43.541336
1427157882.382,-43.442936
1427157882.398,-43.171444
1427157882.413,-42.580303
1427157882.429,-41.587456
1427157882.444,-40.158073
1427157882.46,-38.26897
1427157882.476,-35.916965
1427157882.491,-33.107
1427157882.507,-29.889912
1427157882.523,-26.275822
1427157882.538,-22.265182
1427157882.554,-17.763496
1427157882.569,-12.617115
1427157882.585,-6.7292633
1427157882.601,-0.17673111
1427157882.616,6.782261
1427157882.632,13.718662
1427157882.648,20.218021
1427157882.663,26.027729
1427157882.679,31.208115
1427157882.694,36.087006
1427157882.71,41.197964
1427157882.726,47.084656
1427157882.741,54.139164
1427157882.757,62.385677
1427157882.773,71.33528
1427157882.788,79.85124
1427157882.804,86.266785
1427157882.819,88.72166
1427157882.835,85.748985
1427157882.851,76.8732
1427157882.866,62.914017
1427157882.882,45.79126
1427157882.898,27.92569
1427157882.913,11.388115
1427157882.929,-2.689682
1427157882.944,-14.221527
1427157882.96,-23.757042
1427157882.976,-31.915329
1427157882.991,-38.934555
1427157883.007,-44.603615
1427157883.023,-48.558517
1427157883.038,-50.64617
1427157883.054,-51.130753
1427157883.069,-50.59719
1427157883.085,-49.691643
1427157883.101,-48.879242
1427157883.116,-48.26735
1427157883.132,-47.72769
1427157883.148,-47.06488
1427157883.163,-46.21447
1427157883.179,-45.271812
1427157883.194,-44.46216
1427157883.21,-43.95172
1427157883.226,-43.747643
1427157883.241,-43.612152
1427157883.257,-43.124825
1427157883.273,-41.806328
1427157883.288,-39.304283
1427157883.304,-35.546326
1427157883.319,-30.78444
1427157883.335,-25.553703
1427157883.351,-20.43335
1427157883.366,-15.822205
1427157883.382,-11.740929
1427157883.398,-7.8330307
1427157883.413,-3.5223541
1427157883.429,1.704689
1427157883.444,8.034645
1427157883.46,15.227676
1427157883.476,22.682922
1427157883.491,29.673096
1427157883.507,35.639755
1427157883.523,40.408913
1427157883.538,44.21209
1427157883.554,47.6323
1427157883.569,51.407845
1427157883.585,56.238
1427157883.601,62.543457
1427157883.616,70.24794
1427157883.632,78.570786
1427157883.648,86.077934
1427157883.663,90.8763
1427157883.679,91.13178
1427157883.694,85.717
1427157883.71,74.62511
1427157883.726,59.053047
1427157883.741,41.043045
1427157883.757,22.809303
1427157883.773,6.116188
1427157883.788,-8.064171
1427157883.804,-19.525833
1427157883.819,-28.501823
1427157883.835,-35.266075
1427157883.851,-39.97364
1427157883.866,-42.677895
1427157883.882,-43.532104
1427157883.898,-42.904503
1427157883.913,-41.44938
1427157883.929,-39.87529
1427157883.944,-38.765312
1427157883.96,-38.41317
1427157883.976,-38.763527
1427157883.991,-39.532578
1427157884.007,-40.36634
1427157884.023,-40.958466
1427157884.038,-41.148407
1427157884.054,-40.900146
1427157884.069,-40.221214
1427157884.085,-39.156303
1427157884.101,-37.731796
1427157884.116,-35.928078
1427157884.132,-33.746216
1427157884.148,-31.11538
1427157884.163,-27.945862
1427157884.179,-24.136475
1427157884.194,-19.643875
1427157884.21,-14.5076065
1427157884.226,-8.903023
1427157884.241,-3.0799713
1427157884.257,2.69738
1427157884.273,8.227409
1427157884.288,13.420036
1427157884.304,18.302948
1427157884.319,23.005005
1427157884.335,27.7669
1427157884.351,32.934547
1427157884.366,38.929626
1427157884.382,46.078545
1427157884.398,54.346382
1427157884.413,63.009033
1427157884.429,70.58858
1427157884.444,75.10826
1427157884.46,74.73546
1427157884.476,68.46524
1427157884.491,56.594643
1427157884.507,40.661972
1427157884.523,22.952423
1427157884.538,5.704956
1427157884.554,-9.476669
1427157884.569,-21.88147
1427157884.585,-31.501862
1427157884.601,-38.681084
1427157884.616,-43.76545
1427157884.632,-47.008766
1427157884.648,-48.63434
1427157884.663,-48.97142
1427157884.679,-48.44818
1427157884.694,-47.569397
1427157884.71,-46.706833
1427157884.726,-46.064682
1427157884.741,-45.63716
1427157884.757,-45.27487
1427157884.773,-44.78412
1427157884.788,-44.01793
1427157884.804,-42.93731
1427157884.82,-41.585068
1427157884.835,-40.008347
1427157884.851,-38.21634
1427157884.866,-36.091675
1427157884.882,-33.492424
1427157884.898,-30.285675
1427157884.913,-26.461166
1427157884.929,-22.097435
1427157884.945,-17.35498
1427157884.96,-12.325127
1427157884.976,-7.0381317
1427157884.991,-1.4386902
1427157885.007,4.485718
1427157885.023,10.649673
1427157885.038,16.843307
1427157885.054,22.82705
1427157885.07,28.414154
1427157885.085,33.57395
1427157885.101,38.413795
1427157885.116,43.17665
1427157885.132,48.19758
1427157885.148,53.919754
1427157885.163,60.71588
1427157885.179,68.72014
1427157885.195,77.456985
1427157885.21,85.68369
1427157885.226,91.50055
1427157885.241,92.8796
1427157885.257,88.382996
1427157885.273,77.802315
1427157885.288,62.30349
1427157885.304,44.030853
1427157885.32,25.351517
1427157885.335,8.121651
1427157885.351,-6.746689
1427157885.366,-19.165375
1427157885.382,-29.466034
1427157885.398,-37.971657
1427157885.413,-44.749283
1427157885.429,-49.67176
1427157885.445,-52.691467
1427157885.46,-54.01828
1427157885.476,-54.170372
1427157885.491,-53.7976
1427157885.507,-53.46044
1427157885.523,-53.444115
1427157885.538,-53.726227
1427157885.554,-54.094223
1427157885.57,-54.32721
1427157885.585,-54.308167
1427157885.601,-54.06304
1427157885.616,-53.677917
1427157885.632,-53.208252
1427157885.648,-52.573708
1427157885.663,-51.612724
1427157885.679,-50.094177
1427157885.695,-47.854424
1427157885.71,-44.809418
1427157885.726,-41.00889
1427157885.741,-36.593735
1427157885.757,-31.77983
1427157885.773,-26.779274
1427157885.788,-21.813866
1427157885.804,-17.023422
1427157885.82,-12.479332
1427157885.835,-8.1323395
1427157885.851,-3.8175888
1427157885.866,0.6986084
1427157885.882,5.6572495
1427157885.898,11.201981
1427157885.913,17.236694
1427157885.929,23.464386
1427157885.945,29.43937
1427157885.96,34.79325
1427157885.976,39.36882
1427157885.991,43.32261
1427157886.007,47.054665
1427157886.023,51.12075
1427157886.038,56.05336
1427157886.054,62.291687
1427157886.07,70.00956
1427157886.085,78.91996
1427157886.101,88.12461
1427157886.116,96.03922
1427157886.132,100.68766
1427157886.148,100.25148
1427157886.163,93.724464
1427157886.179,81.388535
1427157886.195,64.75074
1427157886.21,46.078625
1427157886.226,27.613811
1427157886.241,10.954002
1427157886.257,-3.21846
1427157886.273,-14.915108
1427157886.288,-24.500935
1427157886.304,-32.273766
1427157886.32,-38.341408
1427157886.335,-42.684483
1427157886.351,-45.372833
1427157886.366,-46.671143
1427157886.382,-47.05161
1427157886.398,-47.08094
1427157886.413,-47.218666
1427157886.429,-47.67476
1427157886.445,-48.351173
1427157886.46,-48.947884
1427157886.476,-49.176525
1427157886.491,-48.9003
1427157886.507,-48.276203
1427157886.523,-47.613052
1427157886.538,-47.218506
1427157886.554,-47.11366
1427157886.57,-46.994278
1427157886.585,-46.25963
1427157886.601,-44.322075
1427157886.616,-40.810673
1427157886.632,-35.78276
1427157886.648,-29.684303
1427157886.663,-23.219204
1427157886.679,-17.07719
1427157886.695,-11.68671
1427157886.71,-7.078228
1427157886.726,-2.9258156
1427157886.741,1.3167343
1427157886.757,6.095146
1427157886.773,11.604576
1427157886.788,17.627201
1427157886.804,23.683777
1427157886.82,29.202042
1427157886.835,33.819244
1427157886.851,37.500774
1427157886.866,40.524265
1427157886.882,43.33953
1427157886.898,46.430332
1427157886.913,50.207935
1427157886.929,55.00193
1427157886.945,60.981983
1427157886.96,67.98476
1427157886.976,75.26991
1427157886.991,81.44084
1427157887.007,84.680916
1427157887.023,83.29749
1427157887.038,76.37103
1427157887.054,64.2276
1427157887.07,48.43444
1427157887.085,31.264027
1427157887.101,14.914116
1427157887.116,0.85396385
1427157887.132,-10.444824
1427157887.148,-19.272305
1427157887.163,-26.220806
1427157887.179,-31.709484
1427157887.195,-35.841366
1427157887.21,-38.521828
1427157887.226,-39.732655
1427157887.241,-39.728336
1427157887.257,-39.02841
1427157887.273,-38.22245
1427157887.288,-37.76037
1427157887.304,-37.764877
1427157887.32,-38.10972
1427157887.335,-38.540367
1427157887.351,-38.839172
1427157887.366,-38.915043
1427157887.382,-38.79946
1427157887.398,-38.52031
1427157887.413,-38.02455
1427157887.429,-37.159996
1427157887.445,-35.754326
1427157887.46,-33.671337
1427157887.476,-30.897404
1427157887.492,-27.501984
1427157887.507,-23.6077
1427157887.523,-19.273796
1427157887.538,-14.519753
1427157887.554,-9.332548
1427157887.57,-3.7453642
1427157887.585,2.1459675
1427157887.601,8.114429
1427157887.617,13.896466
1427157887.632,19.288055
1427157887.648,24.241405
1427157887.663,28.88507
1427157887.679,33.570396
1427157887.695,38.759243
1427157887.71,44.89641
1427157887.726,52.19245
1427157887.742,60.382214
1427157887.757,68.54478
1427157887.773,75.20488
1427157887.788,78.59534
1427157887.804,77.29332
1427157887.82,70.70239
1427157887.835,59.366768
1427157887.851,44.782887
1427157887.867,28.945343
1427157887.882,13.6453495
1427157887.898,0.060638905
1427157887.913,-11.4068575
1427157887.929,-20.875797
1427157887.945,-28.6581
1427157887.96,-34.930088
1427157887.976,-39.70601
1427157887.992,-42.92775
1427157888.007,-44.645844
1427157888.023,-45.127865
1427157888.038,-44.79597
1427157888.054,-44.077606
1427157888.07,-43.308235
1427157888.085,-42.59489
1427157888.101,-41.88939
1427157888.117,-41.039932
1427157888.132,-39.97841
1427157888.148,-38.743874
1427157888.163,-37.54872
1427157888.179,-36.606617
1427157888.195,-36.03372
1427157888.21,-35.699303
1427157888.226,-35.230038
1427157888.242,-34.11084
1427157888.257,-31.900145
1427157888.273,-28.41764
1427157888.288,-23.848625
1427157888.304,-18.678171
1427157888.32,-13.484738
1427157888.335,-8.689651
1427157888.351,-4.3608475
1427157888.367,-0.1831913
1427157888.382,4.351776
1427157888.398,9.664806
1427157888.413,15.842588
1427157888.429,22.53896
1427157888.445,29.118505
1427157888.46,34.953995
1427157888.476,39.65314
1427157888.492,43.24887
1427157888.507,46.166367
1427157888.523,49.07116
1427157888.538,52.696247
1427157888.554,57.640644
1427157888.57,64.127426
1427157888.585,71.83784
1427157888.601,79.74219
1427157888.617,86.21596
1427157888.632,89.32968
1427157888.648,87.51288
1427157888.663,80.09477
1427157888.679,67.661125
1427157888.695,51.861355
1427157888.71,34.854393
1427157888.726,18.58091
1427157888.742,4.243376
1427157888.757,-7.7928715
1427157888.773,-17.758568
1427157888.788,-26.046518
1427157888.804,-32.899784
1427157888.82,-38.41696
1427157888.835,-42.560898
1427157888.851,-45.41557
1427157888.867,-47.18254
1427157888.882,-48.144463
1427157888.898,-48.582184
1427157888.913,-48.70185
1427157888.929,-48.655045
1427157888.945,-48.542374
1427157888.96,-48.4497
1427157888.976,-48.396507
1427157888.992,-48.343212
1427157889.007,-48.20519
1427157889.023,-47.866047
1427157889.038,-47.23777
1427157889.054,-46.2609
1427157889.07,-44.88193
1427157889.085,-43.02447
1427157889.101,-40.584763
1427157889.117,-37.45451
1427157889.132,-33.617348
1427157889.148,-29.147312
1427157889.163,-24.256565
1427157889.179,-19.217903
1427157889.195,-14.30307
1427157889.21,-9.701572
1427157889.226,-5.490013
1427157889.242,-1.6307945
1427157889.257,2.0487175
1427157889.273,5.772934
1427157889.288,9.750385
1427157889.304,14.112797
1427157889.32,18.822552
1427157889.335,23.708931
1427157889.351,28.50769
1427157889.367,32.961212
1427157889.382,36.923557
1427157889.398,40.43332
1427157889.413,43.70016
1427157889.429,47.080544
1427157889.445,51.03777
1427157889.46,56.01789
1427157889.476,62.30682
1427157889.492,69.80411
1427157889.507,77.79618
1427157889.523,84.91293
1427157889.538,89.32674
1427157889.554,89.33232
1427157889.57,83.91872
1427157889.585,73.27457
1427157889.601,58.738068
1427157889.617,42.377678
1427157889.632,26.249146
1427157889.648,11.789921
1427157889.663,-0.44730377
1427157889.679,-10.574028
1427157889.695,-19.006332
1427157889.71,-25.986248
1427157889.726,-31.51403
1427157889.742,-35.440002
1427157889.757,-37.74322
1427157889.773,-38.687847
1427157889.788,-38.81347
1427157889.804,-38.720047
1427157889.82,-38.812923
1427157889.835,-39.193077
1427157889.851,-39.672768
1427157889.867,-39.963753
1427157889.882,-39.89255
1427157889.898,-39.49447
1427157889.913,-38.978024
1427157889.929,-38.595345
1427157889.945,-38.455803
1427157889.96,-38.40585
1427157889.976,-38.104668
1427157889.992,-37.146484
1427157890.007,-35.21214
1427157890.023,-32.21547
1427157890.038,-28.352566
1427157890.054,-23.981949
1427157890.07,-19.516052
1427157890.085,-15.224396
1427157890.101,-11.151112
1427157890.117,-7.0989304
1427157890.132,-2.7721977
1427157890.148,2.0557518
1427157890.164,7.354931
1427157890.179,12.841549
1427157890.195,18.05798
1427157890.21,22.586273
1427157890.226,26.241783
1427157890.242,29.203602
1427157890.257,31.956593
1427157890.273,35.186977
1427157890.289,39.583836
1427157890.304,45.559235
1427157890.32,53.007473
1427157890.335,61.13343
1427157890.351,68.49465
1427157890.367,73.292885
1427157890.382,73.90103
1427157890.398,69.443985
1427157890.414,60.109776
1427157890.429,47.159203
1427157890.445,32.43855
1427157890.46,17.800034
1427157890.476,4.542248
1427157890.492,-6.7755585
1427157890.507,-16.214027
1427157890.523,-24.059738
1427157890.539,-30.545849
1427157890.554,-35.665573
1427157890.57,-39.291084
1427157890.585,-41.36519
1427157890.601,-42.0912
1427157890.617,-41.90625
1427157890.632,-41.365414
1427157890.648,-40.870945
1427157890.664,-40.543724
1427157890.679,-40.225594
1427157890.695,-39.655254
1427157890.71,-38.688408
1427157890.726,-37.45469
1427157890.742,-36.245358
1427157890.757,-35.345158
1427157890.773,-34.786617
1427157890.789,-34.3001
1427157890.804,-33.37229
1427157890.82,-31.535313
1427157890.835,-28.572147
1427157890.851,-24.658903
1427157890.867,-20.223732
1427157890.882,-15.755047
1427157890.898,-11.538118
1427157890.914,-7.580883
1427157890.929,-3.5935936
1427157890.945,0.78378296
1427157890.96,5.842991
1427157890.976,11.609957
1427157890.992,17.819736
1427157891.007,23.99383
1427157891.023,29.61378
1427157891.039,34.34494
1427157891.054,38.184715
1427157891.07,41.514168
1427157891.085,45.029922
1427157891.101,49.52853
1427157891.117,55.64159
1427157891.132,63.49646
1427157891.148,72.45217
1427157891.164,81.028175
1427157891.179,87.17339
1427157891.195,88.857765
1427157891.21,84.789024
1427157891.226,74.891525
1427157891.242,60.43847
1427157891.257,43.575058
1427157891.273,26.60338
1427157891.289,11.2284565
1427157891.304,-1.7366505
1427157891.32,-12.321102
1427157891.335,-20.94808
1427157891.351,-28.03305
1427157891.367,-33.761356
1427157891.382,-38.128735
1427157891.398,-41.14704
1427157891.414,-43.03389
1427157891.429,-44.195313
1427157891.445,-45.117805
1427157891.46,-46.15799
1427157891.476,-47.463516
1427157891.492,-48.883247
1427157891.507,-50.119614
1427157891.523,-50.841778
1427157891.539,-50.87519
1427157891.554,-50.232986
1427157891.57,-49.138954
1427157891.585,-47.837505
1427157891.601,-46.52262
1427157891.617,-45.203
1427157891.632,-43.711784
1427157891.648,-41.79402
1427157891.664,-39.2335
1427157891.679,-35.893044
1427157891.695,-31.778
1427157891.71,-27.021059
1427157891.726,-21.854153
1427157891.742,-16.578766
1427157891.757,-11.509592
1427157891.773,-6.8186693
1427157891.789,-2.4850216
1427157891.804,1.7573366
1427157891.82,6.2916536
1427157891.835,11.426651
1427157891.851,17.205896
1427157891.867,23.363312
1427157891.882,29.393362
1427157891.898,34.81459
1427157891.914,39.39327
1427157891.929,43.25188
1427157891.945,46.821556
1427157891.96,50.698406
1427157891.976,55.455044
1427157891.992,61.51496
1427157892.007,68.96318
1427157892.023,77.3886
1427157892.039,85.75012
1427157892.054,92.471954
1427157892.07,95.74797
1427157892.085,94.095116
1427157892.101,86.90578
1427157892.117,74.70649
1427157892.132,59.025646
1427157892.148,41.86491
1427157892.164,25.040495
1427157892.179,9.730015
1427157892.195,-3.6404276
1427157892.21,-15.127138
1427157892.226,-24.949566
1427157892.242,-33.193977
1427157892.257,-39.809143
1427157892.273,-44.689407
1427157892.289,-47.90541
1427157892.304,-49.7272
1427157892.32,-50.621223
1427157892.335,-51.068626
1427157892.351,-51.463234
1427157892.367,-51.99343
1427157892.382,-52.63492
1427157892.398,-53.200584
1427157892.414,-53.46037
1427157892.429,-53.25665
1427157892.445,-52.56373
1427157892.46,-51.503616
1427157892.476,-50.27941
1427157892.492,-49.045532
1427157892.507,-47.79263
1427157892.523,-46.306797
1427157892.539,-44.244465
1427157892.554,-41.280663
1427157892.57,-37.292465
1427157892.585,-32.405533
1427157892.601,-27.022675
1427157892.617,-21.613035
1427157892.632,-16.581823
1427157892.648,-12.087767
1427157892.664,-8.05007
1427157892.679,-4.1808147
1427157892.695,-0.13430405
1427157892.71,4.335346
1427157892.726,9.319914
1427157892.742,14.6792145
1427157892.757,20.107954
1427157892.773,25.256393
1427157892.789,29.863155
1427157892.804,33.857826
1427157892.82,37.429058
1427157892.836,40.973625
1427157892.851,44.928955
1427157892.867,49.713562
1427157892.882,55.6138
1427157892.898,62.709427
1427157892.914,70.73549
1427157892.929,78.93772
1427157892.945,86.00856
1427157892.96,90.22446
1427157892.976,89.92428
1427157892.992,84.10037
1427157893.007,72.86083
1427157893.023,57.49462
1427157893.039,40.064117
1427157893.054,22.699944
1427157893.07,6.9729843
1427157893.086,-6.3872795
1427157893.101,-17.348835
1427157893.117,-26.205433
1427157893.132,-33.249874
1427157893.148,-38.610912
1427157893.164,-42.376015
1427157893.179,-44.690468
1427157893.195,-45.826767
1427157893.211,-46.140682
1427157893.226,-45.98942
1427157893.242,-45.687695
1427157893.257,-45.47115
1427157893.273,-45.44993
1427157893.289,-45.66363
1427157893.304,-46.034996
1427157893.32,-46.400158
1427157893.336,-46.55639
1427157893.351,-46.33178
1427157893.367,-45.583904
1427157893.382,-44.20449
1427157893.398,-42.120304
1427157893.414,-39.315746
1427157893.429,-35.850655
1427157893.445,-31.86575
1427157893.461,-27.554905
1427157893.476,-23.096546
1427157893.492,-18.541252
1427157893.507,-13.792648
1427157893.523,-8.677826
1427157893.539,-3.050686
1427157893.554,3.0877914
1427157893.57,9.549473
1427157893.586,16.018833
1427157893.601,22.151665
1427157893.617,27.727303
1427157893.632,32.739666
1427157893.648,37.45964
1427157893.664,42.395325
1427157893.679,48.170876
1427157893.695,55.228058
1427157893.711,63.51416
1427157893.726,72.26482
1427157893.742,79.97435
1427157893.757,84.78141
1427157893.773,85.022385
1427157893.789,79.8212
1427157893.804,69.43655
1427157893.82,55.18643
1427157893.836,38.99508
1427157893.851,22.749458
1427157893.867,7.827446
1427157893.882,-5.1427917
1427157893.898,-16.118477
1427157893.914,-25.40931
1427157893.929,-33.291924
1427157893.945,-39.895874
1427157893.961,-45.160774
1427157893.976,-49.00524
1427157893.992,-51.449318
1427157894.007,-52.706688
1427157894.023,-53.176193
1427157894.039,-53.298615
1427157894.054,-53.41574
1427157894.07,-53.657852
1427157894.086,-53.91311
1427157894.101,-53.94232
1427157894.117,-53.49878
1427157894.132,-52.475456
1427157894.148,-50.955643
1427157894.164,-49.14061
1427157894.179,-47.220596
1427157894.195,-45.266113
1427157894.211,-43.14914
1427157894.226,-40.617485
1427157894.242,-37.395287
1427157894.257,-33.339836
1427157894.273,-28.511734
1427157894.289,-23.220963
1427157894.304,-17.89579
1427157894.32,-12.9053955
1427157894.336,-8.411621
1427157894.351,-4.2934113
1427157894.367,-0.17572784
1427157894.382,4.34346
1427157894.398,9.525215
1427157894.414,15.302841
1427157894.429,21.33596
1427157894.445,27.119888
1427157894.461,32.24829
1427157894.476,36.55652
1427157894.492,40.22615
1427157894.507,43.707863
1427157894.523,47.55285
1427157894.539,52.278976
1427157894.554,58.287094
1427157894.57,65.70583
1427157894.586,74.28636
1427157894.601,83.189186
1427157894.617,90.952515
1427157894.632,95.70375
1427157894.648,95.67788
1427157894.664,89.82471
1427157894.679,78.30925
1427157894.695,62.51198
1427157894.711,44.623047
1427157894.726,26.86171
1427157894.742,10.811829
1427157894.757,-2.8987198
1427157894.773,-14.398178
1427157894.789,-24.144508
1427157894.804,-32.480904
1427157894.82,-39.45922
1427157894.836,-44.96347
1427157894.851,-48.92385
1427157894.867,-51.46901
1427157894.882,-52.945137
1427157894.898,-53.731102
1427157894.914,-54.131073
1427157894.929,-54.302956
1427157894.945,-54.28914
1427157894.961,-54.099876
1427157894.976,-53.786964
1427157894.992,-53.416603
1427157895.007,-53.07669
1427157895.023,-52.802605
1427157895.039,-52.539658
1427157895.054,-52.125366
1427157895.07,-51.32383
1427157895.086,-49.863815
1427157895.101,-47.53515
1427157895.117,-44.26657
1427157895.132,-40.154533
1427157895.148,-35.44587
1427157895.164,-30.453362
1427157895.179,-25.434105
1427157895.195,-20.588684
1427157895.211,-16.018951
1427157895.226,-11.786499
1427157895.242,-7.880234
1427157895.257,-4.1922226
1427157895.273,-0.47764206
1427157895.289,3.5347786
1427157895.304,8.0721855
1427157895.32,13.170708
1427157895.336,18.609493
1427157895.351,24.027046
1427157895.367,29.074657
1427157895.382,33.565964
1427157895.398,37.515335
1427157895.414,41.132225
1427157895.429,44.683643
1427157895.445,48.51689
1427157895.461,53.03019
1427157895.476,58.60486
1427157895.492,65.47104
1427157895.507,73.4153
1427157895.523,81.5544
1427157895.539,88.30449
1427157895.554,91.78876
1427157895.57,90.3773
1427157895.586,83.37352
1427157895.601,71.3177
1427157895.617,55.81982
1427157895.632,38.99386
1427157895.648,22.75333
1427157895.664,8.293327
1427157895.679,-4.001171
1427157895.695,-14.287392
1427157895.711,-22.869728
1427157895.726,-29.911278
1427157895.742,-35.352634
1427157895.758,-39.131832
1427157895.773,-41.372166
1427157895.789,-42.47904
1427157895.804,-43.01397
1427157895.82,-43.501526
1427157895.836,-44.228645
1427157895.851,-45.190403
1427157895.867,-46.17859
1427157895.883,-46.956627
1427157895.898,-47.40415
1427157895.914,-47.576794
1427157895.929,-47.640694
1427157895.945,-47.74396
1427157895.961,-47.887096
1427157895.976,-47.871338
1427157895.992,-47.336098
1427157896.008,-45.9031
1427157896.023,-43.308567
1427157896.039,-39.566795
1427157896.054,-34.93852
1427157896.07,-29.87976
1427157896.086,-24.84991
1427157896.101,-20.149422
1427157896.117,-15.771198
1427157896.133,-11.452179
1427157896.148,-6.7767563
1427157896.164,-1.4312973
1427157896.179,4.6754646
1427157896.195,11.331116
1427157896.211,18.101799
1427157896.226,24.46215
1427157896.242,30.009777
1427157896.258,34.584324
1427157896.273,38.337852
1427157896.289,41.703274
1427157896.304,45.328384
1427157896.32,49.875633
1427157896.336,55.85365
1427157896.351,63.28969
1427157896.367,71.53607
1427157896.383,79.21667
1427157896.398,84.499756
1427157896.414,85.59757
1427157896.429,81.388626
1427157896.445,71.87036
1427157896.461,58.21054
1427157896.476,42.324036
1427157896.492,26.223808
1427157896.508,11.383411
1427157896.523,-1.4646873
1427157896.539,-12.3043785
1427157896.554,-21.409489
1427157896.57,-28.963997
1427157896.586,-34.96314
1427157896.601,-39.291225
1427157896.617,-41.93412
1427157896.633,-43.149647
1427157896.648,-43.45673
1427157896.664,-43.445923
1427157896.679,-43.570576
1427157896.695,-44.019783
1427157896.711,-44.69534
1427157896.726,-45.399544
1427157896.742,-45.9588
1427157896.758,-46.343063
1427157896.773,-46.659187
1427157896.789,-47.079117
1427157896.804,-47.638916
1427157896.82,-48.19648
1427157896.836,-48.346268
1427157896.851,-47.617237
1427157896.867,-45.596825
1427157896.883,-42.172928
1427157896.898,-37.550907
1427157896.914,-32.213394
1427157896.929,-26.726704
1427157896.945,-21.543776
1427157896.961,-16.820623
1427157896.976,-12.426306
1427157896.992,-8.038397
1427157897.008,-3.279066
1427157897.023,2.1073065
1427157897.039,8.1275625
1427157897.054,14.558752
1427157897.07,20.95685
1427157897.086,26.879097
1427157897.101,31.96722
1427157897.117,36.19761
1427157897.133,39.86383
1427157897.148,43.529076
1427157897.164,47.827835
1427157897.179,53.302765
1427157897.195,60.2071
1427157897.211,68.40237
1427157897.226,77.24727
1427157897.242,85.580505
1427157897.258,91.82063
1427157897.273,94.29904
1427157897.289,91.72979
1427157897.304,83.71996
1427157897.32,71.022575
1427157897.336,55.40189
1427157897.351,39.003925
1427157897.367,23.726799
1427157897.383,10.64428
1427157897.398,-0.07855272
1427157897.414,-8.903488
1427157897.429,-16.419952
1427157897.445,-23.001
1427157897.461,-28.67769
1427157897.476,-33.287678
1427157897.492,-36.71062
1427157897.508,-38.996376
1427157897.523,-40.348457
1427157897.539,-41.076054
1427157897.554,-41.419884
1427157897.57,-41.524628
1427157897.586,-41.427696
1427157897.601,-41.12789
1427157897.617,-40.644646
1427157897.633,-40.062443
1427157897.648,-39.48426
1427157897.664,-38.94527
1427157897.679,-38.33304
1427157897.695,-37.36126
1427157897.711,-35.689777
1427157897.726,-33.115776
1427157897.742,-29.708544
1427157897.758,-25.794884
1427157897.773,-21.816547
1427157897.789,-18.046154
1427157897.804,-14.429466
1427157897.82,-10.6505375
1427157897.836,-6.3087273
1427157897.851,-1.1825199
1427157897.867,4.607423
1427157897.883,10.681193
1427157897.898,16.567398
1427157897.914,21.92362
1427157897.929,26.66227
1427157897.945,30.939772
1427157897.961,35.105026
1427157897.976,39.604305
1427157897.992,44.87437
1427157898.008,51.180225
1427157898.023,58.429142
1427157898.039,65.96735
1427157898.054,72.53113
1427157898.07,76.49078
1427157898.086,76.34295
1427157898.101,71.21269
1427157898.117,61.29022
1427157898.133,47.796722
1427157898.148,32.60808
1427157898.164,17.587006
1427157898.179,4.1042595
1427157898.195,-7.2629757
1427157898.211,-16.576721
1427157898.226,-24.187593
1427157898.242,-30.359741
1427157898.258,-35.128483
1427157898.273,-38.361626
1427157898.289,-40.025944
1427157898.304,-40.339188
1427157898.32,-39.814663
1427157898.336,-39.07229
1427157898.351,-38.60798
1427157898.367,-38.562336
1427157898.383,-38.734222
1427157898.398,-38.718098
1427157898.414,-38.178616
1427157898.43,-37.048367
1427157898.445,-35.565506
1427157898.461,-34.117565
1427157898.476,-32.98327
1427157898.492,-32.142067
1427157898.508,-31.211233
1427157898.523,-29.615858
1427157898.539,-26.862902
1427157898.555,-22.727928
1427157898.57,-17.407412
1427157898.586,-11.405455
1427157898.601,-5.3562984
1427157898.617,0.2389412
1427157898.633,5.1625004
1427157898.648,9.556044
1427157898.664,13.793869
1427157898.68,18.348476
1427157898.695,23.642744
1427157898.711,29.96607
1427157898.726,37.41543
1427157898.742,45.835403
1427157898.758,54.669666
1427157898.773,62.90292
1427157898.789,69.119804
1427157898.805,71.83636
1427157898.82,69.93819
1427157898.836,63.169693
1427157898.851,52.248444
1427157898.867,38.687336
1427157898.883,24.260124
1427157898.898,10.469078
1427157898.914,-1.8051605
1427157898.93,-12.3035965
1427157898.945,-21.177876
1427157898.961,-28.653793
1427157898.976,-34.861427
1427157898.992,-39.821815
1427157899.008,-43.51177
1427157899.023,-45.96678
1427157899.039,-47.289425
1427157899.055,-47.668713
1427157899.07,-47.325363
1427157899.086,-46.497192
1427157899.101,-45.43306
1427157899.117,-44.30313
1427157899.133,-43.226994
1427157899.148,-42.233196
1427157899.164,-41.28123
1427157899.18,-40.28218
1427157899.195,-39.100777
1427157899.211,-37.5609
1427157899.226,-35.489014
1427157899.242,-32.753414
1427157899.258,-29.335495
1427157899.273,-25.370167
1427157899.289,-21.136068
1427157899.305,-16.913744
1427157899.32,-12.890778
1427157899.336,-9.016138
1427157899.351,-5.0375004
1427157899.367,-0.59134865
1427157899.383,4.6030464
1427157899.398,10.585794
1427157899.414,17.08625
1427157899.43,23.6033
1427157899.445,29.581106
1427157899.461,34.65546
1427157899.476,38.80506
1427157899.492,42.42389
1427157899.508,46.19927
1427157899.523,50.920166
1427157899.539,57.191734
1427157899.555,65.07923
1427157899.57,73.897606
1427157899.586,82.21649
1427157899.601,88.06137
1427157899.617,89.53477
1427157899.633,85.40491
1427157899.648,75.648605
1427157899.664,61.468536
1427157899.68,44.921906
1427157899.695,28.183895
1427157899.711,12.917807
1427157899.726,-0.14582825
1427157899.742,-11.097411
1427157899.758,-20.451572
1427157899.773,-28.669647
1427157899.789,-35.889076
1427157899.805,-41.92356
1427157899.82,-46.49633
1427157899.836,-49.48937
1427157899.851,-51.087738
1427157899.867,-51.7407
1427157899.883,-51.959114
1427157899.898,-52.10296
1427157899.914,-52.277863
1427157899.93,-52.353043
1427157899.945,-52.118546
1427157899.961,-51.45733
1427157899.976,-50.456165
1427157899.992,-49.32593
1427157900.008,-48.26923
1427157900.023,-47.312824
1427157900.039,-46.245274
1427157900.055,-44.715057
1427157900.07,-42.412388
1427157900.086,-39.208282
1427157900.101,-35.220356
1427157900.117,-30.717335
1427157900.133,-26.020939
1427157900.148,-21.376194
1427157900.164,-16.929184
1427157900.18,-12.747875
1427157900.195,-8.839349
1427157900.211,-5.164651
1427157900.226,-1.5909729
1427157900.242,2.1160626
1427157900.258,6.1902437
1427157900.273,10.794494
1427157900.289,15.903673
1427157900.305,21.329401
1427157900.32,26.75436
1427157900.336,31.903536
1427157900.351,36.612175
1427157900.367,40.870045
1427157900.383,44.7926
1427157900.398,48.59923
1427157900.414,52.614483
1427157900.43,57.26745
1427157900.445,62.98121
1427157900.461,69.965576
1427157900.476,77.885544
1427157900.492,85.66365
1427157900.508,91.54138
1427157900.523,93.5642
1427157900.539,90.23979
1427157900.555,81.177925
1427157900.57,67.29265
1427157900.586,50.553276
1427157900.601,33.242973
1427157900.617,17.28239
1427157900.633,3.6884718
1427157900.648,-7.4066715
1427157900.664,-16.415255
1427157900.68,-23.858824
1427157900.695,-30.000347
1427157900.711,-34.881836
1427157900.726,-38.4392
1427157900.742,-40.72719
1427157900.758,-42.021973
1427157900.773,-42.72224
1427157900.789,-43.249596
1427157900.805,-43.8173
1427157900.82,-44.434597
1427157900.836,-44.89482
1427157900.851,-45.000786
1427157900.867,-44.6499
1427157900.883,-43.958576
1427157900.898,-43.16843
1427157900.914,-42.539738
1427157900.93,-42.11996
1427157900.945,-41.696877
1427157900.961,-40.85053
1427157900.976,-39.09295
1427157900.992,-36.1562
1427157901.008,-32.10251
1427157901.023,-27.357971
1427157901.039,-22.542564
1427157901.055,-18.168667
1427157901.07,-14.432731
1427157901.086,-11.101945
1427157901.102,-7.6794586
1427157901.117,-3.595251
1427157901.133,1.4648762
1427157901.148,7.45879
1427157901.164,13.945124
1427157901.18,20.298777
1427157901.195,25.912945
1427157901.211,30.413475
1427157901.227,33.82922
1427157901.242,36.54606
1427157901.258,39.259666
1427157901.273,42.765198
1427157901.289,47.749985
1427157901.305,54.476326
1427157901.32,62.512527
1427157901.336,70.6837
1427157901.352,77.197495
1427157901.367,80.14228
1427157901.383,78.073944
1427157901.398,70.58818
1427157901.414,58.439766
1427157901.43,43.37275
1427157901.445,27.479746
1427157901.461,12.563866
1427157901.477,-0.304739
1427157901.492,-10.889541
1427157901.508,-19.505037
1427157901.523,-26.584482
1427157901.539,-32.40642
1427157901.555,-36.95363
1427157901.57,-40.082916
1427157901.586,-41.730064
1427157901.602,-42.07863
1427157901.617,-41.564915
1427157901.633,-40.76108
1427157901.648,-40.13836
1427157901.664,-39.977196
1427157901.68,-40.243515
1427157901.695,-40.712364
1427157901.711,-41.03762
1427157901.727,-40.93603
1427157901.742,-40.246803
1427157901.758,-38.96115
1427157901.773,-37.17652
1427157901.789,-35.02406
1427157901.805,-32.558506
1427157901.82,-29.755253
1427157901.836,-26.47868
1427157901.852,-22.5951
1427157901.867,-17.989563
1427157901.883,-12.681193
1427157901.898,-6.7702627
1427157901.914,-0.49286175
1427157901.93,5.881009
1427157901.945,12.0826645
1427157901.961,17.922806
1427157901.977,23.339176
1427157901.992,28.420305
1427157902.008,33.392937
1427157902.023,38.576553
1427157902.039,44.321373
1427157902.055,50.90186
1427157902.07,58.363148
1427157902.086,66.31152
1427157902.102,73.82643
1427157902.117,79.51145
1427157902.133,81.78465
1427157902.148,79.41158
1427157902.164,71.92681
1427157902.18,59.933224
1427157902.195,44.92786
1427157902.211,28.826977
1427157902.227,13.358146
1427157902.242,-0.38272524
1427157902.258,-12.037495
1427157902.273,-21.731308
1427157902.289,-29.744598
1427157902.305,-36.207523
1427157902.32,-41.136063
1427157902.336,-44.488365
1427157902.352,-46.404552
1427157902.367,-47.225605
1427157902.383,-47.41969
1427157902.398,-47.392784
1427157902.414,-47.372967
1427157902.43,-47.33089
1427157902.445,-47.092773
1427157902.461,-46.50536
1427157902.477,-45.54275
1427157902.492,-44.369373
1427157902.508,-43.22441
1427157902.523,-42.275246
1427157902.539,-41.486626
1427157902.555,-40.559288
1427157902.57,-39.023006
1427157902.586,-36.457336
1427157902.602,-32.678364
1427157902.617,-27.854504
1427157902.633,-22.4912
1427157902.648,-17.168192
1427157902.664,-12.337779
1427157902.68,-8.082967
1427157902.695,-4.113821
1427157902.711,0.08191872
1427157902.727,4.956731
1427157902.742,10.660378
1427157902.758,16.95405
1427157902.773,23.291416
1427157902.789,29.086746
1427157902.805,33.970387
1427157902.82,37.931534
1427157902.836,41.33817
1427157902.852,44.78334
1427157902.867,48.989983
1427157902.883,54.559776
1427157902.898,61.792244
1427157902.914,70.4189
1427157902.93,79.45235
1427157902.945,87.22399
1427157902.961,91.74607
1427157902.977,91.321945
1427157902.992,85.159645
1427157903.008,73.699165
1427157903.023,58.484516
1427157903.039,41.60861
1427157903.055,24.987263
1427157903.07,9.866093
1427157903.086,-3.3244915
1427157903.102,-14.703921
1427157903.117,-24.521048
1427157903.133,-32.863846
1427157903.148,-39.59659
1427157903.164,-44.511425
1427157903.18,-47.581306
1427157903.195,-49.077545
1427157903.211,-49.506714
1427157903.227,-49.46399
1427157903.242,-49.43808
1427157903.258,-49.652557
1427157903.273,-50.067604
1427157903.289,-50.47747
1427157903.305,-50.655445
1427157903.32,-50.484055
1427157903.336,-49.967426
1427157903.352,-49.250114
1427157903.367,-48.439037
1427157903.383,-47.58468
1427157903.398,-46.570778
1427157903.414,-45.200138
1427157903.43,-43.22148
1427157903.445,-40.451653
1427157903.461,-36.817787
1427157903.477,-32.396286
1427157903.492,-27.398592
1427157903.508,-22.115543
1427157903.523,-16.836061
1427157903.539,-11.76968
1427157903.555,-6.989312
1427157903.57,-2.4101763
1427157903.586,2.1785927
1427157903.602,6.9964237
1427157903.617,12.173922
1427157903.633,17.676956
1427157903.648,23.286781
1427157903.664,28.678211
1427157903.68,33.572258
1427157903.695,37.84694
1427157903.711,41.62717
1427157903.727,45.22138
1427157903.742,49.055283
1427157903.758,53.54338
1427157903.774,59.028893
1427157903.789,65.66127
1427157903.805,73.2975
1427157903.82,81.305244
1427157903.836,88.52993
1427157903.852,93.38875
1427157903.867,94.276886
1427157903.883,90.09931
1427157903.898,80.70643
1427157903.914,67.0225
1427157903.93,50.771744
1427157903.945,33.898808
1427157903.961,17.993912
1427157903.977,3.9552565
1427157903.992,-7.98271
1427157904.008,-17.98437
1427157904.024,-26.272552
1427157904.039,-32.978813
1427157904.055,-38.108494
1427157904.07,-41.69308
1427157904.086,-43.88468
1427157904.102,-45.00375
1427157904.117,-45.451195
1427157904.133,-45.629078
1427157904.149,-45.800934
1427157904.164,-46.07153
1427157904.18,-46.400547
1427157904.195,-46.67265
1427157904.211,-46.793915
1427157904.227,-46.72158
1427157904.242,-46.440662
1427157904.258,-45.908363
1427157904.274,-44.986145
1427157904.289,-43.487476
1427157904.305,-41.22258
1427157904.32,-38.149155
1427157904.336,-34.40163
1427157904.352,-30.2296
1427157904.367,-25.868572
1427157904.383,-21.42656
1427157904.399,-16.80455
1427157904.414,-11.786035
1427157904.43,-6.222207
1427157904.445,-0.16394615
1427157904.461,6.0948973
1427157904.477,12.127431
1427157904.492,17.572844
1427157904.508,22.307146
1427157904.524,26.53527
1427157904.539,30.723213
1427157904.555,35.480156
1427157904.57,41.312256
1427157904.586,48.479553
1427157904.602,56.72902
1427157904.617,65.23146
1427157904.633,72.549286
1427157904.649,76.97574
1427157904.664,76.96663
1427157904.68,71.68396
1427157904.695,61.350815
1427157904.711,47.23636
1427157904.727,31.270977
1427157904.742,15.423374
1427157904.758,1.1199207
1427157904.774,-10.989853
1427157904.789,-20.924906
1427157904.805,-29.04048
1427157904.82,-35.65786
1427157904.836,-40.87494
1427157904.852,-44.638447
1427157904.867,-46.889175
1427157904.883,-47.769917
1427157904.899,-47.653084
1427157904.914,-47.02166
1427157904.93,-46.321213
1427157904.945,-45.796776
1427157904.961,-45.44998
1427157904.977,-45.147423
1427157904.992,-44.73136
1427157905.008,-44.15838
1427157905.024,-43.49769
1427157905.039,-42.86123
1427157905.055,-42.235428
1427157905.07,-41.42884
1427157905.086,-40.06894
1427157905.102,-37.765354
1427157905.117,-34.297043
1427157905.133,-29.770096
1427157905.149,-24.598648
1427157905.164,-19.326256
1427157905.18,-14.386504
1427157905.195,-9.922353
1427157905.211,-5.673793
1427157905.227,-1.1807194
1427157905.242,4.0077114
1427157905.258,10.036195
1427157905.274,16.670437
1427157905.289,23.34444
1427157905.305,29.42823
1427157905.32,34.47783
1427157905.336,38.47516
1427157905.352,41.83122
1427157905.367,45.246986
1427157905.383,49.524242
1427157905.399,55.280594
1427157905.414,62.744133
1427157905.43,71.523125
1427157905.445,80.52143
1427157905.461,88.047966
1427157905.477,92.18251
1427157905.492,91.327
1427157905.508,84.768005
1427157905.524,72.99777
1427157905.539,57.558865
1427157905.555,40.5518
1427157905.57,23.927414
1427157905.586,8.96426
1427157905.602,-3.8974285
1427157905.617,-14.813427
1427157905.633,-24.153076
1427157905.649,-32.11457
1427157905.664,-38.659172
1427157905.68,-43.616966
1427157905.695,-46.937813
1427157905.711,-48.825867
1427157905.727,-49.72285
1427157905.742,-50.159565
1427157905.758,-50.55882
1427157905.774,-51.06287
1427157905.789,-51.551567
1427157905.805,-51.72681
1427157905.82,-51.375988
1427157905.836,-50.479263
1427157905.852,-49.271584
1427157905.867,-48.094543
1427157905.883,-47.199814
1427157905.899,-46.54399
1427157905.914,-45.798668
1427157905.93,-44.431274
1427157905.945,-41.951626
1427157905.961,-38.133427
1427157905.977,-33.105705
1427157905.992,-27.334114
1427157906.008,-21.42639
1427157906.024,-15.919892
1427157906.039,-11.07651
1427157906.055,-6.8344765
1427157906.07,-2.8384345
1427157906.086,1.4124743
1427157906.102,6.2920117
1427157906.117,11.952096
1427157906.133,18.172733
1427157906.149,24.495102
1427157906.164,30.378191
1427157906.18,35.470306
1427157906.195,39.709843
1427157906.211,43.39582
1427157906.227,47.05413
1427157906.242,51.280613
1427157906.258,56.554295
1427157906.274,63.142483
1427157906.289,70.961975
1427157906.305,79.48617
1427157906.32,87.64934
1427157906.336,93.9093
1427157906.352,96.574234
1427157906.367,94.284424
1427157906.383,86.52261
1427157906.399,73.9143
1427157906.414,58.047916
1427157906.43,40.959267
1427157906.445,24.48235
1427157906.461,9.7845955
1427157906.477,-2.7498364
1427157906.492,-13.282639
1427157906.508,-22.164898
1427157906.524,-29.61202
1427157906.539,-35.66186
1427157906.555,-40.24711
1427157906.57,-43.392582
1427157906.586,-45.28175
1427157906.602,-46.27008
1427157906.617,-46.76105
1427157906.633,-47.079178
1427157906.649,-47.368244
1427157906.664,-47.587067
1427157906.68,-47.577972
1427157906.696,-47.224937
1427157906.711,-46.534447
1427157906.727,-45.666904
1427157906.742,-44.799667
1427157906.758,-43.992523
1427157906.774,-43.06221
1427157906.789,-41.656425
1427157906.805,-39.445457
1427157906.821,-36.323097
1427157906.836,-32.49299
1427157906.852,-28.351448
1427157906.867,-24.287523
1427157906.883,-20.449484
1427157906.899,-16.675915
1427157906.914,-12.611422
1427157906.93,-7.9198933
1427157906.946,-2.509512
1427157906.961,3.4226665
1427157906.977,9.428272
1427157906.992,15.040272
1427157907.008,19.945925
1427157907.024,24.156345
1427157907.039,27.991331
1427157907.055,32.035545
1427157907.071,36.92772
1427157907.086,43.15524
1427157907.102,50.747387
1427157907.117,59.118134
1427157907.133,66.964554
1427157907.149,72.5405
1427157907.164,74.133514
1427157907.18,70.62073
1427157907.196,61.90464
1427157907.211,49.008965
1427157907.227,33.710236
1427157907.242,17.984404
1427157907.258,3.4161491
1427157907.274,-9.128075
1427157907.289,-19.465235
1427157907.305,-27.800098
1427157907.321,-34.407578
1427157907.336,-39.411808
1427157907.352,-42.78869
1427157907.367,-44.514545
1427157907.383,-44.73578
1427157907.399,-43.839672
1427157907.414,-42.416504
1427157907.43,-41.095997
1427157907.446,-40.35178
1427157907.461,-40.37481
1427157907.477,-41.037132
1427157907.492,-41.960983
1427157907.508,-42.704666
1427157907.524,-42.889137
1427157907.539,-42.32884
1427157907.555,-40.969223
1427157907.571,-38.896217
1427157907.586,-36.17817
1427157907.602,-32.894257
1427157907.617,-29.111649
1427157907.633,-24.936306
1427157907.649,-20.469645
1427157907.664,-15.808627
1427157907.68,-10.956874
1427157907.696,-5.8220806
1427157907.711,-0.25714397
1427157907.727,5.7913284
1427157907.742,12.215685
1427157907.758,18.703354
1427157907.774,24.860023
1427157907.789,30.383995
1427157907.805,35.205086
1427157907.821,39.525948
1427157907.836,43.804314
1427157907.852,48.587696
1427157907.867,54.398315
1427157907.883,61.488197
1427157907.899,69.68485
1427157907.914,78.140236
1427157907.93,85.38851
1427157907.946,89.61566
1427157907.961,89.169075
1427157907.977,83.16794
1427157907.992,71.914986
1427157908.008,56.832455
1427157908.024,39.9806
1427157908.039,23.35597
1427157908.055,8.299605
1427157908.071,-4.7054214
1427157908.086,-15.782019
1427157908.102,-25.260954
1427157908.117,-33.28852
1427157908.133,-39.75442
1427157908.149,-44.466515
1427157908.164,-47.398636
1427157908.18,-48.82598
1427157908.196,-49.297623
1427157908.211,-49.3722
1427157908.227,-49.43302
1427157908.242,-49.556107
1427157908.258,-49.55214
1427157908.274,-49.18613
1427157908.289,-48.34729
1427157908.305,-47.175034
1427157908.321,-46.00543
1427157908.336,-45.16092
1427157908.352,-44.73236
1427157908.367,-44.452797
1427157908.383,-43.77211
1427157908.399,-42.095104
1427157908.414,-39.05927
1427157908.43,-34.6983
1427157908.446,-29.459282
1427157908.461,-23.974043
1427157908.477,-18.816235
1427157908.492,-14.274899
1427157908.508,-10.279124
1427157908.524,-6.4641666
1427157908.539,-2.3558903
1427157908.555,2.456552
1427157908.571,8.102122
1427157908.586,14.413395
1427157908.602,20.936363
1427157908.617,27.140972
1427157908.633,32.58789
1427157908.649,37.124855
1427157908.664,40.94744
1427157908.68,44.54507
1427157908.696,48.54789
1427157908.711,53.552746
1427157908.727,59.942818
1427157908.742,67.7016
1427157908.758,76.205864
1427157908.774,84.1876
1427157908.789,89.880714
1427157908.805,91.49632
1427157908.821,87.799576
1427157908.836,78.61824
1427157908.852,64.95922
1427157908.867,48.687653
1427157908.883,31.91144
1427157908.899,16.325802
1427157908.914,2.8361256
1427157908.93,-8.419668
1427157908.946,-17.757729
1427157908.961,-25.600431
1427157908.977,-32.173088
1427157908.992,-37.526756
1427157909.008,-41.574917
1427157909.024,-44.32428
1427157909.039,-45.907906
1427157909.055,-46.59623
1427157909.071,-46.743145
1427157909.086,-46.640015
1427157909.102,-46.44498
1427157909.117,-46.129093
1427157909.133,-45.578236
1427157909.149,-44.703255
1427157909.164,-43.557915
1427157909.18,-42.306175
1427157909.196,-41.123344
1427157909.211,-40.020588
1427157909.227,-38.799236
1427157909.242,-37.109833
1427157909.258,-34.660164
1427157909.274,-31.369747
1427157909.289,-27.439098
1427157909.305,-23.221668
1427157909.321,-19.018387
1427157909.336,-14.904214
1427157909.352,-10.68938
1427157909.368,-6.0566626
1427157909.383,-0.7742348
1427157909.399,5.139267
1427157909.414,11.3817425
1427157909.43,17.494486
1427157909.446,23.03385
1427157909.461,27.799488
1427157909.477,31.875809
1427157909.493,35.650528
1427157909.508,39.73505
1427157909.524,44.78176
1427157909.539,51.256165
1427157909.555,59.113712
1427157909.571,67.56693
1427157909.586,75.09519
1427157909.602,79.7617
1427157909.618,79.8323
1427157909.633,74.418564
1427157909.649,63.877247
1427157909.664,49.666935
1427157909.68,33.850727
1427157909.696,18.35743
1427157909.711,4.4372377
1427157909.727,-7.4564643
1427157909.743,-17.43036
1427157909.758,-25.762775
1427157909.774,-32.557117
1427157909.789,-37.733944
1427157909.805,-41.1409
1427157909.821,-42.808025
1427157909.836,-43.035973
1427157909.852,-42.37065
1427157909.868,-41.419033
1427157909.883,-40.660183
1427157909.899,-40.306484
1427157909.914,-40.288525
1427157909.93,-40.329494
1427157909.946,-40.126987
1427157909.961,-39.452282
1427157909.977,-38.269146
1427157909.993,-36.71202
1427157910.008,-35.001915
1427157910.024,-33.295734
1427157910.039,-31.551373
1427157910.055,-29.49933
1427157910.071,-26.731922
1427157910.086,-22.84095
1427157910.102,-17.655504
1427157910.118,-11.340553
1427157910.133,-4.3850822
1427157910.149,2.5528584
1427157910.164,8.9013605
1427157910.18,14.372708
1427157910.196,19.080648
1427157910.211,23.475935
1427157910.227,28.159523
1427157910.243,33.68479
1427157910.258,40.420547
1427157910.274,48.436577
1427157910.289,57.401405
1427157910.305,66.52458
1427157910.321,74.523155
1427157910.336,79.81038
1427157910.352,80.87769
1427157910.368,76.83624
1427157910.383,67.761475
1427157910.399,54.776062
1427157910.414,39.701168
1427157910.43,24.436615
1427157910.446,10.366325
1427157910.461,-1.8823805
1427157910.477,-12.347766
1427157910.493,-21.367088
1427157910.508,-29.174652
1427157910.524,-35.74804
1427157910.539,-40.85575
1427157910.555,-44.28602
1427157910.571,-46.065372
1427157910.586,-46.480743
1427157910.602,-46.039474
1427157910.618,-45.253693
1427157910.633,-44.52784
1427157910.649,-44.008392
1427157910.664,-43.633877
1427157910.68,-43.16715
1427157910.696,-42.35199
1427157910.711,-41.019707
1427157910.727,-39.155933
1427157910.743,-36.865807
1427157910.758,-34.305016
1427157910.774,-31.565632
1427157910.789,-28.640314
1427157910.805,-25.375565
1427157910.821,-21.567995
1427157910.836,-17.031437
1427157910.852,-11.672254
1427157910.868,-5.544793
1427157910.883,1.0758314
1427157910.899,7.7996454
1427157910.914,14.188967
1427157910.93,19.953709
1427157910.946,25.019402
1427157910.961,29.614902
1427157910.977,34.157173
1427157910.993,39.163055
1427157911.008,45.083244
1427157911.024,52.206264
1427157911.039,60.517914
1427157911.055,69.52932
1427157911.071,78.19146
1427157911.086,84.95826
1427157911.102,88.11075
1427157911.118,86.27652
1427157911.133,78.95885
1427157911.149,66.814896
1427157911.164,51.43772
1427157911.18,34.845184
1427157911.196,18.787605
1427157911.211,4.321472
1427157911.227,-8.280643
1427157911.243,-19.202032
1427157911.258,-28.713358
1427157911.274,-36.869106
1427157911.289,-43.526146
1427157911.305,-48.50145
1427157911.321,-51.775856
1427157911.336,-53.598602
1427157911.352,-54.411694
1427157911.368,-54.663376
1427157911.383,-54.667145
1427157911.399,-54.478706
1427157911.414,-54.00286
1427157911.43,-53.080032
1427157911.446,-51.708855
1427157911.461,-50.027008
1427157911.477,-48.293518
1427157911.493,-46.700996
1427157911.508,-45.23533
1427157911.524,-43.6056
1427157911.539,-41.426804
1427157911.555,-38.382835
1427157911.571,-34.40239
1427157911.586,-29.716143
1427157911.602,-24.73141
1427157911.618,-19.831987
1427157911.633,-15.22319
1427157911.649,-10.827875
1427157911.664,-6.387537
1427157911.68,-1.5653286
1427157911.696,3.8423939
1427157911.711,9.825842
1427157911.727,16.137297
1427157911.743,22.393152
1427157911.758,28.192043
1427157911.774,33.29883
1427157911.789,37.75956
1427157911.805,41.91968
1427157911.821,46.396656
1427157911.836,51.93181
1427157911.852,59.117424
1427157911.868,68.05345
1427157911.883,78.04544
1427157911.899,87.53859
1427157911.914,94.38865
1427157911.93,96.481155
1427157911.946,92.47867
1427157911.961,82.3719
1427157911.977,67.52807
1427157911.993,50.223408
1427157912.008,32.802986
1427157912.024,17.016354
1427157912.04,3.5896893
1427157912.055,-7.573065
1427157912.071,-16.998806
1427157912.086,-25.115004
1427157912.102,-32.02278
1427157912.118,-37.51301
1427157912.133,-41.329453
1427157912.149,-43.41663
1427157912.165,-44.059135
1427157912.18,-43.775414
1427157912.196,-43.170044
1427157912.211,-42.725582
1427157912.227,-42.647285
1427157912.243,-42.866486
1427157912.258,-43.132607
1427157912.274,-43.14228
1427157912.29,-42.695057
1427157912.305,-41.726692
1427157912.321,-40.329735
1427157912.336,-38.61081
1427157912.352,-36.652245
1427157912.368,-34.4086
1427157912.383,-31.753357
1427157912.399,-28.497068
1427157912.415,-24.509241
1427157912.43,-19.75635
1427157912.446,-14.396128
1427157912.461,-8.710188
1427157912.477,-3.0450115
1427157912.493,2.321457
1427157912.508,7.249258
1427157912.524,11.837103
1427157912.54,16.329876
1427157912.555,21.10837
1427157912.571,26.519045
1427157912.586,32.837105
1427157912.602,40.167194
1427157912.618,48.39354
1427157912.633,57.039066
1427157912.649,65.215546
1427157912.665,71.57344
1427157912.68,74.59328
1427157912.696,72.97119
1427157912.711,66.13765
1427157912.727,54.556534
1427157912.743,39.68393
1427157912.758,23.541016
1427157912.774,8.058666
1427157912.79,-5.4624176
1427157912.805,-16.57439
1427157912.821,-25.510044
1427157912.836,-32.724255
1427157912.852,-38.571228
1427157912.868,-43.075073
1427157912.883,-46.102184
1427157912.899,-47.56407
1427157912.915,-47.652622
1427157912.93,-46.812542
1427157912.946,-45.606213
1427157912.961,-44.496037
1427157912.977,-43.713882
1427157912.993,-43.216362
1427157913.008,-42.836185
1427157913.024,-42.403214
1427157913.04,-41.798325
1427157913.055,-40.96596
1427157913.071,-39.846817
1427157913.086,-38.348145
1427157913.102,-36.341347
1427157913.118,-33.734955
1427157913.133,-30.541283
1427157913.149,-26.817806
1427157913.165,-22.678854
1427157913.18,-18.167463
1427157913.196,-13.2507305
1427157913.211,-7.822775
1427157913.227,-1.8361645
1427157913.243,4.6321545
1427157913.258,11.34437
1427157913.274,17.941437
1427157913.29,24.072758
1427157913.305,29.500786
1427157913.321,34.21296
1427157913.336,38.434692
1427157913.352,42.597763
1427157913.368,47.269978
1427157913.383,53.005585
1427157913.399,60.123093
1427157913.415,68.412
1427157913.43,76.943375
1427157913.446,84.08699
1427157913.461,87.92687
1427157913.477,86.82813
1427157913.493,80.066154
1427157913.508,68.135994
1427157913.524,52.60908
1427157913.54,35.56802
1427157913.555,18.939877
1427157913.571,3.9645138
1427157913.586,-8.927615
1427157913.602,-19.89181
1427157913.618,-29.230051
1427157913.633,-37.127968
1427157913.649,-43.54944
1427157913.665,-48.398563
1427157913.68,-51.663635
1427157913.696,-53.608482
1427157913.711,-54.655334
1427157913.727,-55.27129
1427157913.743,-55.741173
1427157913.758,-56.10373
1427157913.774,-56.1456
1427157913.79,-55.613228
1427157913.805,-54.39011
1427157913.821,-52.62431
1427157913.836,-50.655773
1427157913.852,-48.86224
1427157913.868,-47.42637
1427157913.883,-46.230305
1427157913.899,-44.84018
1427157913.915,-42.738895
1427157913.93,-39.50293
1427157913.946,-35.03815
1427157913.961,-29.634335
1427157913.977,-23.847097
1427157913.993,-18.271221
1427157914.008,-13.308865
1427157914.024,-8.98815
1427157914.04,-5.005006
1427157914.055,-0.8376303
1427157914.071,3.9788494
1427157914.086,9.666999
1427157914.102,16.086246
1427157914.118,22.78047
1427157914.133,29.182022
1427157914.149,34.873608
1427157914.165,39.724827
1427157914.18,43.9973
1427157914.196,48.161224
1427157914.211,52.81447
1427157914.227,58.44433
1427157914.243,65.33498
1427157914.258,73.3451
1427157914.274,81.81047
1427157914.29,89.43131
1427157914.305,94.488655
1427157914.321,95.24392
1427157914.336,90.547134
1427157914.352,80.2992
1427157914.368,65.60663
1427157914.383,48.42883
1427157914.399,30.941233
1427157914.415,14.81159
1427157914.43,0.84542465
1427157914.446,-10.947231
1427157914.461,-20.937206
1427157914.477,-29.442886
1427157914.493,-36.470734
1427157914.508,-41.82166
1427157914.524,-45.32789
1427157914.54,-47.10594
1427157914.555,-47.58411
1427157914.571,-47.356293
1427157914.586,-46.953575
1427157914.602,-46.651436
1427157914.618,-46.42297
1427157914.633,-46.058117
1427157914.649,-45.32221
1427157914.665,-44.172527
1427157914.68,-42.750385
1427157914.696,-41.35964
1427157914.712,-40.26943
1427157914.727,-39.585365
1427157914.743,-39.138157
1427157914.758,-38.535896
1427157914.774,-37.29142
1427157914.79,-35.027504
1427157914.805,-31.620941
1427157914.821,-27.268997
1427157914.836,-22.40601
1427157914.852,-17.568157
1427157914.868,-13.145802
1427157914.883,-9.277023
1427157914.899,-5.7514343
1427157914.915,-2.142685
1427157914.93,2.0248718
1427157914.946,7.018978
1427157914.962,12.809723
1427157914.977,19.012024
1427157914.993,25.063705
1427157915.008,30.420414
1427157915.024,34.82177
1427157915.04,38.352654
1427157915.055,41.44225
1427157915.071,44.689316
1427157915.087,48.759186
1427157915.102,54.151196
1427157915.118,61.02636
1427157915.133,69.01918
1427157915.149,77.12684
1427157915.165,83.76308
1427157915.18,87.13539
1427157915.196,85.75521
1427157915.212,78.99221
1427157915.227,67.35541
1427157915.243,52.3565
1427157915.258,35.987957
1427157915.274,20.119629
1427157915.29,5.9640846
1427157915.305,-6.009735
1427157915.321,-15.893879
1427157915.337,-23.963005
1427157915.352,-30.428802
1427157915.368,-35.332653
1427157915.383,-38.647858
1427157915.399,-40.436897
1427157915.415,-40.97992
1427157915.43,-40.696392
1427157915.446,-40.100945
1427157915.462,-39.611687
1427157915.477,-39.47134
1427157915.493,-39.68185
1427157915.508,-40.081055
1427157915.524,-40.41301
1427157915.54,-40.449436
1427157915.555,-40.0542
1427157915.571,-39.184204
1427157915.587,-37.896446
1427157915.602,-36.25853
1427157915.618,-34.29166
1427157915.633,-31.973934
1427157915.649,-29.204708
1427157915.665,-25.859177
1427157915.68,-21.82048
1427157915.696,-17.067543
1427157915.712,-11.691891
1427157915.727,-5.918865
1427157915.743,-0.035339355
1427157915.758,5.6820755
1427157915.774,11.077301
1427157915.79,16.1502
1427157915.805,20.993935
1427157915.821,25.759941
1427157915.837,30.637486
1427157915.852,35.846504
1427157915.868,41.667027
1427157915.883,48.317184
1427157915.899,55.763996
1427157915.915,63.440163
1427157915.93,70.15476
1427157915.946,74.30884
1427157915.962,74.39194
1427157915.977,69.526566
1427157915.993,59.913216
1427157916.008,46.761406
1427157916.024,31.865486
1427157916.04,16.977661
1427157916.055,3.3363457
1427157916.071,-8.5223465
1427157916.087,-18.561974
1427157916.102,-26.923378
1427157916.118,-33.64819
1427157916.133,-38.671173
1427157916.149,-41.89206
1427157916.165,-43.443752
1427157916.18,-43.70215
1427157916.196,-43.248028
1427157916.212,-42.656204
1427157916.227,-42.295773
1427157916.243,-42.235306
1427157916.258,-42.291122
1427157916.274,-42.197113
1427157916.29,-41.78344
1427157916.305,-41.121025
1427157916.321,-40.43817
1427157916.337,-39.959236
1427157916.352,-39.716667
1427157916.368,-39.416237
1427157916.383,-38.573174
1427157916.399,-36.677025
1427157916.415,-33.49279
1427157916.43,-29.162445
1427157916.446,-24.176292
1427157916.462,-19.120163
1427157916.477,-14.459923
1427157916.493,-10.326462
1427157916.508,-6.5246277
1427157916.524,-2.5993118
1427157916.54,1.8834
1427157916.555,7.1764526
1427157916.571,13.2339325
1427157916.587,19.711319
1427157916.602,26.107475
1427157916.618,31.948425
1427157916.633,36.96965
1427157916.649,41.190758
1427157916.665,44.929214
1427157916.68,48.7181
1427157916.696,53.17932
1427157916.712,58.846527
1427157916.727,65.85664
1427157916.743,73.73985
1427157916.758,81.26196
1427157916.774,86.62046
1427157916.79,87.912346
1427157916.805,83.842834
1427157916.821,74.242676
1427157916.837,60.22577
1427157916.852,43.770065
1427157916.868,27.057053
1427157916.883,11.72197
1427157916.899,-1.4417953
1427157916.915,-12.40728
1427157916.93,-21.500381
1427157916.946,-29.030106
1427157916.962,-35.07698
1427157916.977,-39.588142
1427157916.993,-42.529823
1427157917.008,-44.092278
1427157917.024,-44.639557
1427157917.04,-44.654083
1427157917.055,-44.543327
1427157917.071,-44.52368
1427157917.087,-44.577248
1427157917.102,-44.52597
1427157917.118,-44.136642
1427157917.133,-43.299133
1427157917.149,-42.080223
1427157917.165,-40.748146
1427157917.18,-39.60434
1427157917.196,-38.838394
1427157917.212,-38.34706
1427157917.227,-37.7471
1427157917.243,-36.536514
1427157917.258,-34.319336
1427157917.274,-31.00505
1427157917.29,-26.856407
1427157917.305,-22.337196
1427157917.321,-17.904053
1427157917.337,-13.808533
1427157917.352,-9.985733
1427157917.368,-6.1387863
1427157917.384,-1.9119568
1427157917.399,2.9601822
1427157917.415,8.513931
1427157917.43,14.525932
1427157917.446,20.603699
1427157917.462,26.33892
1427157917.477,31.418922
1427157917.493,35.752754
1427157917.508,39.484566
1427157917.524,42.960114
1427157917.54,46.643356
1427157917.555,51.00318
1427157917.571,56.434143
1427157917.587,63.119217
1427157917.602,70.83743
1427157917.618,78.823044
1427157917.634,85.69756
1427157917.649,89.75406
1427157917.665,89.37579
1427157917.68,83.65032
1427157917.696,72.772316
1427157917.712,58.055428
1427157917.727,41.484802
1427157917.743,25.076996
1427157917.759,10.283577
1427157917.774,-2.237564
1427157917.79,-12.524391
1427157917.805,-20.891724
1427157917.821,-27.638878
1427157917.837,-32.89353
1427157917.852,-36.68628
1427157917.868,-39.089058
1427157917.884,-40.310806
1427157917.899,-40.703438
1427157917.915,-40.60807
1427157917.93,-40.288574
1427157917.946,-39.869484
1427157917.962,-39.37316
1427157917.977,-38.79419
1427157917.993,-38.173645
1427157918.009,-37.608376
1427157918.024,-37.177383
1427157918.04,-36.86416
1427157918.055,-36.505417
1427157918.071,-35.81829
1427157918.087,-34.50386
1427157918.102,-32.397667
1427157918.118,-29.51741
1427157918.134,-26.09726
1427157918.149,-22.420448
1427157918.165,-18.726578
1427157918.18,-15.061188
1427157918.196,-11.291481
1427157918.212,-7.1986847
1427157918.227,-2.6190796
1427157918.243,2.4674683
1427157918.259,7.909218
1427157918.274,13.473125
1427157918.29,18.88353
1427157918.305,23.947487
1427157918.321,28.577473
1427157918.337,32.836174
1427157918.352,36.96487
1427157918.368,41.369747
1427157918.384,46.51574
1427157918.399,52.67998
1427157918.415,59.62431
1427157918.43,66.40199
1427157918.446,71.44939
1427157918.462,73.01573
1427157918.477,69.79402
1427157918.493,61.45515
1427157918.509,48.825985
1427157918.524,33.60669
1427157918.54,17.77486
1427157918.555,2.967846
1427157918.571,-9.871567
1427157918.587,-20.490822
1427157918.602,-29.055115
1427157918.618,-35.787403
1427157918.634,-40.78739
1427157918.649,-43.99728
1427157918.665,-45.37169
1427157918.68,-45.03097
1427157918.696,-43.392372
1427157918.712,-41.10286
1427157918.727,-38.879795
1427157918.743,-37.269848
1427157918.759,-36.48313
1427157918.774,-36.319996
1427157918.79,-36.34599
1427157918.805,-36.09257
1427157918.821,-35.3151
1427157918.837,-34.032047
1427157918.852,-32.479893
1427157918.868,-30.922947
1427157918.884,-29.46986
1427157918.899,-27.988369
1427157918.915,-26.155163
1427157918.93,-23.576435
1427157918.946,-19.9474
1427157918.962,-15.155865
1427157918.977,-9.352947
1427157918.993,-2.891344
1427157919.009,3.7684212
1427157919.024,10.175936
1427157919.04,16.030361
1427157919.055,21.281595
1427157919.071,26.086962
1427157919.087,30.803288
1427157919.102,35.851597
1427157919.118,41.669174
1427157919.134,48.55306
1427157919.149,56.48649
1427157919.165,64.90767
1427157919.18,72.65938
1427157919.196,78.07428
1427157919.212,79.42831
1427157919.227,75.52046
1427157919.243,66.179794
1427157919.259,52.414307
1427157919.274,36.107216
1427157919.29,19.370382
1427157919.305,3.9356842
1427157919.321,-9.268623
1427157919.337,-20.052696
1427157919.352,-28.685074
1427157919.368,-35.498352
1427157919.384,-40.694183
1427157919.399,-44.31282
1427157919.415,-46.408577
1427157919.43,-47.15637
1427157919.446,-46.90203
1427157919.462,-46.04458
1427157919.477,-44.950417
1427157919.493,-43.829414
1427157919.509,-42.752495
1427157919.524,-41.689205
1427157919.54,-40.60393
1427157919.555,-39.492573
1427157919.571,-38.407146
1427157919.587,-37.36189
1427157919.602,-36.316917
1427157919.618,-35.10529
1427157919.634,-33.511414
1427157919.649,-31.312107
1427157919.665,-28.445541
1427157919.68,-24.999947
1427157919.696,-21.187706
1427157919.712,-17.22039
1427157919.727,-13.193923
1427157919.743,-8.990595
1427157919.759,-4.403537
1427157919.774,0.7699089
1427157919.79,6.5514326
1427157919.805,12.732065
1427157919.821,18.94154
1427157919.837,24.800396
1427157919.852,30.075535
1427157919.868,34.803368
1427157919.884,39.249268
1427157919.899,43.879505
1427157919.915,49.221977
1427157919.93,55.739685
1427157919.946,63.56819
1427157919.962,72.30719
1427157919.977,80.80448
1427157919.993,87.33436
1427157920.009,89.966705
1427157920.024,87.27627
1427157920.04,78.864815
1427157920.055,65.59376
1427157920.071,49.30266
1427157920.087,32.155212
1427157920.102,15.941124
1427157920.118,1.6511497
1427157920.134,-10.542814
1427157920.149,-20.925627
1427157920.165,-29.82572
1427157920.18,-37.3339
1427157920.196,-43.30162
1427157920.212,-47.54282
1427157920.227,-50.071114
1427157920.243,-51.17086
1427157920.259,-51.36313
1427157920.274,-51.17482
1427157920.29,-50.958138
1427157920.306,-50.741497
1427157920.321,-50.35596
1427157920.337,-49.56768
1427157920.352,-48.30417
1427157920.368,-46.724392
1427157920.384,-45.184914
1427157920.399,-43.988987
1427157920.415,-43.17152
1427157920.431,-42.439983
1427157920.446,-41.264038
1427157920.462,-39.096054
1427157920.477,-35.684746
1427157920.493,-31.162197
1427157920.509,-26.013521
1427157920.524,-20.836323
1427157920.54,-16.089716
1427157920.556,-11.86533
1427157920.571,-7.9151497
1427157920.587,-3.7676659
1427157920.602,0.99928856
1427157920.618,6.5591373
1427157920.634,12.753958
1427157920.649,19.198477
1427157920.665,25.414291
1427157920.681,31.057112
1427157920.696,35.999283
1427157920.712,40.398285
1427157920.727,44.606674
1427157920.743,49.133766
1427157920.759,54.500374
1427157920.774,61.129395
1427157920.79,69.033356
1427157920.806,77.59866
1427157920.821,85.488754
1427157920.837,90.844864
1427157920.852,91.8078
1427157920.868,87.21044
1427157920.884,77.04618
1427157920.899,62.550323
1427157920.915,45.749397
1427157920.931,28.78821
1427157920.946,13.244209
1427157920.962,-0.12580109
1427157920.977,-11.321402
1427157920.993,-20.654444
1427157921.009,-28.386137
1427157921.024,-34.534554
1427157921.04,-38.952553
1427157921.056,-41.56408
1427157921.071,-42.545597
1427157921.087,-42.362865
1427157921.102,-41.626144
1427157921.118,-40.91161
1427157921.134,-40.572556
1427157921.149,-40.673252
1427157921.165,-41.05913
1427157921.181,-41.476078
1427157921.196,-41.704105
1427157921.212,-41.61966
1427157921.227,-41.19073
1427157921.243,-40.396656
1427157921.259,-39.219334
1427157921.274,-37.59679
1427157921.29,-35.4543
1427157921.306,-32.77139
1427157921.321,-29.545574
1427157921.337,-25.796753
1427157921.352,-21.539742
1427157921.368,-16.769882
1427157921.384,-11.518616
1427157921.399,-5.870964
1427157921.415,0.0111961365
1427157921.431,5.9130745
1427157921.446,11.605797
1427157921.462,16.953537
1427157921.477,21.92276
1427157921.493,26.641651
1427157921.509,31.417439
1427157921.524,36.679607
1427157921.54,42.855755
1427157921.556,50.184765
1427157921.571,58.392
1427157921.587,66.54542
1427157921.602,73.067116
1427157921.618,76.151085
1427157921.634,74.31425
1427157921.649,67.01864
1427157921.665,54.893776
1427157921.681,39.60009
1427157921.696,23.208397
1427157921.712,7.5596085
1427157921.727,-6.205765
1427157921.743,-17.743599
1427157921.759,-27.25003
1427157921.774,-35.051796
1427157921.79,-41.330147
1427157921.806,-46.04734
1427157921.821,-49.058052
1427157921.837,-50.355896
1427157921.852,-50.191162
1427157921.868,-49.034813
1427157921.884,-47.4526
1427157921.899,-45.90226
1427157921.915,-44.623344
1427157921.931,-43.625244
1427157921.946,-42.769455
1427157921.962,-41.88369
1427157921.977,-40.863487
1427157921.993,-39.69793
1427157922.009,-38.38327
1427157922.024,-36.86698
1427157922.04,-35.051918
1427157922.056,-32.770508
1427157922.071,-29.898499
1427157922.087,-26.360786
1427157922.102,-22.127045
1427157922.118,-17.180862
1427157922.134,-11.530212
1427157922.149,-5.2403793
1427157922.165,1.4798279
1427157922.181,8.304733
1427157922.196,14.844154
1427157922.212,20.807816
1427157922.227,26.131355
1427157922.243,31.004257
1427157922.259,35.82586
1427157922.274,41.05227
1427157922.29,47.09291
1427157922.306,54.220222
1427157922.321,62.412514
1427157922.337,71.22812
1427157922.352,79.651855
1427157922.368,86.1863
1427157922.384,89.0909
1427157922.399,86.99193
1427157922.415,79.37567
1427157922.431,66.85751
1427157922.446,51.027946
1427157922.462,33.90042
1427157922.477,17.261871
1427157922.493,2.2314606
1427157922.509,-10.788086
1427157922.524,-21.875725
1427157922.54,-31.208145
1427157922.556,-38.846153
1427157922.571,-44.71528
1427157922.587,-48.780632
1427157922.602,-51.16252
1427157922.618,-52.190437
1427157922.634,-52.31758
1427157922.649,-51.976845
1427157922.665,-51.48707
1427157922.681,-50.98503
1427157922.696,-50.445297
1427157922.712,-49.769455
1427157922.727,-48.85327
1427157922.743,-47.67901
1427157922.759,-46.318398
1427157922.774,-44.85701
1427157922.79,-43.33069
1427157922.806,-41.619072
1427157922.821,-39.50209
1427157922.837,-36.732697
1427157922.852,-33.252686
1427157922.868,-29.217339
1427157922.884,-24.936188
1427157922.899,-20.687866
1427157922.915,-16.536232
1427157922.931,-12.264526
1427157922.946,-7.490013
1427157922.962,-1.8790665
1427157922.978,4.6331253
1427157922.993,11.798279
1427157923.009,19.093353
1427157923.024,25.981003
1427157923.04,32.066406
1427157923.056,37.267418
1427157923.071,41.828934
1427157923.087,46.28617
1427157923.103,51.319122
1427157923.118,57.564873
1427157923.134,65.33462
1427157923.149,74.28435
1427157923.165,83.2596
1427157923.181,90.44004
1427157923.196,93.771935
1427157923.212,91.64128
1427157923.228,83.467804
1427157923.243,69.952866
1427157923.259,52.83748
1427157923.274,34.367676
1427157923.29,16.58448
1427157923.306,0.82133484
1427157923.321,-12.408211
1427157923.337,-23.203606
1427157923.353,-31.966438
1427157923.368,-39.0058
1427157923.384,-44.433563
1427157923.399,-48.17019
1427157923.415,-50.185318
1427157923.431,-50.615845
1427157923.446,-49.886093
1427157923.462,-48.607635
1427157923.478,-47.391113
1427157923.493,-46.58602
1427157923.509,-46.198044
1427157923.524,-45.899277
1427157923.54,-45.26709
1427157923.556,-43.976997
1427157923.571,-41.98667
1427157923.587,-39.489998
1427157923.603,-36.795074
1427157923.618,-34.13645
1427157923.634,-31.554695
1427157923.649,-28.897026
1427157923.665,-25.905754
1427157923.681,-22.303131
1427157923.696,-17.921638
1427157923.712,-12.716003
1427157923.728,-6.834427
1427157923.743,-0.5380783
1427157923.759,5.7966156
1427157923.774,11.813721
1427157923.79,17.301155
1427157923.806,22.247993
1427157923.821,26.851425
1427157923.837,31.491005
1427157923.853,36.598343
1427157923.868,42.55053
1427157923.884,49.537735
1427157923.899,57.460922
1427157923.915,65.75011
1427157923.931,73.32183
1427157923.946,78.67073
1427157923.962,80.207794
1427157923.978,76.75024
1427157923.993,68.00994
1427157924.009,54.744003
1427157924.024,38.657623
1427157924.04,21.792633
1427157924.056,5.9633713
1427157924.071,-7.722389
1427157924.087,-18.942245
1427157924.103,-27.910622
1427157924.118,-34.98166
1427157924.134,-40.36924
1427157924.149,-44.092842
1427157924.165,-46.123154
1427157924.181,-46.61515
1427157924.196,-46.023865
1427157924.212,-44.97725
1427157924.228,-44.113503
1427157924.243,-43.77449
1427157924.259,-43.895393
1427157924.274,-44.08268
1427157924.29,-43.852386
1427157924.306,-42.87278
1427157924.321,-41.16233
1427157924.337,-38.988808
1427157924.353,-36.718765
1427157924.368,-34.559677
1427157924.384,-32.402092
1427157924.399,-29.853783
1427157924.415,-26.399162
1427157924.431,-21.643402
1427157924.446,-15.529594
1427157924.462,-8.384148
1427157924.478,-0.8180618
1427157924.493,6.4878616
1427157924.509,13.03978
1427157924.524,18.720055
1427157924.54,23.78852
1427157924.556,28.792038
1427157924.571,34.336983
1427157924.587,40.927742
1427157924.603,48.787964
1427157924.618,57.779785
1427157924.634,67.25054
1427157924.649,76.06276
1427157924.665,82.65842
1427157924.681,85.4122
1427157924.696,83.103386
1427157924.712,75.40143
1427157924.728,63.025917
1427157924.743,47.61583
1427157924.759,31.148552
1427157924.774,15.360779
1427157924.79,1.2916489
1427157924.806,-10.753426
1427157924.821,-20.992691
1427157924.837,-29.718353
1427157924.853,-37.055336
1427157924.868,-42.89012
1427157924.884,-47.02112
1427157924.899,-49.379776
1427157924.915,-50.179535
1427157924.931,-49.87764
1427157924.946,-49.0325
1427157924.962,-48.103836
1427157924.978,-47.329704
1427157924.993,-46.69513
1427157925.009,-46.083443
1427157925.024,-45.35576
1427157925.04,-44.486313
1427157925.056,-43.505943
1427157925.071,-42.422623
1427157925.087,-41.12673
1427157925.103,-39.39393
1427157925.118,-36.95221
1427157925.134,-33.622124
1427157925.149,-29.385345
1427157925.165,-24.403381
1427157925.181,-18.88871
1427157925.196,-13.028183
1427157925.212,-6.9159927
1427157925.228,-0.601593
1427157925.243,5.888611
1427157925.259,12.411278
1427157925.274,18.789436
1427157925.29,24.826149
1427157925.306,30.439156
1427157925.321,35.665703
1427157925.337,40.742294
1427157925.353,46.014145
1427157925.368,51.908028
1427157925.384,58.762123
1427157925.399,66.64965
1427157925.415,75.133255
1427157925.431,83.10458
1427157925.446,88.91
1427157925.462,90.79258
1427157925.478,87.43835
1427157925.493,78.568306
1427157925.509,65.07034
1427157925.524,48.762833
1427157925.54,31.70472
1427157925.556,15.566185
1427157925.571,1.1906357
1427157925.587,-11.339043
1427157925.603,-22.326706
1427157925.618,-32.04721
1427157925.634,-40.478325
1427157925.65,-47.37104
1427157925.665,-52.484314
1427157925.681,-55.793167
1427157925.696,-57.579857
1427157925.712,-58.319572
1427157925.728,-58.490692
1427157925.743,-58.412773
1427157925.759,-58.221603
1427157925.774,-57.872787
1427157925.79,-57.264786
1427157925.806,-56.309227
1427157925.821,-54.994064
1427157925.837,-53.390617
1427157925.853,-51.608788
1427157925.868,-49.74214
1427157925.884,-47.807358
1427157925.9,-45.693466
1427157925.915,-43.182556
1427157925.931,-40.00879
1427157925.946,-36.032753
1427157925.962,-31.287193
1427157925.978,-26.093826
1427157925.993,-20.900833
1427157926.009,-16.130539
1427157926.025,-11.947716
1427157926.04,-8.1907425
1427157926.056,-4.3984375
1427157926.071,-0.06563568
1427157926.087,5.1244965
1427157926.103,11.124901
1427157926.118,17.534782
1427157926.134,23.76844
1427157926.15,29.311462
1427157926.165,33.918106
1427157926.181,37.72896
1427157926.196,41.171562
1427157926.212,44.798565
1427157926.228,49.14548
1427157926.243,54.61862
1427157926.259,61.39243
1427157926.275,69.32106
1427157926.29,77.729004
1427157926.306,85.38173
1427157926.321,90.60228
1427157926.337,91.69049
1427157926.353,87.510605
1427157926.368,77.978836
1427157926.384,64.1619
1427157926.4,47.95326
1427157926.415,31.386692
1427157926.431,16.025814
1427157926.446,2.5926476
1427157926.462,-8.88026
1427157926.478,-18.700687
1427157926.493,-27.100525
1427157926.509,-34.059414
1427157926.525,-39.363895
1427157926.54,-42.861774
1427157926.556,-44.67089
1427157926.571,-45.22179
1427157926.587,-45.090683
1427157926.603,-44.805527
1427157926.618,-44.65048
1427157926.634,-44.658848
1427157926.65,-44.649055
1427157926.665,-44.442535
1427157926.681,-43.93374
1427157926.696,-43.17123
1427157926.712,-42.253185
1427157926.728,-41.21889
1427157926.743,-39.95982
1427157926.759,-38.256504
1427157926.775,-35.889736
1427157926.79,-32.80617
1427157926.806,-29.152008
1427157926.821,-25.221874
1427157926.837,-21.25386
1427157926.853,-17.324474
1427157926.868,-13.280224
1427157926.884,-8.848248
1427157926.9,-3.8490314
1427157926.915,1.6770229
1427157926.931,7.438938
1427157926.946,13.002417
1427157926.962,18.018616
1427157926.978,22.35931
1427157926.993,26.217928
1427157927.009,30.028135
1427157927.025,34.339897
1427157927.04,39.649284
1427157927.056,46.212723
1427157927.071,53.86743
1427157927.087,61.89615
1427157927.103,69.018555
1427157927.118,73.66595
1427157927.134,74.37179
1427157927.15,70.25192
1427157927.165,61.364254
1427157927.181,48.727547
1427157927.196,33.987976
1427157927.212,18.914469
1427157927.228,4.903983
1427157927.243,-7.308504
1427157927.259,-17.593418
1427157927.275,-26.142952
1427157927.29,-33.239227
1427157927.306,-38.97882
1427157927.321,-43.342804
1427157927.337,-46.259174
1427157927.353,-47.755795
1427157927.368,-48.003674
1427157927.384,-47.348522
1427157927.4,-46.149734
1427157927.415,-44.722866
1427157927.431,-43.250454
1427157927.446,-41.82396
1427157927.462,-40.491165
1427157927.478,-39.31013
1427157927.493,-38.321342
1427157927.509,-37.523098
1427157927.525,-36.782066
1427157927.54,-35.822598
1427157927.556,-34.28495
1427157927.571,-31.882792
1427157927.587,-28.50727
1427157927.603,-24.333523
1427157927.618,-19.73063
1427157927.634,-15.139318
1427157927.65,-10.8598995
1427157927.665,-6.9670353
1427157927.681,-3.2286282
1427157927.696,0.70985985
1427157927.712,5.1776733
1427157927.728,10.293274
1427157927.743,15.886963
1427157927.759,21.576256
1427157927.775,26.969414
1427157927.79,31.816456
1427157927.806,36.134186
1427157927.821,40.228916
1427157927.837,44.608368
1427157927.853,49.817135
1427157927.868,56.229862
1427157927.884,63.79873
1427157927.9,71.86141
1427157927.915,79.09404
1427157927.931,83.793365
1427157927.946,84.32771
1427157927.962,79.755325
1427157927.978,70.18898
1427157927.993,56.80542
1427157928.009,41.446278
1427157928.025,25.970055
1427157928.04,11.70845
1427157928.056,-0.7376442
1427157928.071,-11.372688
1427157928.087,-20.438866
1427157928.103,-28.085033
1427157928.118,-34.250546
1427157928.134,-38.79487
1427157928.15,-41.698574
1427157928.165,-43.180225
1427157928.181,-43.668762
1427157928.196,-43.664078
1427157928.212,-43.52436
1427157928.228,-43.37468
1427157928.243,-43.12683
1427157928.259,-42.650314
1427157928.275,-41.852203
1427157928.29,-40.811493
1427157928.306,-39.72296
1427157928.322,-38.79625
1427157928.337,-38.109444
1427157928.353,-37.548706
1427157928.368,-36.800713
1427157928.384,-35.4703
1427157928.4,-33.21192
1427157928.415,-29.868103
1427157928.431,-25.57708
1427157928.446,-20.718567
1427157928.462,-15.837929
1427157928.478,-11.419556
1427157928.493,-7.6903915
1427157928.509,-4.556801
1427157928.525,-1.6079559
1427157928.54,1.6296005
1427157928.556,5.5026855
1427157928.572,10.019775
1427157928.587,14.867554
1427157928.603,19.561684
1427157928.618,23.68097
1427157928.634,27.042046
1427157928.65,29.773888
1427157928.665,32.201683
1427157928.681,34.798477
1427157928.697,38.04995
1427157928.712,42.439713
1427157928.728,48.279076
1427157928.743,55.571022
1427157928.759,63.73652
1427157928.775,71.56932
1427157928.79,77.37
1427157928.806,79.50021
1427157928.822,76.87909
1427157928.837,69.47319
1427157928.853,58.251625
1427157928.868,44.855576
1427157928.884,30.99247
1427157928.9,17.960297
1427157928.915,6.4193344
1427157928.931,-3.4793549
1427157928.947,-11.851959
1427157928.962,-18.808098
1427157928.978,-24.429031
1427157928.993,-28.79058
1427157929.009,-32.08184
1427157929.025,-34.605614
1427157929.04,-36.66983
1427157929.056,-38.43065
1427157929.072,-39.805046
1427157929.087,-40.524155
1427157929.103,-40.31991
1427157929.118,-39.12065
1427157929.134,-37.130783
1427157929.15,-34.7762
1427157929.165,-32.4946
1427157929.181,-30.52208
1427157929.197,-28.827042
1427157929.212,-27.121544
1427157929.228,-25.10479
1427157929.243,-22.561684
1427157929.259,-19.444542
1427157929.275,-15.766609
1427157929.29,-11.581062
1427157929.306,-6.882782
1427157929.322,-1.6910324
1427157929.337,3.9142303
1427157929.353,9.739517
1427157929.368,15.562706
1427157929.384,21.173912
1427157929.4,26.499916
1427157929.415,31.610748
1427157929.431,36.709244
1427157929.447,42.05262
1427157929.462,47.964767
1427157929.478,54.70217
1427157929.493,62.36531
1427157929.509,70.70336
1427157929.525,78.97596
1427157929.54,85.964096
1427157929.556,90.234184
1427157929.572,90.54477
1427157929.587,86.29219
1427157929.603,77.72683
1427157929.618,65.87304
1427157929.634,52.1792
1427157929.65,38.085785
1427157929.665,24.611176
1427157929.681,12.309021
1427157929.697,1.3056259
1427157929.712,-8.42363
1427157929.728,-16.924507
1427157929.743,-24.131432
1427157929.759,-29.964409
1427157929.775,-34.40114
1427157929.79,-37.55931
1427157929.806,-39.748405
1427157929.822,-41.351677
1427157929.837,-42.709206
1427157929.853,-43.99018
1427157929.868,-45.12664
1427157929.884,-45.93097
1427157929.9,-46.204163
1427157929.915,-45.91712
1427157929.931,-45.199226
1427157929.947,-44.25032
1427157929.962,-43.12166
1427157929.978,-41.633392
1427157929.993,-39.37635
1427157930.009,-35.96102
1427157930.025,-31.233788
1427157930.04,-25.449043
1427157930.056,-19.195732
1427157930.072,-13.167641
1427157930.087,-7.8662186
1427157930.103,-3.4149094
1427157930.118,0.48338318
1427157930.134,4.391426
1427157930.15,8.917839
1427157930.165,14.529755
1427157930.181,21.453712
1427157930.197,29.531395
1427157930.212,38.20954
1427157930.228,46.47862
1427157930.243,53.008247
1427157930.259,56.42789
1427157930.275,55.713654
1427157930.29,50.52782
1427157930.306,41.340885
1427157930.322,29.28072
1427157930.337,15.780197
1427157930.353,2.1788254
1427157930.368,-10.522938
1427157930.384,-21.734428
1427157930.4,-31.123367
1427157930.415,-38.522762
1427157930.431,-43.81268
1427157930.447,-46.987522
1427157930.462,-48.189495
1427157930.478,-47.80189
1427157930.493,-46.35844
1427157930.509,-44.504845
1427157930.525,-42.803543
1427157930.54,-41.624714
1427157930.556,-41.032726
1427157930.572,-40.797028
1427157930.587,-40.49101
1427157930.603,-39.729263
1427157930.618,-38.299732
1427157930.634,-36.26668
1427157930.65,-33.878487
1427157930.665,-31.390224
1427157930.681,-28.879726
1427157930.697,-26.232395
1427157930.712,-23.220695
1427157930.728,-19.725101
1427157930.743,-15.840862
1427157930.759,-11.879089
1427157930.775,-8.198204
1427157930.79,-5.0115395
1427157930.806,-2.1842117
1427157930.822,0.7438736
1427157930.837,4.4840317
1427157930.853,9.74762
1427157930.868,17.092232
1427157930.884,26.62735
1427157930.9,37.871315
1427157930.915,49.675446
1427157930.931,60.355873
1427157930.947,68.07961
1427157930.962,71.40326
1427157930.978,69.71623
1427157930.993,63.47222
1427157931.009,54.00403
1427157931.025,43.09333
1427157931.04,32.37861
1427157931.056,22.982483
1427157931.072,15.409988
1427157931.087,9.686211
1427157931.103,5.587578
1427157931.118,2.880005
1427157931.134,1.3687363
1427157931.15,0.89367676
1427157931.165,1.2407608
1427157931.181,2.1472015
1427157931.197,3.2617493
1427157931.212,4.223854
1427157931.228,4.7137146
1427157931.244,4.532295
1427157931.259,3.6415634
1427157931.275,2.1653214
1427157931.29,0.331604
1427157931.306,-1.5660248
1427157931.322,-3.2670822
1427157931.337,-4.511093
1427157931.353,-5.1334076
1427157931.369,-4.995674
1427157931.384,-4.064003
1427157931.4,-2.3801193
1427157931.415,-0.13373566
1427157931.431,2.4308243
1427157931.447,5.0142555
1427157931.462,7.4356346
1427157931.478,9.677551
1427157931.494,12.046459
1427157931.509,15.103256
1427157931.525,19.48919
1427157931.54,25.580189
1427157931.556,33.06584
1427157931.572,40.811245
1427157931.587,47.03476
1427157931.603,49.832775
1427157931.619,47.89854
1427157931.634,41.038776
1427157931.65,30.250305
1427157931.665,17.269466
1427157931.681,3.9742622
1427157931.697,-8.243156
1427157931.712,-18.704437
1427157931.728,-27.31546
1427157931.744,-34.246117
1427157931.759,-39.6237
1427157931.775,-43.409645
1427157931.79,-45.500694
1427157931.806,-45.87993
1427157931.822,-44.739784
1427157931.837,-42.45433
1427157931.853,-39.482437
1427157931.869,-36.234467
1427157931.884,-33.02005
1427157931.9,-30.024462
1427157931.915,-27.365133
1427157931.931,-25.093412
1427157931.947,-23.216944
1427157931.962,-21.620821
1427157931.978,-20.113516
1427157931.994,-18.412437
1427157932.009,-16.23339
1427157932.025,-13.371735
1427157932.04,-9.765058
1427157932.056,-5.505931
1427157932.072,-0.8052864
1427157932.087,4.1135454
1427157932.103,9.112112
1427157932.119,14.213032
1427157932.134,19.671188
1427157932.15,25.873558
1427157932.165,33.113464
1427157932.181,41.28017
1427157932.197,49.60837
1427157932.212,56.692368
1427157932.228,60.775482
1427157932.244,60.417465
1427157932.259,55.01822
1427157932.275,45.159954
1427157932.29,32.362385
1427157932.306,18.55791
1427157932.322,5.3829703
1427157932.337,-6.204366
1427157932.353,-15.986979
1427157932.369,-24.190775
1427157932.384,-31.074568
1427157932.4,-36.690224
1427157932.415,-40.882427
1427157932.431,-43.45367
1427157932.447,-44.37256
1427157932.462,-43.846306
1427157932.478,-42.274292
1427157932.494,-40.088917
1427157932.509,-37.678963
1427157932.525,-35.277916
1427157932.54,-32.994907
1427157932.556,-30.84903
1427157932.572,-28.789185
1427157932.587,-26.671331
1427157932.603,-24.337688
1427157932.619,-21.585554
1427157932.634,-18.291393
1427157932.65,-14.423005
1427157932.665,-10.075356
1427157932.681,-5.419652
1427157932.697,-0.65820885
1427157932.712,4.0879545
1427157932.728,8.772877
1427157932.744,13.500502
1427157932.759,18.503862
1427157932.775,24.154348
1427157932.79,30.83189
1427157932.806,38.727314
1427157932.822,47.57641
1427157932.837,56.43398
1427157932.853,63.73437
1427157932.869,67.639786
1427157932.884,66.627174
1427157932.9,60.129837
1427157932.915,48.74282
1427157932.931,34.103867
1427157932.947,18.275084
1427157932.962,3.0887527
1427157932.978,-10.325941
1427157932.994,-21.612694
1427157933.009,-30.916513
1427157933.025,-38.522964
1427157933.04,-44.54315
1427157933.056,-48.873924
1427157933.072,-51.37437
1427157933.087,-51.987144
1427157933.103,-50.90775
1427157933.119,-48.53235
1427157933.134,-45.38961
1427157933.15,-41.945152
1427157933.165,-38.549675
1427157933.181,-35.380066
1427157933.197,-32.45874
1427157933.212,-29.667479
1427157933.228,-26.848465
1427157933.244,-23.831364
1427157933.259,-20.499834
1427157933.275,-16.81938
1427157933.29,-12.816107
1427157933.306,-8.559507
1427157933.322,-4.1415405
1427157933.337,0.3856163
1427157933.353,5.0056896
1427157933.369,9.765343
1427157933.384,14.759115
1427157933.4,20.176031
1427157933.415,26.26273
1427157933.431,33.227333
1427157933.447,41.042503
1427157933.462,49.203457
1427157933.478,56.621483
1427157933.494,61.771114
1427157933.509,63.092854
1427157933.525,59.573036
1427157933.54,51.13034
1427157933.556,38.762363
1427157933.572,24.183754
1427157933.587,9.265395
1427157933.603,-4.532358
1427157933.619,-16.407791
1427157933.634,-26.168865
1427157933.65,-33.944992
1427157933.665,-39.905785
1427157933.681,-44.121544
1427157933.697,-46.602734
1427157933.712,-47.42504
1427157933.728,-46.814495
1427157933.744,-45.116997
1427157933.759,-42.738914
1427157933.775,-40.018257
1427157933.79,-37.19799
1427157933.806,-34.385468
1427157933.822,-31.638458
1427157933.837,-28.954296
1427157933.853,-26.316313
1427157933.869,-23.656637
1427157933.884,-20.87556
1427157933.9,-17.835629
1427157933.916,-14.426897
1427157933.931,-10.571316
1427157933.947,-6.2605715
1427157933.962,-1.563215
1427157933.978,3.4244413
1427157933.994,8.5945015
1427157934.009,13.9078865
1427157934.025,19.432093
1427157934.041,25.340923
1427157934.056,31.862251
1427157934.072,39.147556
1427157934.087,47.03182
1427157934.103,54.842335
1427157934.119,61.3584
1427157934.134,65.006
1427157934.15,64.33518
1427157934.166,58.525703
1427157934.181,47.788616
1427157934.197,33.36857
1427157934.212,17.1873
1427157934.228,1.2259197
1427157934.244,-12.953615
1427157934.259,-24.568375
1427157934.275,-33.480392
1427157934.291,-39.965088
1427157934.306,-44.386
1427157934.322,-47.047985
1427157934.337,-48.17238
1427157934.353,-47.95382
1427157934.369,-46.650734
1427157934.384,-44.58835
1427157934.4,-42.082363
1427157934.416,-39.38695
1427157934.431,-36.64162
1427157934.447,-33.918358
1427157934.462,-31.268517
1427157934.478,-28.772636
1427157934.494,-26.532566
1427157934.509,-24.604404
1427157934.525,-22.887802
1427157934.541,-21.116398
1427157934.556,-18.900162
1427157934.572,-15.901283
1427157934.587,-11.976433
1427157934.603,-7.2741966
1427157934.619,-2.1426048
1427157934.634,3.024002
1427157934.65,7.986168
1427157934.666,12.770359
1427157934.681,17.6694
1427157934.697,23.126755
1427157934.712,29.554039
1427157934.728,37.12301
1427157934.744,45.587814
1427157934.759,54.138252
1427157934.775,61.48781
1427157934.791,66.085495
1427157934.806,66.5789
1427157934.822,62.229103
1427157934.837,53.22249
1427157934.853,40.637703
1427157934.869,26.16343
1427157934.884,11.560402
1427157934.9,-1.7522964
1427157934.916,-12.961517
1427157934.931,-21.807152
1427157934.947,-28.40583
1427157934.962,-32.97783
1427157934.978,-35.731415
1427157934.994,-36.828262
1427157935.009,-36.433395
1427157935.025,-34.783554
1427157935.041,-32.205223
1427157935.056,-29.041252
1427157935.072,-25.641022
1427157935.087,-22.269821
1427157935.103,-19.149086
1427157935.119,-16.407288
1427157935.134,-14.121429
1427157935.15,-12.22348
1427157935.166,-10.52166
1427157935.181,-8.707954
1427157935.197,-6.476303
1427157935.212,-3.6592941
1427157935.228,-0.30402374
1427157935.244,3.366867
1427157935.259,7.051956
1427157935.275,10.549583
1427157935.291,13.817207
1427157935.306,16.99685
1427157935.322,20.308731
1427157935.337,24.035149
1427157935.353,28.451294
1427157935.369,33.776306
1427157935.384,40.017105
1427157935.4,46.80237
1427157935.416,53.21016
1427157935.431,57.883545
1427157935.447,59.283173
1427157935.462,56.2847
1427157935.478,48.597336
1427157935.494,36.946457
1427157935.509,22.892288
1427157935.525,8.284729
1427157935.541,-5.261688
1427157935.556,-16.750504
1427157935.572,-25.823502
1427157935.587,-32.556427
1427157935.603,-37.171814
1427157935.619,-39.841187
1427157935.634,-40.687027
1427157935.65,-39.877975
1427157935.666,-37.76178
1427157935.681,-34.84149
1427157935.697,-31.684525
1427157935.712,-28.740631
1427157935.728,-26.237
1427157935.744,-24.16806
1427157935.759,-22.401733
1427157935.775,-20.807434
1427157935.791,-19.285706
1427157935.806,-17.809204
1427157935.822,-16.332733
1427157935.837,-14.732346
1427157935.853,-12.839035
1427157935.869,-10.459015
1427157935.884,-7.483139
1427157935.9,-3.8983612
1427157935.916,0.16944885
1427157935.931,4.5601807
1427157935.947,9.128082
1427157935.962,13.807236
1427157935.978,18.678177
1427157935.994,23.889297
1427157936.009,29.617508
1427157936.025,35.874588
1427157936.041,42.33841
1427157936.056,48.22107
1427157936.072,52.369827
1427157936.087,53.558975
1427157936.103,50.891205
1427157936.119,44.171783
1427157936.134,34.005524
1427157936.15,21.663406
1427157936.166,8.649582
1427157936.181,-3.6738129
1427157936.197,-14.390533
1427157936.212,-23.041733
1427157936.228,-29.523972
1427157936.244,-33.85852
1427157936.259,-36.128464
1427157936.275,-36.448776
1427157936.291,-35.060623
1427157936.306,-32.345505
1427157936.322,-28.813614
1427157936.337,-25.010788
1427157936.353,-21.374374
1427157936.369,-18.177277
1427157936.384,-15.494904
1427157936.4,-13.214615
1427157936.416,-11.172531
1427157936.431,-9.180359
1427157936.447,-7.142441
1427157936.462,-5.0515747
1427157936.478,-2.9691925
1427157936.494,-0.94921875
1427157936.509,1.0066223
1427157936.525,3.0124054
1427157936.541,5.233856
1427157936.556,7.8203125
1427157936.572,10.8355255
1427157936.588,14.217529
1427157936.603,17.846222
1427157936.619,21.645325
1427157936.634,25.648376
1427157936.65,30.019226
1427157936.666,34.85739
1427157936.681,40.018875
1427157936.697,44.870316
1427157936.713,48.40068
1427157936.728,49.372513
1427157936.744,46.81685
1427157936.759,40.384262
1427157936.775,30.57605
1427157936.791,18.57489
1427157936.806,5.9270935
1427157936.822,-5.942322
1427157936.838,-16.063171
1427157936.853,-24.035522
1427157936.869,-29.878693
1427157936.884,-33.844803
1427157936.9,-36.171814
1427157936.916,-37.06157
1427157936.931,-36.649216
1427157936.947,-35.14029
1427157936.963,-32.83249
1427157936.978,-30.09642
1427157936.994,-27.26596
1427157937.009,-24.566422
1427157937.025,-22.052002
1427157937.041,-19.68393
1427157937.056,-17.394455
1427157937.072,-15.215775
1427157937.088,-13.202347
1427157937.103,-11.402115
1427157937.119,-9.710892
1427157937.134,-7.889374
1427157937.15,-5.621826
1427157937.166,-2.6892548
1427157937.181,0.88183594
1427157937.197,4.788788
1427157937.213,8.593414
1427157937.228,11.941223
1427157937.244,14.735443
1427157937.259,17.193176
1427157937.275,19.772919
1427157937.291,22.968811
1427157937.306,27.12445
1427157937.322,32.246307
1427157937.338,37.913208
1427157937.353,43.23755
1427157937.369,47.05484
1427157937.384,48.137756
1427157937.4,45.64865
1427157937.416,39.3757
1427157937.431,29.931183
1427157937.447,18.519165
1427157937.463,6.6376343
1427157937.478,-4.374237
1427157937.494,-13.597992
1427157937.509,-20.608673
1427157937.525,-25.33603
1427157937.541,-27.910828
1427157937.556,-28.502075
1427157937.572,-27.345673
1427157937.588,-24.76892
1427157937.603,-21.190002
1427157937.619,-17.05841
1427157937.634,-12.81131
1427157937.65,-8.785645
1427157937.666,-5.212433
1427157937.681,-2.215393
1427157937.697,0.1954956
1427157937.713,2.0966797
1427157937.728,3.6362305
1427157937.744,4.9857483
1427157937.759,6.2538757
1427157937.775,7.4949036
1427157937.791,8.688904
1427157937.806,9.815002
1427157937.822,10.879883
1427157937.838,11.947937
1427157937.853,13.068909
1427157937.869,14.264282
1427157937.884,15.510956
1427157937.9,16.861908
1427157937.916,18.481262
1427157937.931,20.716187
1427157937.947,23.921783
1427157937.963,28.270172
1427157937.978,33.428253
1427157937.994,38.508057
1427157938.009,42.180298
1427157938.025,43.125122
1427157938.041,40.43286
1427157938.056,34.017883
1427157938.072,24.620789
1427157938.088,13.598694
1427157938.103,2.4328003
1427157938.119,-7.660797
1427157938.134,-15.984772
1427157938.15,-22.345032
1427157938.166,-26.839539
1427157938.181,-29.650177
1427157938.197,-30.88623
1427157938.213,-30.619171
1427157938.228,-28.969849
1427157938.244,-26.164154
1427157938.259,-22.586304
1427157938.275,-18.62033
1427157938.291,-14.652893
1427157938.306,-10.942688
1427157938.322,-7.637726
1427157938.338,-4.786377
1427157938.353,-2.3649902
1427157938.369,-0.2887268
1427157938.384,1.5588074
1427157938.4,3.3317566
1427157938.416,5.1390076
1427157938.431,7.040283
1427157938.447,9.004242
1427157938.463,10.964294
1427157938.478,12.859589
1427157938.494,14.659576
1427157938.509,16.411407
1427157938.525,18.26184
1427157938.541,20.431335
1427157938.556,23.24057
1427157938.572,26.954834
1427157938.588,31.67212
1427157938.603,37.0589
1427157938.619,42.2753
1427157938.634,46.02655
1427157938.65,46.933167
1427157938.666,43.97461
1427157938.681,36.92221
1427157938.697,26.475952
1427157938.713,14.046646
1427157938.728,1.2756348
1427157938.744,-10.418716
1427157938.759,-20.168
1427157938.775,-27.667938
1427157938.791,-32.96161
1427157938.806,-36.180862
1427157938.822,-37.43956
1427157938.838,-36.819443
1427157938.853,-34.534927
1427157938.869,-30.98845
1427157938.884,-26.81723
1427157938.9,-22.71756
1427157938.916,-19.279556
1427157938.931,-16.79506
1427157938.947,-15.221008
1427157938.963,-14.222794
1427157938.978,-13.340485
1427157938.994,-12.176529
1427157939.009,-10.534973
1427157939.025,-8.428452
1427157939.041,-6.0154266
1427157939.056,-3.4850922
1427157939.072,-0.9341736
1427157939.088,1.6547852
1427157939.103,4.3598022
1427157939.119,7.289871
1427157939.134,10.49881
1427157939.15,14.052444
1427157939.166,18.058212
1427157939.181,22.757294
1427157939.197,28.379166
1427157939.213,34.95311
1427157939.228,42.02339
1427157939.244,48.51654
1427157939.26,52.93225
1427157939.275,53.76068
1427157939.291,50.03459
1427157939.306,41.75589
1427157939.322,29.936935
1427157939.338,16.272964
1427157939.353,2.5605927
1427157939.369,-9.770035
1427157939.384,-19.93991
1427157939.4,-27.744324
1427157939.416,-33.324646
1427157939.431,-36.920074
1427157939.447,-38.770157
1427157939.463,-39.085266
1427157939.478,-38.16176
1427157939.494,-36.315964
1427157939.51,-33.897583
1427157939.525,-31.203903
1427157939.541,-28.440506
1427157939.556,-25.739136
1427157939.572,-23.159653
1427157939.588,-20.719574
1427157939.603,-18.369568
1427157939.619,-16.027283
1427157939.635,-13.616348
1427157939.65,-11.084244
1427157939.666,-8.459534
1427157939.681,-5.8138733
1427157939.697,-3.1986084
1427157939.713,-0.58262634
1427157939.728,2.173355
1427157939.744,5.250366
1427157939.76,8.810623
1427157939.775,12.94043
1427157939.791,17.647644
1427157939.806,22.999603
1427157939.822,29.12387
1427157939.838,36.150696
1427157939.853,43.911407
1427157939.869,51.7061
1427157939.885,58.156937
1427157939.9,61.55667
1427157939.916,60.378983
1427157939.931,53.95404
1427157939.947,42.820175
1427157939.963,28.632324
1427157939.978,13.60199
1427157939.994,-0.23057556
1427157940.01,-11.574326
1427157940.025,-20.018982
1427157940.041,-25.8143
1427157940.056,-29.435486
1427157940.072,-31.25824
1427157940.088,-31.412842
1427157940.103,-29.92569
1427157940.119,-26.905281
1427157940.135,-22.746468
1427157940.15,-18.027061
1427157940.166,-13.447113
1427157940.181,-9.527443
1427157940.197,-6.504654
1427157940.213,-4.2616806
1427157940.228,-2.451233
1427157940.244,-0.659317
1427157940.26,1.3761902
1427157940.275,3.742958
1427157940.291,6.3316574
1427157940.306,8.971329
1427157940.322,11.527863
1427157940.338,13.968414
1427157940.353,16.334854
1427157940.369,18.692856
1427157940.385,21.112991
1427157940.4,23.716187
1427157940.416,26.741951
1427157940.431,30.595627
1427157940.447,35.64348
1427157940.463,41.965942
1427157940.478,48.970963
1427157940.494,55.3382
1427157940.51,59.178204
1427157940.525,58.694256
1427157940.541,52.81488
1427157940.556,41.727863
1427157940.572,26.85323
1427157940.588,10.363735
1427157940.603,-5.569359
1427157940.619,-19.399593
1427157940.635,-30.45946
1427157940.65,-38.698708
1427157940.666,-44.334927
1427157940.681,-47.463768
1427157940.697,-48.0446
1427157940.713,-46.088284
1427157940.728,-41.96057
1427157940.744,-36.42218
1427157940.76,-30.525934
1427157940.775,-25.250698
1427157940.791,-21.21452
1427157940.806,-18.528812
1427157940.822,-16.890678
1427157940.838,-15.8064995
1427157940.853,-14.807588
1427157940.869,-13.592333
1427157940.885,-12.059645
1427157940.9,-10.251991
1427157940.916,-8.29677
1427157940.931,-6.3130016
1427157940.947,-4.3485565
1427157940.963,-2.3103333
1427157940.978,0.028301239
1427157940.994,3.0732956
1427157941.01,7.2629814
1427157941.025,13.023407
1427157941.041,20.497017
1427157941.056,29.442245
1427157941.072,39.04584
1427157941.088,47.94734
1427157941.103,54.440014
1427157941.119,56.853897
1427157941.135,54.05223
1427157941.15,45.84072
1427157941.166,33.081795
1427157941.181,17.456085
1427157941.197,0.9493332
1427157941.213,-14.687584
1427157941.228,-28.29094
1427157941.244,-39.286736
1427157941.26,-47.486023
1427157941.275,-52.826874
1427157941.291,-55.247078
1427157941.306,-54.779785
1427157941.322,-51.729958
1427157941.338,-46.78047
1427157941.353,-40.903618
1427157941.369,-35.130577
1427157941.385,-30.205177
1427157941.4,-26.424614
1427157941.416,-23.600754
1427157941.431,-21.241318
1427157941.447,-18.768478
1427157941.463,-15.716705
1427157941.478,-11.900162
1427157941.494,-7.36763
1427157941.51,-2.3785706
1427157941.525,2.7422485
1427157941.541,7.7095337
1427157941.556,12.398407
1427157941.572,16.878906
1427157941.588,21.435043
1427157941.603,26.493149
1427157941.619,32.55539
1427157941.635,39.989822
1427157941.65,48.857758
1427157941.666,58.61728
1427157941.681,68.0446
1427157941.697,75.31322
1427157941.713,78.43083
1427157941.728,75.877014
1427157941.744,67.16147
1427157941.76,53.07393
1427157941.775,35.44005
1427157941.791,16.548828
1427157941.806,-1.5430145
1427157941.822,-17.482925
1427157941.838,-30.675217
1427157941.853,-41.021072
1427157941.869,-48.58156
1427157941.885,-53.37834
1427157941.9,-55.38098
1427157941.916,-54.745895
1427157941.931,-51.920746
1427157941.947,-47.716827
1427157941.963,-43.12703
1427157941.978,-39.110535
1427157941.994,-36.27899
1427157942.01,-34.79625
1427157942.025,-34.33542
1427157942.041,-34.239685
1427157942.056,-33.7957
1427157942.072,-32.460037
1427157942.088,-30.06163
1427157942.103,-26.7518
1427157942.119,-22.875916
1427157942.135,-18.751953
1427157942.15,-14.49704
1427157942.166,-10.0581665
1427157942.182,-5.23407
1427157942.197,0.18533325
1427157942.213,6.429077
1427157942.228,13.7326355
1427157942.244,22.33667
1427157942.26,32.252014
1427157942.275,42.970947
1427157942.291,53.178314
1427157942.307,60.872375
1427157942.322,63.85446
1427157942.338,60.511536
1427157942.353,50.50345
1427157942.369,35.01239
1427157942.385,16.344604
1427157942.4,-2.8217468
1427157942.416,-20.269958
1427157942.432,-34.701416
1427157942.447,-45.742065
1427157942.463,-53.545776
1427157942.478,-58.446564
1427157942.494,-60.680847
1427157942.51,-60.451782
1427157942.525,-58.02585
1427157942.541,-53.887115
1427157942.557,-48.68155
1427157942.572,-43.128113
1427157942.588,-37.8631
1427157942.603,-33.296204
1427157942.619,-29.582672
1427157942.635,-26.630554
1427157942.65,-24.1232
1427157942.666,-21.66513
1427157942.682,-18.822906
1427157942.697,-15.273529
1427157942.713,-10.873352
1427157942.728,-5.689453
1427157942.744,0.084747314
1427157942.76,6.1889954
1427157942.775,12.428497
1427157942.791,18.705383
1427157942.807,25.025879
1427157942.822,31.477112
1427157942.838,38.272034
1427157942.853,45.79193
1427157942.869,54.529236
1427157942.885,64.82764
1427157942.9,76.493195
1427157942.916,88.405334
1427157942.932,98.49921
1427157942.947,104.16864
1427157942.963,103.112274
1427157942.978,94.17035
1427157942.994,77.82742
1427157943.01,56.050293
1427157943.025,31.55658
1427157943.041,6.838196
1427157943.057,-16.517426
1427157943.072,-38.027863
1427157943.088,-57.90811
1427157943.103,-76.54114
1427157943.119,-94.01724
1427157943.135,-110.088715
1427157943.15,-124.34897
1427157943.166,-136.54086
1427157943.182,-146.66837
1427157943.197,-154.95737
1427157943.213,-161.70294
1427157943.228,-167.15369
1427157943.244,-171.50967
1427157943.26,-175.03793
1427157943.275,-178.07889
1427157943.291,-180.92728
1427157943.307,-183.613
1427157943.322,-185.71036
1427157943.338,-186.34695
1427157943.353,-184.41522
1427157943.369,-178.91977
1427157943.385,-169.28516
1427157943.4,-155.42075
1427157943.416,-137.68195
1427157943.432,-116.638885
1427157943.447,-92.985504
1427157943.463,-67.39993
1427157943.478,-40.556976
1427157943.494,-12.996613
1427157943.51,14.914307
1427157943.525,42.999115
1427157943.541,71.02054
1427157943.557,98.341705
1427157943.572,123.59671
1427157943.588,144.698
1427157943.603,159.30112
1427157943.619,165.60658
1427157943.635,163.08472
1427157943.65,152.84935
1427157943.666,137.31985
1427157943.682,119.51114
1427157943.697,102.12164
1427157943.713,86.95744
1427157943.728,74.75424
1427157943.744,65.482346
1427157943.76,58.73993
1427157943.775,54.062943
1427157943.791,51.102127
1427157943.807,49.555237
1427157943.822,49.08278
1427157943.838,49.296974
1427157943.853,49.72902
1427157943.869,49.927193
1427157943.885,49.530807
1427157943.9,48.298073
1427157943.916,46.16211
1427157943.932,43.242027
1427157943.947,39.785194
1427157943.963,36.170853
1427157943.978,32.800285
1427157943.994,30.084846
1427157944.01,28.313774
1427157944.025,27.63662
1427157944.041,27.98854
1427157944.057,29.144867
1427157944.072,30.81556
1427157944.088,32.778885
1427157944.103,34.974678
1427157944.119,37.548416
1427157944.135,40.825256
1427157944.15,45.21955
1427157944.166,51.047195
1427157944.182,58.283867
1427157944.197,66.28952
1427157944.213,73.70253
1427157944.228,78.59554
1427157944.244,79.01785
1427157944.26,73.667244
1427157944.275,62.448967
1427157944.291,46.60885
1427157944.307,28.336327
1427157944.322,10.020004
1427157944.338,-6.494232
1427157944.353,-20.257439
1427157944.369,-31.122429
1427157944.385,-39.33522
1427157944.4,-45.150505
1427157944.416,-48.69686
1427157944.432,-50.050102
1427157944.447,-49.53411
1427157944.463,-47.765137
1427157944.478,-45.564804
1427157944.494,-43.67383
1427157944.51,-42.464874
1427157944.525,-41.82263
1427157944.541,-41.293976
1427157944.557,-40.368988
1427157944.572,-38.7744
1427157944.588,-36.62281
1427157944.603,-34.295036
1427157944.619,-32.16066
1427157944.635,-30.316475
1427157944.65,-28.420395
1427157944.666,-25.850006
1427157944.682,-22.021858
1427157944.697,-16.694862
1427157944.713,-10.144432
1427157944.728,-3.0747223
1427157944.744,3.7333908
1427157944.76,9.745056
1427157944.775,14.934219
1427157944.791,19.756836
1427157944.807,24.97493
1427157944.822,31.353996
1427157944.838,39.359383
1427157944.854,48.89509
1427157944.869,59.15352
1427157944.885,68.62794
1427157944.9,75.35046
1427157944.916,77.364914
1427157944.932,73.37786
1427157944.947,63.2379
1427157944.963,48.10795
1427157944.979,30.145927
1427157944.994,11.82061
1427157945.01,-4.821724
1427157945.025,-18.644592
1427157945.041,-29.425652
1427157945.057,-37.535713
1427157945.072,-43.46544
1427157945.088,-47.50367
1427157945.104,-49.728973
1427157945.119,-50.1911
1427157945.135,-49.174484
1427157945.15,-47.238945
1427157945.166,-45.13234
1427157945.182,-43.471634
1427157945.197,-42.5399
1427157945.213,-42.1528
1427157945.229,-41.82203
1427157945.244,-41.017815
1427157945.26,-39.466896
1427157945.275,-37.280197
1427157945.291,-34.885696
1427157945.307,-32.775314
1427157945.322,-31.208633
1427157945.338,-29.983002
1427157945.354,-28.514107
1427157945.369,-26.055496
1427157945.385,-22.047691
1427157945.4,-16.408142
1427157945.416,-9.621208
1427157945.432,-2.4906921
1427157945.447,4.1600723
1427157945.463,9.844757
1427157945.479,14.581818
1427157945.494,18.828499
1427157945.51,23.264473
1427157945.525,28.561684
1427157945.541,35.160576
1427157945.557,43.146408
1427157945.572,52.115204
1427157945.588,61.1232
1427157945.604,68.68524
1427157945.619,73.06032
1427157945.635,72.69698
1427157945.65,66.802086
1427157945.666,55.673965
1427157945.682,40.733902
1427157945.697,24.072166
1427157945.713,7.807846
1427157945.729,-6.5104218
1427157945.744,-18.147606
1427157945.76,-27.108543
1427157945.775,-33.716347
1427157945.791,-38.350266
1427157945.807,-41.203926
1427157945.822,-42.38466
1427157945.838,-42.083305
1427157945.854,-40.684845
1427157945.869,-38.77298
1427157945.885,-36.988457
1427157945.9,-35.826485
1427157945.916,-35.503983
1427157945.932,-35.840805
1427157945.947,-36.41629
1427157945.963,-36.71344
1427157945.979,-36.370735
1427157945.994,-35.28782
1427157946.01,-33.68504
1427157946.025,-31.887257
1427157946.041,-30.16378
1427157946.057,-28.50381
1427157946.072,-26.614616
1427157946.088,-23.992748
1427157946.104,-20.200073
1427157946.119,-15.08865
1427157946.135,-8.912308
1427157946.15,-2.2446175
1427157946.166,4.2336044
1427157946.182,10.009617
1427157946.197,14.910088
1427157946.213,19.12635
1427157946.229,23.078232
1427157946.244,27.261738
1427157946.26,32.099434
1427157946.275,37.897797
1427157946.291,44.76934
1427157946.307,52.535397
1427157946.322,60.5656
1427157946.338,67.744026
1427157946.354,72.55024
1427157946.369,73.42611
1427157946.385,69.31274
1427157946.4,60.11891
1427157946.416,46.84659
1427157946.432,31.334747
1427157946.447,15.654356
1427157946.463,1.4797745
1427157946.479,-10.277229
1427157946.494,-19.448206
1427157946.51,-26.281502
1427157946.525,-31.029606
1427157946.541,-33.827675
1427157946.557,-34.6808
1427157946.572,-33.77537
1427157946.588,-31.595879
1427157946.604,-28.952915
1427157946.619,-26.684437
1427157946.635,-25.398432
1427157946.65,-25.206886
1427157946.666,-25.76714
1427157946.682,-26.486626
1427157946.697,-26.844164
1427157946.713,-26.55421
1427157946.729,-25.667517
1427157946.744,-24.430086
1427157946.76,-23.104515
1427157946.775,-21.790173
1427157946.791,-20.367
1427157946.807,-18.49533
1427157946.822,-15.800537
1427157946.838,-12.016283
1427157946.854,-7.155183
1427157946.869,-1.51546
1427157946.885,4.3550024
1427157946.9,9.9179125
1427157946.916,14.80209
1427157946.932,18.961218
1427157946.947,22.67987
1427157946.963,26.466555
1427157946.979,30.884655
1427157946.994,36.429634
1427157947.01,43.325397
1427157947.025,51.370476
1427157947.041,59.80594
1427157947.057,67.289
1427157947.072,72.134254
1427157947.088,72.76141
1427157947.104,68.21818
1427157947.119,58.607964
1427157947.135,45.099525
1427157947.15,29.604778
1427157947.166,14.125557
1427157947.182,0.23724747
1427157947.197,-11.293915
1427157947.213,-20.384573
1427157947.229,-27.35649
1427157947.244,-32.586372
1427157947.26,-36.28276
1427157947.275,-38.483982
1427157947.291,-39.217102
1427157947.307,-38.649765
1427157947.322,-37.173027
1427157947.338,-35.35895
1427157947.354,-33.80401
1427157947.369,-32.899227
1427157947.385,-32.766422
1427157947.4,-33.21157
1427157947.416,-33.864002
1427157947.432,-34.32132
1427157947.447,-34.30405
1427157947.463,-33.675194
1427157947.479,-32.471043
1427157947.494,-30.773266
1427157947.51,-28.668823
1427157947.526,-26.184261
1427157947.541,-23.335434
1427157947.557,-20.10664
1427157947.572,-16.477978
1427157947.588,-12.433922
1427157947.604,-7.942482
1427157947.619,-2.9980125
1427157947.635,2.3512878
1427157947.651,7.9890556
1427157947.666,13.68256
1427157947.682,19.201267
1427157947.697,24.324131
1427157947.713,28.988708
1427157947.729,33.288155
1427157947.744,37.528233
1427157947.76,42.151306
1427157947.776,47.6434
1427157947.791,54.25722
1427157947.807,61.80643
1427157947.822,69.42705
1427157947.838,75.640526
1427157947.854,78.648544
1427157947.869,76.93887
1427157947.885,69.83406
1427157947.901,57.841972
1427157947.916,42.52674
1427157947.932,26.00351
1427157947.947,10.252071
1427157947.963,-3.393921
1427157947.979,-14.448036
1427157947.994,-23.022583
1427157948.01,-29.490631
1427157948.026,-34.154793
1427157948.041,-37.204544
1427157948.057,-38.766174
1427157948.072,-39.1062
1427157948.088,-38.6621
1427157948.104,-37.964973
1427157948.119,-37.458397
1427157948.135,-37.356827
1427157948.151,-37.57541
1427157948.166,-37.85971
1427157948.182,-37.947983
1427157948.197,-37.738235
1427157948.213,-37.29155
1427157948.229,-36.764763
1427157948.244,-36.23432
1427157948.26,-35.58998
1427157948.276,-34.522003
1427157948.291,-32.69185
1427157948.307,-29.875618
1427157948.322,-26.150063
1427157948.338,-21.872505
1427157948.354,-17.504173
1427157948.369,-13.388336
1427157948.385,-9.584557
1427157948.401,-5.837929
1427157948.416,-1.7662277
1427157948.432,2.9399338
1427157948.447,8.283394
1427157948.463,13.979462
1427157948.479,19.53984
1427157948.494,24.514046
1427157948.51,28.6428
1427157948.526,31.986488
1427157948.541,34.88169
1427157948.557,37.872864
1427157948.572,41.577644
1427157948.588,46.545563
1427157948.604,53.045715
1427157948.619,60.80419
1427157948.635,68.84811
1427157948.651,75.564445
1427157948.666,79.02801
1427157948.682,77.63244
1427157948.697,70.652626
1427157948.713,58.62629
1427157948.729,43.16691
1427157948.744,26.502365
1427157948.76,10.715416
1427157948.776,-2.7516556
1427157948.791,-13.384712
1427157948.807,-21.354599
1427157948.822,-27.212296
1427157948.838,-31.48259
1427157948.854,-34.491302
1427157948.869,-36.377335
1427157948.885,-37.239098
1427157948.901,-37.240166
1427157948.916,-36.66823
1427157948.932,-35.826912
1427157948.947,-35.00518
1427157948.963,-34.349747
1427157948.979,-33.95005
1427157948.994,-33.804367
1427157949.01,-33.947968
1427157949.026,-34.377693
1427157949.041,-35.05699
1427157949.057,-35.799263
1427157949.072,-36.286324
1427157949.088,-36.103447
1427157949.104,-34.88585
1427157949.119,-32.464645
1427157949.135,-28.950119
1427157949.151,-24.712242
1427157949.166,-20.250893
1427157949.182,-15.9754715
1427157949.197,-12.049103
1427157949.213,-8.293655
1427157949.229,-4.382309
1427157949.244,0.06476593
1427157949.26,5.173332
1427157949.276,10.778824
1427157949.291,16.463997
1427157949.307,21.791534
1427157949.322,26.458344
1427157949.338,30.47538
1427157949.354,34.121017
1427157949.369,37.8443
1427157949.385,42.11888
1427157949.401,47.35466
1427157949.416,53.696297
1427157949.432,60.889046
1427157949.447,68.089966
1427157949.463,73.87699
1427157949.479,76.502
1427157949.494,74.45641
1427157949.51,67.042854
1427157949.526,54.793938
1427157949.541,39.33828
1427157949.557,22.912704
1427157949.572,7.571396
1427157949.588,-5.3298264
1427157949.604,-15.380119
1427157949.619,-22.812393
1427157949.635,-28.096786
1427157949.651,-31.579361
1427157949.666,-33.39135
1427157949.682,-33.60196
1427157949.697,-32.44094
1427157949.713,-30.383232
1427157949.729,-28.077599
1427157949.744,-26.148506
1427157949.76,-24.993286
1427157949.776,-24.685608
1427157949.791,-25.006989
1427157949.807,-25.546165
1427157949.822,-25.908783
1427157949.838,-25.82994
1427157949.854,-25.25682
1427157949.869,-24.31002
1427157949.885,-23.194122
1427157949.901,-22.045708
1427157949.916,-20.857117
1427157949.932,-19.442818
1427157949.947,-17.53051
1427157949.963,-14.82991
1427157949.979,-11.191048
1427157949.994,-6.6400833
1427157950.01,-1.4164047
1427157950.026,4.131386
1427157950.041,9.644775
1427157950.057,14.868156
1427157950.072,19.698723
1427157950.088,24.204994
1427157950.104,28.579659
1427157950.119,33.094124
1427157950.135,38.035156
1427157950.151,43.708023
1427157950.166,50.279625
1427157950.182,57.64817
1427157950.198,65.16273
1427157950.213,71.576324
1427157950.229,75.19391
1427157950.244,74.342094
1427157950.26,68.03728
1427157950.276,56.43463
1427157950.291,40.937782
1427157950.307,23.734459
1427157950.322,7.1381607
1427157950.338,-7.17453
1427157950.354,-18.437088
1427157950.369,-26.741173
1427157950.385,-32.617393
1427157950.401,-36.582756
1427157950.416,-38.97641
1427157950.432,-39.919136
1427157950.448,-39.579765
1427157950.463,-38.25499
1427157950.479,-36.45601
1427157950.494,-34.741867
1427157950.51,-33.568443
1427157950.526,-33.102386
1427157950.541,-33.222435
1427157950.557,-33.59616
1427157950.573,-33.849754
1427157950.588,-33.706818
1427157950.604,-33.06301
1427157950.619,-31.96798
1427157950.635,-30.546227
1427157950.651,-28.889961
1427157950.666,-27.036148
1427157950.682,-24.880066
1427157950.698,-22.266472
1427157950.713,-19.006523
1427157950.729,-14.980278
1427157950.744,-10.14164
1427157950.76,-4.5895004
1427157950.776,1.458931
1427157950.791,7.7012863
1427157950.807,13.809143
1427157950.823,19.53727
1427157950.838,24.759018
1427157950.854,29.522736
1427157950.869,34.01172
1427157950.885,38.559875
1427157950.901,43.6267
1427157950.916,49.648933
1427157950.932,56.91005
1427157950.948,65.21357
1427157950.963,73.67028
1427157950.979,80.70844
1427157950.994,84.39339
1427157951.01,83.02545
1427157951.026,75.800316
1427157951.041,63.16564
1427157951.057,46.752
1427157951.073,28.8219
1427157951.088,11.563499
1427157951.104,-3.5119972
1427157951.119,-15.770702
1427157951.135,-25.312187
1427157951.151,-32.532864
1427157951.166,-37.835567
1427157951.182,-41.455334
1427157951.198,-43.560936
1427157951.213,-44.35284
1427157951.229,-44.206043
1427157951.244,-43.582413
1427157951.26,-42.91976
1427157951.276,-42.487453
1427157951.291,-42.32607
1427157951.307,-42.32177
1427157951.323,-42.322853
1427157951.338,-42.262177
1427157951.354,-42.174095
1427157951.369,-42.103317
1427157951.385,-41.99531
1427157951.401,-41.58394
1427157951.416,-40.51053
1427157951.432,-38.43788
1427157951.448,-35.23548
1427157951.463,-31.074211
1427157951.479,-26.33469
1427157951.494,-21.430462
1427157951.51,-16.625877
1427157951.526,-11.911915
1427157951.541,-7.077442
1427157951.557,-1.849865
1427157951.573,3.9185257
1427157951.588,10.152218
1427157951.604,16.560303
1427157951.619,22.781265
1427157951.635,28.502293
1427157951.651,33.60604
1427157951.666,38.194885
1427157951.682,42.61512
1427157951.698,47.355152
1427157951.713,52.979584
1427157951.729,59.923393
1427157951.744,68.2142
1427157951.76,77.199295
1427157951.776,85.4425
1427157951.791,90.91613
1427157951.807,91.5952
1427157951.823,86.16704
1427157951.838,74.597885
1427157951.854,58.21264
1427157951.869,39.28782
1427157951.885,20.247316
1427157951.901,2.9907846
1427157951.916,-11.516546
1427157951.932,-23.13686
1427157951.948,-32.19925
1427157951.963,-39.078865
1427157951.979,-43.995888
1427157951.994,-47.05624
1427157952.01,-48.43018
1427157952.026,-48.497017
1427157952.041,-47.836765
1427157952.057,-47.072887
1427157952.073,-46.66169
1427157952.088,-46.714554
1427157952.104,-47.03469
1427157952.119,-47.26798
1427157952.135,-47.121006
1427157952.151,-46.521637
1427157952.166,-45.69007
1427157952.182,-44.924885
1427157952.198,-44.43584
1427157952.213,-44.126907
1427157952.229,-43.60505
1427157952.244,-42.31407
1427157952.26,-39.82881
1427157952.276,-36.034115
1427157952.291,-31.234423
1427157952.307,-25.998253
1427157952.323,-20.905003
1427157952.338,-16.257702
1427157952.354,-11.967051
1427157952.369,-7.620863
1427157952.385,-2.716917
1427157952.401,3.0364723
1427157952.416,9.53937
1427157952.432,16.330479
1427157952.448,22.77564
1427157952.463,28.367907
1427157952.479,32.91686
1427157952.494,36.657867
1427157952.51,40.159897
1427157952.526,44.198074
1427157952.541,49.49533
1427157952.557,56.577248
1427157952.573,65.39842
1427157952.588,75.17583
1427157952.604,84.2952
1427157952.619,90.58226
1427157952.635,91.89533
1427157952.651,86.8662
1427157952.666,75.48193
1427157952.682,59.14712
1427157952.698,40.293205
1427157952.713,21.51453
1427157952.729,4.8215256
1427157952.744,-8.77578
1427157952.76,-19.259468
1427157952.776,-27.140095
1427157952.791,-32.993748
1427157952.807,-37.130653
1427157952.823,-39.639286
1427157952.838,-40.513943
1427157952.854,-39.96411
1427157952.869,-38.472607
1427157952.885,-36.727993
1427157952.901,-35.40588
1427157952.916,-34.9398
1427157952.932,-35.42251
1427157952.948,-36.5961
1427157952.963,-38.053856
1427157952.979,-39.362755
1427157952.994,-40.232605
1427157953.01,-40.517677
1427157953.026,-40.132885
1427157953.041,-39.04561
1427157953.057,-37.17447
1427157953.073,-34.510788
1427157953.088,-31.09652
1427157953.104,-27.110878
1427157953.12,-22.72168
1427157953.135,-18.070084
1427157953.151,-13.173973
1427157953.166,-7.957443
1427157953.182,-2.3709717
1427157953.198,3.5065918
1427157953.213,9.426239
1427157953.229,15.066475
1427157953.245,20.17852
1427157953.26,24.746437
1427157953.276,29.03106
1427157953.291,33.499527
1427157953.307,38.691696
1427157953.323,45.04281
1427157953.338,52.752808
1427157953.354,61.58069
1427157953.37,70.74703
1427157953.385,78.86639
1427157953.401,84.15013
1427157953.416,84.7999
1427157953.432,79.621056
1427157953.448,68.51494
1427157953.463,52.626
1427157953.479,34.03472
1427157953.495,15.150467
1427157953.51,-2.0715942
1427157953.526,-16.522285
1427157953.541,-27.97036
1427157953.557,-36.724243
1427157953.573,-43.200188
1427157953.588,-47.654243
1427157953.604,-50.187004
1427157953.62,-50.941513
1427157953.635,-50.3358
1427157953.651,-49.05462
1427157953.666,-47.880608
1427157953.682,-47.419426
1427157953.698,-47.845596
1427157953.713,-48.86888
1427157953.729,-49.934975
1427157953.745,-50.520355
1427157953.76,-50.424576
1427157953.776,-49.803673
1427157953.791,-49.037178
1427157953.807,-48.384537
1427157953.823,-47.830994
1427157953.838,-46.984566
1427157953.854,-45.302673
1427157953.87,-42.373787
1427157953.885,-38.14331
1427157953.901,-32.95627
1427157953.916,-27.431847
1427157953.932,-22.156006
1427157953.948,-17.395866
1427157953.963,-13.0
1427157953.979,-8.496109
1427157953.995,-3.3199615
1427157954.01,2.8441925
1427157954.026,9.897163
1427157954.041,17.323448
1427157954.057,24.425087
1427157954.073,30.592133
1427157954.088,35.587486
1427157954.104,39.612045
1427157954.12,43.24447
1427157954.135,47.25737
1427157954.151,52.41485
1427157954.166,59.258133
1427157954.182,67.88741
1427157954.198,77.731316
1427157954.213,87.41664
1427157954.229,94.90269
1427157954.245,97.962265
1427157954.26,94.87945
1427157954.276,85.13824
1427157954.291,69.68503
1427157954.307,50.671257
1427157954.323,30.675362
1427157954.338,11.923889
1427157954.354,-4.3030853
1427157954.37,-17.669815
1427157954.385,-28.494705
1427157954.401,-37.207916
1427157954.416,-44.083405
1427157954.432,-49.159103
1427157954.448,-52.445114
1427157954.463,-54.10338
1427157954.479,-54.562927
1427157954.495,-54.442337
1427157954.51,-54.36032
1427157954.526,-54.72995
1427157954.541,-55.6537
1427157954.557,-56.93251
1427157954.573,-58.203293
1427157954.588,-59.09912
1427157954.604,-59.423798
1427157954.62,-59.17572
1427157954.635,-58.522278
1427157954.651,-57.63716
1427157954.666,-56.560547
1427157954.682,-55.133133
1427157954.698,-53.056656
1427157954.713,-50.04445
1427157954.729,-45.953438
1427157954.745,-40.881218
1427157954.76,-35.175293
1427157954.776,-29.265526
1427157954.791,-23.599205
1427157954.807,-18.433342
1427157954.823,-13.820824
1427157954.838,-9.563187
1427157954.854,-5.3015747
1427157954.87,-0.66026306
1427157954.885,4.607292
1427157954.901,10.506981
1427157954.916,16.7621
1427157954.932,22.939293
1427157954.948,28.604752
1427157954.963,33.52549
1427157954.979,37.761383
1427157954.995,41.656677
1427157955.01,45.726006
1427157955.026,50.52166
1427157955.041,56.50284
1427157955.057,63.920166
1427157955.073,72.64844
1427157955.088,82.010666
1427157955.104,90.65365
1427157955.12,96.71845
1427157955.135,98.24648
1427157955.151,93.854614
1427157955.166,83.2571
1427157955.182,67.528206
1427157955.198,48.762856
1427157955.213,29.424599
1427157955.229,11.58078
1427157955.245,-3.5916367
1427157955.26,-15.855949
1427157955.276,-25.540718
1427157955.291,-33.094933
1427157955.307,-38.771324
1427157955.323,-42.58248
1427157955.338,-44.518265
1427157955.354,-44.833023
1427157955.37,-44.090225
1427157955.385,-43.06682
1427157955.401,-42.46702
1427157955.416,-42.665848
1427157955.432,-43.569397
1427157955.448,-44.76777
1427157955.463,-45.760788
1427157955.479,-46.236572
1427157955.495,-46.200798
1427157955.51,-45.868454
1427157955.526,-45.4588
1427157955.541,-44.976112
1427157955.557,-44.102425
1427157955.573,-42.353905
1427157955.588,-39.29184
1427157955.604,-34.81552
1427157955.62,-29.240875
1427157955.635,-23.248001
1427157955.651,-17.585709
1427157955.666,-12.791801
1427157955.682,-8.958237
1427157955.698,-5.7113266
1427157955.713,-2.3917618
1427157955.729,1.625351
1427157955.745,6.65641
1427157955.76,12.534622
1427157955.776,18.73951
1427157955.792,24.601364
1427157955.807,29.608444
1427157955.823,33.620728
1427157955.838,36.91667
1427157955.854,40.07316
1427157955.87,43.79641
1427157955.885,48.683693
1427157955.901,55.055008
1427157955.917,62.76735
1427157955.932,71.09123
1427157955.948,78.65387
1427157955.963,83.67159
1427157955.979,84.37747
1427157955.995,79.59502
1427157956.01,69.21747
1427157956.026,54.337795
1427157956.042,36.916706
1427157956.057,19.179733
1427157956.073,2.929039
1427157956.088,-10.805214
1427157956.104,-21.795208
1427157956.12,-30.294964
1427157956.135,-36.673515
1427157956.151,-41.15713
1427157956.167,-43.866657
1427157956.182,-44.95048
1427157956.198,-44.785378
1427157956.213,-43.956524
1427157956.229,-43.15003
1427157956.245,-42.88382
1427157956.26,-43.318157
1427157956.276,-44.23106
1427157956.292,-45.151985
1427157956.307,-45.64757
1427157956.323,-45.542175
1427157956.338,-44.98178
1427157956.354,-44.31861
1427157956.37,-43.82163
1427157956.385,-43.46243
1427157956.401,-42.867916
1427157956.417,-41.47724
1427157956.432,-38.80614
1427157956.448,-34.733894
1427157956.463,-29.554935
1427157956.479,-23.88966
1427157956.495,-18.383259
1427157956.51,-13.471134
1427157956.526,-9.174534
1427157956.542,-5.150013
1427157956.557,-0.852684
1427157956.573,4.1603813
1427157956.588,10.0236435
1427157956.604,16.478786
1427157956.62,22.99204
1427157956.635,28.956377
1427157956.651,33.980835
1427157956.667,38.0461
1427157956.682,41.499245
1427157956.698,44.93972
1427157956.713,49.054436
1427157956.729,54.45317
1427157956.745,61.49202
1427157956.76,70.04349
1427157956.776,79.30795
1427157956.792,87.75405
1427157956.807,93.33425
1427157956.823,94.057465
1427157956.838,88.68769
1427157956.854,77.287865
1427157956.87,61.334793
1427157956.885,43.215984
1427157956.901,25.4146
1427157956.917,9.721409
1427157956.932,-3.1575565
1427157956.948,-13.458258
1427157956.963,-21.811188
1427157956.979,-28.762554
1427157956.995,-34.43872
1427157957.01,-38.675705
1427157957.026,-41.319252
1427157957.042,-42.524338
1427157957.057,-42.806858
1427157957.073,-42.862526
1427157957.088,-43.274933
1427157957.104,-44.249733
1427157957.12,-45.588833
1427157957.135,-46.83205
1427157957.151,-47.55967
1427157957.167,-47.581844
1427157957.182,-47.02613
1427157957.198,-46.24924
1427157957.213,-45.574013
1427157957.229,-45.15838
1427157957.245,-44.829124
1427157957.26,-44.177967
1427157957.276,-42.680912
1427157957.292,-39.943943
1427157957.307,-35.85035
1427157957.323,-30.668682
1427157957.338,-24.941528
1427157957.354,-19.303764
1427157957.37,-14.229264
1427157957.385,-9.841131
1427157957.401,-5.884557
1427157957.417,-1.8539472
1427157957.432,2.7407622
1427157957.448,8.129416
1427157957.463,14.174216
1427157957.479,20.427168
1427157957.495,26.332407
1427157957.51,31.476818
1427157957.526,35.756554
1427157957.542,39.36619
1427157957.557,42.74807
1427157957.573,46.450127
1427157957.588,50.99563
1427157957.604,56.817093
1427157957.62,64.08838
1427157957.635,72.48685
1427157957.651,81.04656
1427157957.667,88.16267
1427157957.682,91.91606
1427157957.698,90.62856
1427157957.713,83.52348
1427157957.729,71.058464
1427157957.745,54.858215
1427157957.76,37.170773
1427157957.776,20.154608
1427157957.792,5.2609997
1427157957.807,-6.941555
1427157957.823,-16.594252
1427157957.838,-24.126154
1427157957.854,-29.904724
1427157957.87,-34.11181
1427157957.885,-36.82923
1427157957.901,-38.21942
1427157957.917,-38.664
1427157957.932,-38.68108
1427157957.948,-38.79059
1427157957.963,-39.310715
1427157957.979,-40.278404
1427157957.995,-41.481262
1427157958.01,-42.623123
1427157958.026,-43.462982
1427157958.042,-43.9529
1427157958.057,-44.175194
1427157958.073,-44.24025
1427157958.088,-44.144485
1427157958.104,-43.719383
1427157958.12,-42.662533
1427157958.135,-40.653778
1427157958.151,-37.516052
1427157958.167,-33.290512
1427157958.182,-28.312403
1427157958.198,-23.070171
1427157958.213,-18.067612
1427157958.229,-13.615271
1427157958.245,-9.701546
1427157958.26,-6.0033054
1427157958.276,-2.0237637
1427157958.292,2.6205692
1427157958.307,8.002443
1427157958.323,13.808851
1427157958.338,19.493553
1427157958.354,24.490383
1427157958.37,28.526209
1427157958.385,31.721613
1427157958.401,34.6024
1427157958.417,37.940865
1427157958.432,42.5008
1427157958.448,48.826206
1427157958.464,56.937267
1427157958.479,66.09915
1427157958.495,74.797844
1427157958.51,80.97296
1427157958.526,82.61729
1427157958.542,78.459
1427157958.557,68.51065
1427157958.573,54.103592
1427157958.589,37.457264
1427157958.604,20.870977
1427157958.62,6.076708
1427157958.635,-6.155525
1427157958.651,-15.855293
1427157958.667,-23.47451
1427157958.682,-29.461082
1427157958.698,-34.055405
1427157958.714,-37.33843
1427157958.729,-39.37817
1427157958.745,-40.35715
1427157958.76,-40.618668
1427157958.776,-40.53695
1427157958.792,-40.452885
1427157958.807,-40.56871
1427157958.823,-40.90614
1427157958.839,-41.33325
1427157958.854,-41.609333
1427157958.87,-41.481655
1427157958.885,-40.780197
1427157958.901,-39.486935
1427157958.917,-37.739998
1427157958.932,-35.738213
1427157958.948,-33.617027
1427157958.964,-31.358692
1427157958.979,-28.78278
1427157958.995,-25.64148
1427157959.01,-21.741417
1427157959.026,-17.024033
1427157959.042,-11.617584
1427157959.057,-5.7168274
1427157959.073,0.4195938
1427157959.089,6.5517845
1427157959.104,12.434677
1427157959.12,17.865234
1427157959.135,22.749962
1427157959.151,27.180256
1427157959.167,31.484077
1427157959.182,36.183548
1427157959.198,41.823784
1427157959.214,48.785034
1427157959.229,56.94333
1427157959.245,65.51135
1427157959.26,73.02484
1427157959.276,77.661446
1427157959.292,77.73059
1427157959.307,72.30461
1427157959.323,61.58152
1427157959.339,46.940113
1427157959.354,30.515575
1427157959.37,14.545029
1427157959.385,0.6720085
1427157959.401,-10.398678
1427157959.417,-18.87836
1427157959.432,-25.453236
1427157959.448,-30.78865
1427157959.464,-35.183624
1427157959.479,-38.543175
1427157959.495,-40.56541
1427157959.51,-41.07148
1427157959.526,-40.171124
1427157959.542,-38.34943
1427157959.557,-36.261345
1427157959.573,-34.512238
1427157959.589,-33.4231
1427157959.604,-32.979385
1427157959.62,-32.87604
1427157959.635,-32.70208
1427157959.651,-32.12611
1427157959.667,-30.991543
1427157959.682,-29.288773
1427157959.698,-27.12339
1427157959.714,-24.573902
1427157959.729,-21.685349
1427157959.745,-18.439499
1427157959.76,-14.804981
1427157959.776,-10.734982
1427157959.792,-6.2459335
1427157959.807,-1.4012871
1427157959.823,3.6951294
1427157959.839,8.902824
1427157959.854,14.094471
1427157959.87,19.201809
1427157959.885,24.197094
1427157959.901,29.137714
1427157959.917,34.10667
1427157959.932,39.294807
1427157959.948,44.949306
1427157959.964,51.396576
1427157959.979,58.83999
1427157959.995,67.15594
1427157960.01,75.57297
1427157960.026,82.68776
1427157960.042,86.70848
1427157960.057,86.033455
1427157960.073,79.91857
1427157960.089,68.85376
1427157960.104,54.431053
1427157960.12,38.767788
1427157960.135,23.798553
1427157960.151,10.672585
1427157960.167,-0.31742477
1427157960.182,-9.421059
1427157960.198,-17.021923
1427157960.214,-23.231815
1427157960.229,-27.924591
1427157960.245,-30.90046
1427157960.26,-32.24291
1427157960.276,-32.39809
1427157960.292,-32.124096
1427157960.307,-32.161564
1427157960.323,-32.972523
1427157960.339,-34.53073
1427157960.354,-36.386044
1427157960.37,-37.896378
1427157960.385,-38.5224
1427157960.401,-38.079887
1427157960.417,-36.789978
1427157960.432,-35.09884
1427157960.448,-33.44033
1427157960.464,-31.924929
1427157960.479,-30.294275
1427157960.495,-28.0201
1427157960.51,-24.568445
1427157960.526,-19.672644
1427157960.542,-13.497806
1427157960.557,-6.5638494
1427157960.573,0.43173122
1427157960.589,6.886382
1427157960.604,12.4812355
1427157960.62,17.231716
1427157960.635,21.452505
1427157960.651,25.60032
1427157960.667,30.143879
1427157960.682,35.518547
1427157960.698,42.0065
1427157960.714,49.627007
1427157960.729,57.938793
1427157960.745,65.94377
1427157960.76,72.09956
1427157960.776,74.7035
1427157960.792,72.40686
1427157960.807,64.802086
1427157960.823,52.62758
1427157960.839,37.57123
1427157960.854,21.695332
1427157960.87,6.7714195
1427157960.885,-6.166374
1427157960.901,-16.843523
1427157960.917,-25.4848
1427157960.932,-32.401276
1427157960.948,-37.763237
1427157960.964,-41.558983
1427157960.979,-43.76423
1427157960.995,-44.55588
1427157961.01,-44.35961
1427157961.026,-43.760735
1427157961.042,-43.346485
1427157961.057,-43.466362
1427157961.073,-44.147736
1427157961.089,-45.09372
1427157961.104,-45.846447
1427157961.12,-45.96952
1427157961.136,-45.226837
1427157961.151,-43.63118
1427157961.167,-41.426464
1427157961.182,-38.928764
1427157961.198,-36.397217
1427157961.214,-33.899063
1427157961.229,-31.304249
1427157961.245,-28.321846
1427157961.26,-24.652576
1427157961.276,-20.065044
1427157961.292,-14.533165
1427157961.307,-8.249508
1427157961.323,-1.5862694
1427157961.339,5.007717
1427157961.354,11.134476
1427157961.37,16.570358
1427157961.386,21.338299
1427157961.401,25.714401
1427157961.417,30.131199
1427157961.432,35.119095
1427157961.448,41.158203
1427157961.464,48.537304
1427157961.479,57.12055
1427157961.495,66.215355
1427157961.511,74.46497
1427157961.526,80.1025
1427157961.542,81.39479
1427157961.557,77.26253
1427157961.573,67.6828
1427157961.589,53.83027
1427157961.604,37.66928
1427157961.62,21.309708
1427157961.636,6.3423386
1427157961.651,-6.5068817
1427157961.667,-17.305008
1427157961.682,-26.440102
1427157961.698,-34.24692
1427157961.714,-40.745796
1427157961.729,-45.75646
1427157961.745,-49.15087
1427157961.761,-51.084908
1427157961.776,-52.006878
1427157961.792,-52.51178
1427157961.807,-53.087982
1427157961.823,-53.95663
1427157961.839,-55.050198
1427157961.854,-56.133736
1427157961.87,-56.966427
1427157961.886,-57.415524
1427157961.901,-57.463764
1427157961.917,-57.16734
1427157961.932,-56.55211
1427157961.948,-55.582428
1427157961.964,-54.11445
1427157961.979,-52.014126
1427157961.995,-49.159824
1427157962.011,-45.56063
1427157962.026,-41.325794
1427157962.042,-36.65399
1427157962.057,-31.752304
1427157962.073,-26.803661
1427157962.089,-21.931648
1427157962.104,-17.214424
1427157962.12,-12.712135
1427157962.136,-8.45319
1427157962.151,-4.4158287
1427157962.167,-0.55062485
1427157962.182,3.292427
1427157962.198,7.280998
1427157962.214,11.570328
1427157962.229,16.216412
1427157962.245,21.162235
1427157962.261,26.229012
1427157962.276,31.181122
1427157962.292,35.814766
1427157962.307,40.04348
1427157962.323,43.98318
1427157962.339,47.980324
1427157962.354,52.55468
1427157962.37,58.32675
1427157962.386,65.707214
1427157962.401,74.59559
1427157962.417,84.08511
1427157962.432,92.471115
1427157962.448,97.58196
1427157962.464,97.492874
1427157962.479,91.201935
1427157962.495,79.10888
1427157962.511,62.88303
1427157962.526,44.89364
1427157962.542,27.354858
1427157962.557,11.738232
1427157962.573,-1.4649696
1427157962.589,-12.474137
1427157962.604,-21.751654
1427157962.62,-29.598877
1427157962.636,-36.02189
1427157962.651,-40.873856
1427157962.667,-44.109444
1427157962.682,-45.9048
1427157962.698,-46.717617
1427157962.714,-47.10398
1427157962.729,-47.55515
1427157962.745,-48.313217
1427157962.761,-49.34227
1427157962.776,-50.40864
1427157962.792,-51.260178
1427157962.807,-51.713192
1427157962.823,-51.74365
1427157962.839,-51.35592
1427157962.854,-50.57432
1427157962.87,-49.345547
1427157962.886,-47.596245
1427157962.901,-45.271664
1427157962.917,-42.399536
1427157962.932,-39.030624
1427157962.948,-35.25956
1427157962.964,-31.134989
1427157962.979,-26.735592
1427157962.995,-22.20554
1427157963.011,-17.797432
1427157963.026,-13.743673
1427157963.042,-10.182746
1427157963.057,-6.9921913
1427157963.073,-3.83278
1427157963.089,-0.2652874
1427157963.104,4.008301
1427157963.12,9.022644
1427157963.136,14.470627
1427157963.151,19.871168
1427157963.167,24.76212
1427157963.182,28.91928
1427157963.198,32.407963
1427157963.214,35.608727
1427157963.229,39.00724
1427157963.245,43.088024
1427157963.261,48.172646
1427157963.276,54.39384
1427157963.292,61.567036
1427157963.307,69.16963
1427157963.323,76.19908
1427157963.339,81.26712
1427157963.354,82.860016
1427157963.37,79.795074
1427157963.386,71.71025
1427157963.401,59.31828
1427157963.417,44.22803
1427157963.432,28.45993
1427157963.448,13.759621
1427157963.464,1.1560555
1427157963.479,-9.131691
1427157963.495,-17.39122
1427157963.511,-24.039642
1427157963.526,-29.29404
1427157963.542,-33.1563
1427157963.557,-35.56898
1427157963.573,-36.625507
1427157963.589,-36.652084
1427157963.604,-36.13619
1427157963.62,-35.553596
1427157963.636,-35.240597
1427157963.651,-35.30584
1427157963.667,-35.70654
1427157963.682,-36.29196
1427157963.698,-36.935238
1427157963.714,-37.49642
1427157963.729,-37.887287
1427157963.745,-37.948887
1427157963.761,-37.49341
1427157963.776,-36.29907
1427157963.792,-34.20083
1427157963.808,-31.171219
1427157963.823,-27.346779
1427157963.839,-22.972572
1427157963.854,-18.343037
1427157963.87,-13.670387
1427157963.886,-9.030556
1427157963.901,-4.379677
1427157963.917,0.36798096
1427157963.932,5.2817764
1427157963.948,10.332405
1427157963.964,15.354279
1427157963.979,20.132591
1427157963.995,24.466599
1427157964.011,28.271667
1427157964.026,31.671608
1427157964.042,34.99118
1427157964.058,38.74624
1427157964.073,43.426903
1427157964.089,49.28402
1427157964.104,56.021812
1427157964.12,62.674454
1427157964.136,67.71827
1427157964.151,69.516785
1427157964.167,66.87453
1427157964.183,59.567978
1427157964.198,48.44687
1427157964.214,35.16182
1427157964.229,21.573624
1427157964.245,9.157463
1427157964.261,-1.3417511
1427157964.276,-9.8841095
1427157964.292,-16.836433
1427157964.308,-22.593025
1427157964.323,-27.342064
1427157964.339,-31.04654
1427157964.354,-33.58914
1427157964.37,-34.970253
1427157964.386,-35.39141
1427157964.401,-35.223694
1427157964.417,-34.903503
1427157964.433,-34.75376
1427157964.448,-34.91465
1427157964.464,-35.331863
1427157964.479,-35.85311
1427157964.495,-36.298836
1427157964.511,-36.548553
1427157964.526,-36.512825
1427157964.542,-36.106003
1427157964.558,-35.181976
1427157964.573,-33.596405
1427157964.589,-31.221802
1427157964.604,-28.052666
1427157964.62,-24.192581
1427157964.636,-19.858437
1427157964.651,-15.259865
1427157964.667,-10.563721
1427157964.683,-5.856346
1427157964.698,-1.1541061
1427157964.714,3.5649948
1427157964.729,8.29525
1427157964.745,13.007851
1427157964.761,17.601906
1427157964.776,21.954918
1427157964.792,25.977661
1427157964.808,29.717667
1427157964.823,33.369987
1427157964.839,37.311417
1427157964.854,41.95288
1427157964.87,47.60858
1427157964.886,54.235634
1427157964.901,61.28781
1427157964.917,67.657715
1427157964.933,71.8347
1427157964.948,72.34466
1427157964.964,68.23813
1427157964.979,59.51671
1427157964.995,47.233963
1427157965.011,33.12326
1427157965.026,19.087173
1427157965.042,6.517952
1427157965.058,-3.9630203
1427157965.073,-12.470047
1427157965.089,-19.4281
1427157965.104,-25.195595
1427157965.12,-29.814384
1427157965.136,-33.13511
1427157965.151,-35.06192
1427157965.167,-35.77221
1427157965.183,-35.724197
1427157965.198,-35.46457
1427157965.214,-35.388214
1427157965.229,-35.602272
1427157965.245,-35.942696
1427157965.261,-36.185143
1427157965.276,-36.184334
1427157965.292,-35.984024
1427157965.308,-35.72336
1427157965.323,-35.53453
1427157965.339,-35.37381
1427157965.354,-35.023537
1427157965.37,-34.128426
1427157965.386,-32.404266
1427157965.401,-29.733047
1427157965.417,-26.246445
1427157965.433,-22.27182
1427157965.448,-18.184402
1427157965.464,-14.256958
1427157965.479,-10.564743
1427157965.495,-6.961746
1427157965.511,-3.192749
1427157965.526,0.97346497
1427157965.542,5.6150208
1427157965.558,10.593414
1427157965.573,15.585617
1427157965.589,20.242218
1427157965.604,24.311218
1427157965.62,27.766571
1427157965.636,30.808472
1427157965.651,33.82483
1427157965.667,37.26747
1427157965.683,41.573715
1427157965.698,46.995117
1427157965.714,53.41974
1427157965.729,60.230362
1427157965.745,66.26587
1427157965.761,70.01688
1427157965.776,70.04471
1427157965.792,65.50308
1427157965.808,56.538834
1427157965.823,44.27539
1427157965.839,30.523544
1427157965.854,17.102722
1427157965.87,5.310379
1427157965.886,-4.3455048
1427157965.901,-11.998688
1427157965.917,-18.068115
1427157965.933,-22.866425
1427157965.948,-26.439178
1427157965.964,-28.669312
1427157965.979,-29.517258
1427157965.995,-29.166336
1427157966.011,-28.042694
1427157966.026,-26.63771
1427157966.042,-25.356064
1427157966.058,-24.391052
1427157966.073,-23.755157
1427157966.089,-23.380219
1427157966.104,-23.22261
1427157966.12,-23.279678
1427157966.136,-23.559082
1427157966.151,-24.020096
1427157966.167,-24.516937
1427157966.183,-24.79985
1427157966.198,-24.6111
1427157966.214,-23.73413
1427157966.229,-22.106476
1427157966.245,-19.799683
1427157966.261,-17.01477
1427157966.276,-13.965134
1427157966.292,-10.786011
1427157966.308,-7.4852905
1427157966.323,-3.9351044
1427157966.339,-0.029159546
1427157966.354,4.2556
1427157966.37,8.772171
1427157966.386,13.239075
1427157966.401,17.389008
1427157966.417,21.09967
1427157966.433,24.466461
1427157966.448,27.743591
1427157966.464,31.29869
1427157966.479,35.48671
1427157966.495,40.600815
1427157966.511,46.703186
1427157966.526,53.515396
1427157966.542,60.236206
1427157966.558,65.57533
1427157966.573,68.02588
1427157966.589,66.33292
1427157966.604,60.016846
1427157966.62,49.64119
1427157966.636,36.64952
1427157966.651,22.900726
1427157966.667,10.016785
1427157966.683,-1.049942
1427157966.698,-10.122238
1427157966.714,-17.508118
1427157966.73,-23.625565
1427157966.745,-28.668427
1427157966.761,-32.54094
1427157966.776,-34.97937
1427157966.792,-35.863297
1427157966.808,-35.38887
1427157966.823,-34.125046
1427157966.839,-32.826767
1427157966.855,-32.167877
1427157966.87,-32.457108
1427157966.886,-33.577988
1427157966.901,-35.074905
1427157966.917,-36.45816
1427157966.933,-37.387726
1427157966.948,-37.818497
1427157966.964,-37.8925
1427157966.98,-37.76892
1427157966.995,-37.458725
1427157967.011,-36.808624
1427157967.026,-35.571304
1427157967.042,-33.55217
1427157967.058,-30.70523
1427157967.073,-27.148773
1427157967.089,-23.116547
1427157967.105,-18.886017
1427157967.12,-14.727753
1427157967.136,-10.876541
1427157967.151,-7.425888
1427157967.167,-4.3535614
1427157967.183,-1.4472656
1427157967.198,1.5779266
1427157967.214,5.023361
1427157967.23,9.031494
1427157967.245,13.570053
1427157967.261,18.381195
1427157967.276,23.105133
1427157967.292,27.404297
1427157967.308,31.09842
1427157967.323,34.24591
1427157967.339,37.13846
1427157967.355,40.235138
1427157967.37,44.04738
1427157967.386,49.00241
1427157967.401,55.31201
1427157967.417,62.748184
1427157967.433,70.546265
1427157967.448,77.37332
1427157967.464,81.55382
1427157967.48,81.515015
1427157967.495,76.36815
1427157967.511,66.249664
1427157967.526,52.443817
1427157967.542,36.89412
1427157967.558,21.621826
1427157967.573,8.09198
1427157967.589,-3.0824585
1427157967.605,-12.0230255
1427157967.62,-19.189194
1427157967.636,-24.997559
1427157967.651,-29.603241
1427157967.667,-33.01541
1427157967.683,-35.23535
1427157967.698,-36.48436
1427157967.714,-37.14324
1427157967.73,-37.67446
1427157967.745,-38.38347
1427157967.761,-39.350395
1427157967.776,-40.40889
1427157967.792,-41.34548
1427157967.808,-41.980812
1427157967.823,-42.324318
1427157967.839,-42.524666
1427157967.855,-42.769775
1427157967.87,-43.114693
1427157967.886,-43.448723
1427157967.901,-43.45485
1427157967.917,-42.7902
1427157967.933,-41.19557
1427157967.948,-38.644257
1427157967.964,-35.287216
1427157967.98,-31.429283
1427157967.995,-27.332397
1427157968.011,-23.19706
1427157968.026,-19.048775
1427157968.042,-14.874268
1427157968.058,-10.656387
1427157968.073,-6.4466553
1427157968.089,-2.3317413
1427157968.105,1.612114
1427157968.12,5.427101
1427157968.136,9.239601
1427157968.151,13.203064
1427157968.167,17.352898
1427157968.183,21.563263
1427157968.198,25.552147
1427157968.214,29.06672
1427157968.23,31.981934
1427157968.245,34.464355
1427157968.261,36.925438
1427157968.276,39.92486
1427157968.292,43.997856
1427157968.308,49.519524
1427157968.323,56.480003
1427157968.339,64.39225
1427157968.355,72.191055
1427157968.37,78.3767
1427157968.386,81.29284
1427157968.401,79.661896
1427157968.417,72.99764
1427157968.433,61.88035
1427157968.448,47.754898
1427157968.464,32.510437
1427157968.48,17.85151
1427157968.495,4.900444
1427157968.511,-5.943344
1427157968.526,-14.771431
1427157968.542,-21.819489
1427157968.558,-27.20758
1427157968.573,-30.913383
1427157968.589,-32.909515
1427157968.605,-33.378677
1427157968.62,-32.79795
1427157968.636,-31.810478
1427157968.651,-31.034386
1427157968.667,-30.845161
1427157968.683,-31.271484
1427157968.698,-32.11019
1427157968.714,-33.094078
1427157968.73,-34.075996
1427157968.745,-35.07244
1427157968.761,-36.17019
1427157968.776,-37.36953
1427157968.792,-38.47158
1427157968.808,-39.064987
1427157968.823,-38.676277
1427157968.839,-36.979904
1427157968.855,-33.955276
1427157968.87,-29.930023
1427157968.886,-25.455528
1427157968.901,-21.101555
1427157968.917,-17.234207
1427157968.933,-13.887863
1427157968.948,-10.793335
1427157968.964,-7.5356216
1427157968.98,-3.7591095
1427157968.995,0.64113617
1427157969.011,5.475342
1427157969.026,10.33345
1427157969.042,14.766006
1427157969.058,18.515656
1427157969.073,21.586166
1427157969.089,24.345734
1427157969.105,27.353462
1427157969.12,31.210808
1427157969.136,36.332436
1427157969.151,42.750877
1427157969.167,49.888634
1427157969.183,56.621544
1427157969.198,61.41935
1427157969.214,62.743126
1427157969.23,59.487007
1427157969.245,51.34246
1427157969.261,38.955353
1427157969.276,23.733276
1427157969.292,7.4267197
1427157969.308,-8.343201
1427157969.323,-22.44606
1427157969.339,-34.36943
1427157969.355,-44.066864
1427157969.37,-51.674324
1427157969.386,-57.294327
1427157969.402,-60.909027
1427157969.417,-62.517075
1427157969.433,-62.262917
1427157969.448,-60.5763
1427157969.464,-58.095474
1427157969.48,-55.455467
1427157969.495,-53.08673
1427157969.511,-51.04547
1427157969.527,-49.07379
1427157969.542,-46.785263
1427157969.558,-43.9497
1427157969.573,-40.6828
1427157969.589,-37.412346
1427157969.605,-34.713165
1427157969.62,-33.0347
1427157969.636,-32.453773
1427157969.652,-32.54892
1427157969.667,-32.596794
1427157969.683,-31.792
1427157969.698,-29.650017
1427157969.714,-26.158127
1427157969.73,-21.751343
1427157969.745,-17.002594
1427157969.761,-12.284195
1427157969.777,-7.47921
1427157969.792,-2.1032486
1427157969.808,4.4413986
1427157969.823,12.469582
1427157969.839,21.730476
1427157969.855,31.461838
1427157969.87,40.703888
1427157969.886,48.67688
1427157969.902,55.08764
1427157969.917,60.196556
1427157969.933,64.68799
1427157969.948,69.38294
1427157969.964,75.036766
1427157969.98,82.10664
1427157969.995,90.6335
1427157970.011,100.06058
1427157970.027,109.22127
1427157970.042,116.433525
1427157970.058,119.90719
1427157970.073,118.25355
1427157970.089,111.01884
1427157970.105,98.87963
1427157970.12,83.4429
1427157970.136,66.74943
1427157970.152,50.58766
1427157970.167,36.088768
1427157970.183,23.606522
1427157970.198,12.971428
1427157970.214,3.8680878
1427157970.23,-3.904007
1427157970.245,-10.339172
1427157970.261,-15.4008255
1427157970.277,-19.192741
1427157970.292,-22.093758
1427157970.308,-24.631622
1427157970.323,-27.293297
1427157970.339,-30.265106
1427157970.355,-33.390007
1427157970.37,-36.25495
1427157970.386,-38.444984
1427157970.402,-39.8097
1427157970.417,-40.50534
1427157970.433,-40.887016
1427157970.448,-41.234795
1427157970.464,-41.537888
1427157970.48,-41.46634
1427157970.495,-40.50817
1427157970.511,-38.27197
1427157970.527,-34.640522
1427157970.542,-29.879814
1427157970.558,-24.511288
1427157970.573,-19.142181
1427157970.589,-14.228786
1427157970.605,-9.976536
1427157970.62,-6.240284
1427157970.636,-2.6075363
1427157970.652,1.4367867
1427157970.667,6.2546654
1427157970.683,11.877653
1427157970.698,17.940643
1427157970.714,23.835484
1427157970.73,28.990232
1427157970.745,33.145023
1427157970.761,36.506107
1427157970.777,39.68635
1427157970.792,43.497074
1427157970.808,48.6823
1427157970.823,55.66122
1427157970.839,64.32632
1427157970.855,73.882996
1427157970.87,82.84262
1427157970.886,89.26708
1427157970.902,91.23591
1427157970.917,87.446396
1427157970.933,77.71783
1427157970.948,63.11403
1427157970.964,45.62118
1427157970.98,27.459068
1427157970.995,10.465786
1427157971.011,-4.352894
1427157971.027,-16.751858
1427157971.042,-26.933807
1427157971.058,-35.19552
1427157971.073,-41.692936
1427157971.089,-46.46303
1427157971.105,-49.584602
1427157971.12,-51.32409
1427157971.136,-52.12742
1427157971.152,-52.510506
1427157971.167,-52.906723
1427157971.183,-53.528313
1427157971.198,-54.37645
1427157971.214,-55.323044
1427157971.23,-56.220375
1427157971.245,-56.994797
1427157971.261,-57.644577
1427157971.277,-58.13759
1427157971.292,-58.355865
1427157971.308,-58.041473
1427157971.323,-56.871613
1427157971.339,-54.59559
1427157971.355,-51.141502
1427157971.37,-46.674583
1427157971.386,-41.555573
1427157971.402,-36.17418
1427157971.417,-30.823715
1427157971.433,-25.58345
1427157971.448,-20.32866
1427157971.464,-14.808884
1427157971.48,-8.8564
1427157971.495,-2.4367523
1427157971.511,4.2510986
1427157971.527,10.9192505
1427157971.542,17.283585
1427157971.558,23.245712
1427157971.573,28.915375
1427157971.589,34.647095
1427157971.605,40.94954
1427157971.62,48.298615
1427157971.636,56.912613
1427157971.652,66.45216
1427157971.667,75.84715
1427157971.683,83.35951
1427157971.698,86.986496
1427157971.714,85.06003
1427157971.73,76.90819
1427157971.745,63.200897
1427157971.761,45.758255
1427157971.777,26.992111
1427157971.792,9.103165
1427157971.808,-6.453064
1427157971.823,-19.196823
1427157971.839,-29.316055
1427157971.855,-37.29483
1427157971.87,-43.479767
1427157971.886,-47.99037
1427157971.902,-50.863342
1427157971.917,-52.20372
1427157971.933,-52.36209
1427157971.948,-51.886063
1427157971.964,-51.347595
1427157971.98,-51.14125
1427157971.995,-51.365906
1427157972.011,-51.87802
1427157972.027,-52.40367
1427157972.042,-52.747833
1427157972.058,-52.865997
1427157972.074,-52.833633
1427157972.089,-52.699036
1427157972.105,-52.36319
1427157972.12,-51.494095
1427157972.136,-49.650665
1427157972.152,-46.47412
1427157972.167,-41.914795
1427157972.183,-36.282013
1427157972.198,-30.194977
1427157972.214,-24.26802
1427157972.23,-18.909515
1427157972.245,-14.074875
1427157972.261,-9.364304
1427157972.277,-4.2333527
1427157972.292,1.6751404
1427157972.308,8.343491
1427157972.324,15.330551
1427157972.339,22.031311
1427157972.355,27.927368
1427157972.37,32.854996
1427157972.386,37.084732
1427157972.402,41.25525
1427157972.417,46.140625
1427157972.433,52.481445
1427157972.449,60.663208
1427157972.464,70.53833
1427157972.48,81.201065
1427157972.495,90.9881
1427157972.511,97.712875
1427157972.527,99.28255
1427157972.542,94.35765
1427157972.558,82.92012
1427157972.574,66.319534
1427157972.589,46.861313
1427157972.605,27.016525
1427157972.62,8.693329
1427157972.636,-7.160248
1427157972.652,-20.429626
1427157972.667,-31.434479
1427157972.683,-40.459564
1427157972.699,-47.53781
1427157972.714,-52.50647
1427157972.73,-55.35434
1427157972.745,-56.388
1427157972.761,-56.291077
1427157972.777,-55.86554
1427157972.792,-55.76001
1427157972.808,-56.23474
1427157972.824,-57.132385
1427157972.839,-58.025604
1427157972.855,-58.49347
1427157972.87,-58.33722
1427157972.886,-57.646576
1427157972.902,-56.70401
1427157972.917,-55.81256
1427157972.933,-55.057343
1427157972.949,-54.21985
1427157972.964,-52.84308
1427157972.98,-50.43271
1427157972.995,-46.68039
1427157973.011,-41.653503
1427157973.027,-35.79077
1427157973.042,-29.77182
1427157973.058,-24.212494
1427157973.074,-19.435883
1427157973.089,-15.297821
1427157973.105,-11.295746
1427157973.12,-6.775482
1427157973.136,-1.2852173
1427157973.152,5.2466736
1427157973.167,12.42627
1427157973.183,19.585358
1427157973.199,26.005127
1427157973.214,31.279999
1427157973.23,35.45813
1427157973.245,39.038513
1427157973.261,42.822937
1427157973.277,47.65216
1427157973.292,54.157715
1427157973.308,62.569122
1427157973.324,72.492584
1427157973.339,82.86072
1427157973.355,91.9357
1427157973.37,97.62009
1427157973.386,97.97806
1427157973.402,91.89542
1427157973.417,79.516846
1427157973.433,62.299316
1427157973.449,42.553986
1427157973.464,22.707092
1427157973.48,4.596466
1427157973.495,-10.846252
1427157973.511,-23.484741
1427157973.527,-33.58615
1427157973.542,-41.40706
1427157973.558,-47.03694
1427157973.574,-50.53276
1427157973.589,-52.108124
1427157973.605,-52.30887
1427157973.62,-51.89563
1427157973.636,-51.614014
1427157973.652,-51.896667
1427157973.667,-52.7995
1427157973.683,-53.97336
1427157973.699,-54.947693
1427157973.714,-55.36029
1427157973.73,-55.128677
1427157973.745,-54.450577
1427157973.761,-53.67543
1427157973.777,-53.03006
1427157973.792,-52.467484
1427157973.808,-51.62082
1427157973.824,-49.94684
1427157973.839,-46.970764
1427157973.855,-42.53871
1427157973.87,-36.885315
1427157973.886,-30.564087
1427157973.902,-24.245895
1427157973.917,-18.466827
1427157973.933,-13.414597
1427157973.949,-8.932144
1427157973.964,-4.5734406
1427157973.98,0.16285706
1427157973.995,5.6171875
1427157974.011,11.795013
1427157974.027,18.37677
1427157974.042,24.78186
1427157974.058,30.458893
1427157974.074,35.074814
1427157974.089,38.718063
1427157974.105,41.869614
1427157974.12,45.316437
1427157974.136,49.87648
1427157974.152,56.130432
1427157974.167,64.14491
1427157974.183,73.24298
1427157974.199,81.9886
1427157974.214,88.40169
1427157974.23,90.45772
1427157974.245,86.71594
1427157974.261,76.84267
1427157974.277,61.828888
1427157974.292,43.680283
1427157974.308,24.81285
1427157974.324,7.3000336
1427157974.339,-7.5443726
1427157974.355,-19.315857
1427157974.37,-28.201233
1427157974.386,-34.644836
1427157974.402,-38.991623
1427157974.417,-41.491028
1427157974.433,-42.32878
1427157974.449,-41.84671
1427157974.464,-40.55507
1427157974.48,-39.095734
1427157974.495,-38.08029
1427157974.511,-37.939484
1427157974.527,-38.740982
1427157974.542,-40.249435
1427157974.558,-41.974792
1427157974.574,-43.370224
1427157974.589,-43.994263
1427157974.605,-43.67218
1427157974.62,-42.450882
1427157974.636,-40.54982
1427157974.652,-38.177917
1427157974.667,-35.45497
1427157974.683,-32.35515
1427157974.699,-28.776901
1427157974.714,-24.575882
1427157974.73,-19.649002
1427157974.746,-13.979507
1427157974.761,-7.657913
1427157974.777,-0.89712524
1427157974.792,5.9467773
1427157974.808,12.504608
1427157974.824,18.441376
1427157974.839,23.634766
1427157974.855,28.213669
1427157974.87,32.55838
1427157974.886,37.157333
1427157974.902,42.532684
1427157974.917,49.063385
1427157974.933,56.859375
1427157974.949,65.56094
1427157974.964,74.19127
1427157974.98,81.1508
1427157974.996,84.57446
1427157975.011,82.83194
1427157975.027,75.236206
1427157975.042,62.408142
1427157975.058,46.138535
1427157975.074,28.779129
1427157975.089,12.469772
1427157975.105,-1.5305023
1427157975.121,-12.946579
1427157975.136,-22.151016
1427157975.152,-29.666565
1427157975.167,-35.754974
1427157975.183,-40.355698
1427157975.199,-43.305573
1427157975.214,-44.59398
1427157975.23,-44.503754
1427157975.246,-43.554733
1427157975.261,-42.337997
1427157975.277,-41.301605
1427157975.292,-40.68332
1427157975.308,-40.48813
1427157975.324,-40.552917
1427157975.339,-40.65625
1427157975.355,-40.57814
1427157975.371,-40.123688
1427157975.386,-39.19284
1427157975.402,-37.699005
1427157975.417,-35.635452
1427157975.433,-33.000656
1427157975.449,-29.82489
1427157975.464,-26.13301
1427157975.48,-21.937988
1427157975.496,-17.214157
1427157975.511,-11.922913
1427157975.527,-6.063385
1427157975.542,0.25074768
1427157975.558,6.7809143
1427157975.574,13.190109
1427157975.589,19.14595
1427157975.605,24.46061
1427157975.621,29.182152
1427157975.636,33.581932
1427157975.652,38.12117
1427157975.667,43.308914
1427157975.683,49.6232
1427157975.699,57.31289
1427157975.714,66.170494
1427157975.73,75.32035
1427157975.746,83.19548
1427157975.761,87.811066
1427157975.777,87.362495
1427157975.792,80.90563
1427157975.808,68.79337
1427157975.824,52.614502
1427157975.839,34.670883
1427157975.855,17.163017
1427157975.871,1.5721817
1427157975.886,-11.549255
1427157975.902,-22.31984
1427157975.917,-31.07975
1427157975.933,-38.030518
1427157975.949,-43.15187
1427157975.964,-46.371902
1427157975.98,-47.85102
1427157975.996,-48.044327
1427157976.011,-47.629135
1427157976.027,-47.245667
1427157976.042,-47.251503
1427157976.058,-47.635605
1427157976.074,-48.075462
1427157976.089,-48.214287
1427157976.105,-47.848206
1427157976.121,-47.07585
1427157976.136,-46.214584
1427157976.152,-45.5717
1427157976.167,-45.228493
1427157976.183,-44.875008
1427157976.199,-43.94323
1427157976.214,-41.81227
1427157976.23,-38.14103
1427157976.246,-33.030052
1427157976.261,-27.026665
1427157976.277,-20.870766
1427157976.292,-15.239204
1427157976.308,-10.473343
1427157976.324,-6.477844
1427157976.339,-2.7899475
1427157976.355,1.1872864
1427157976.371,5.9405212
1427157976.386,11.589836
1427157976.402,17.84449
1427157976.417,24.129066
1427157976.433,29.845161
1427157976.449,34.644646
1427157976.464,38.594975
1427157976.48,42.13125
1427157976.496,45.876568
1427157976.511,50.444405
1427157976.527,56.28734
1427157976.542,63.58694
1427157976.558,72.09412
1427157976.574,80.964874
1427157976.589,88.703636
1427157976.605,93.34714
1427157976.621,93.0267
1427157976.636,86.64753
1427157976.652,74.448746
1427157976.667,58.01985
1427157976.683,39.80341
1427157976.699,22.21313
1427157976.714,6.9038773
1427157976.73,-5.570938
1427157976.746,-15.518406
1427157976.761,-23.550213
1427157976.777,-30.064
1427157976.792,-35.093334
1427157976.808,-38.457043
1427157976.824,-40.082825
1427157976.839,-40.22756
1427157976.855,-39.490116
1427157976.871,-38.554626
1427157976.886,-37.970673
1427157976.902,-37.927208
1427157976.917,-38.298786
1427157976.933,-38.758873
1427157976.949,-38.998566
1427157976.964,-38.82483
1427157976.98,-38.194237
1427157976.996,-37.14183
1427157977.011,-35.709133
1427157977.027,-33.87967
1427157977.042,-31.612062
1427157977.058,-28.840582
1427157977.074,-25.54536
1427157977.089,-21.687357
1427157977.105,-17.307398
1427157977.121,-12.422125
1427157977.136,-7.128956
1427157977.152,-1.523777
1427157977.167,4.242365
1427157977.183,10.007708
1427157977.199,15.611641
1427157977.214,20.913061
1427157977.23,25.820456
1427157977.246,30.325249
1427157977.261,34.533554
1427157977.277,38.702198
1427157977.292,43.242516
1427157977.308,48.64399
1427157977.324,55.229713
1427157977.339,62.9243
1427157977.355,70.933426
1427157977.371,77.757195
1427157977.386,81.459366
1427157977.402,80.287384
1427157977.417,73.33716
1427157977.433,61.025253
1427157977.449,44.97959
1427157977.464,27.576822
1427157977.48,11.079191
1427157977.496,-3.0324688
1427157977.511,-14.291433
1427157977.527,-23.040913
1427157977.542,-29.929508
1427157977.558,-35.41234
1427157977.574,-39.590267
1427157977.589,-42.341263
1427157977.605,-43.59235
1427157977.621,-43.547676
1427157977.636,-42.72855
1427157977.652,-41.781654
1427157977.668,-41.255043
1427157977.683,-41.372078
1427157977.699,-42.02527
1427157977.714,-42.856678
1427157977.73,-43.482365
1427157977.746,-43.620613
1427157977.761,-43.184517
1427157977.777,-42.202286
1427157977.793,-40.718372
1427157977.808,-38.70371
1427157977.824,-36.079666
1427157977.839,-32.76333
1427157977.855,-28.796444
1427157977.871,-24.32789
1427157977.886,-19.57766
1427157977.902,-14.688856
1427157977.918,-9.702449
1427157977.933,-4.498085
1427157977.949,1.0229928
1427157977.964,6.8785863
1427157977.98,12.899773
1427157977.996,18.77821
1427157978.011,24.196709
1427157978.027,28.996386
1427157978.043,33.23904
1427157978.058,37.23498
1427157978.074,41.49098
1427157978.089,46.610023
1427157978.105,53.08988
1427157978.121,61.09316
1427157978.136,70.13677
1427157978.152,78.92375
1427157978.168,85.51045
1427157978.183,87.84173
1427157978.199,84.44509
1427157978.214,75.07499
1427157978.23,60.86381
1427157978.246,43.937847
1427157978.261,26.661875
1427157978.277,10.868321
1427157978.293,-2.5578942
1427157978.308,-13.563272
1427157978.324,-22.554382
1427157978.339,-29.898993
1427157978.355,-35.737484
1427157978.371,-40.013767
1427157978.386,-42.726864
1427157978.402,-44.10151
1427157978.418,-44.61172
1427157978.433,-44.80755
1427157978.449,-45.15
1427157978.464,-45.80809
1427157978.48,-46.686333
1427157978.496,-47.447193
1427157978.511,-47.778038
1427157978.527,-47.511055
1427157978.543,-46.736073
1427157978.558,-45.74257
1427157978.574,-44.865795
1427157978.589,-44.23298
1427157978.605,-43.677586
1427157978.621,-42.707718
1427157978.636,-40.752525
1427157978.652,-37.40924
1427157978.668,-32.67063
1427157978.683,-26.962734
1427157978.699,-20.986431
1427157978.714,-15.423907
1427157978.73,-10.657968
1427157978.746,-6.6327286
1427157978.761,-2.9228497
1427157978.777,1.067461
1427157978.793,5.780817
1427157978.808,11.3438
1427157978.824,17.465225
1427157978.839,23.610264
1427157978.855,29.200964
1427157978.871,33.877724
1427157978.886,37.64769
1427157978.902,40.84613
1427157978.918,44.05146
1427157978.933,47.912224
1427157978.949,53.01983
1427157978.964,59.73966
1427157978.98,67.99294
1427157978.996,77.06989
1427157979.011,85.53046
1427157979.027,91.414375
1427157979.043,92.75308
1427157979.058,88.27336
1427157979.074,77.914825
1427157979.089,62.954514
1427157979.105,45.56703
1427157979.121,28.064228
1427157979.136,12.152876
1427157979.152,-1.4257584
1427157979.168,-12.753967
1427157979.183,-22.264187
1427157979.199,-30.27977
1427157979.214,-36.791298
1427157979.23,-41.603775
1427157979.246,-44.617065
1427157979.261,-46.065216
1427157979.277,-46.520164
1427157979.293,-46.69886
1427157979.308,-47.155754
1427157979.324,-48.06296
1427157979.339,-49.20363
1427157979.355,-50.141575
1427157979.371,-50.461365
1427157979.386,-50.044727
1427157979.402,-49.08933
1427157979.418,-48.02444
1427157979.433,-47.220947
1427157979.449,-46.81648
1427157979.464,-46.5828
1427157979.48,-46.030975
1427157979.496,-44.591927
1427157979.511,-41.86858
1427157979.527,-37.756493
1427157979.543,-32.51712
1427157979.558,-26.645535
1427157979.574,-20.73555
1427157979.589,-15.295921
1427157979.605,-10.568153
1427157979.621,-6.504139
1427157979.636,-2.7806854
1427157979.652,1.040245
1427157979.668,5.322712
1427157979.683,10.21291
1427157979.699,15.558182
1427157979.714,21.02665
1427157979.73,26.22681
1427157979.746,30.913166
1427157979.761,35.072258
1427157979.777,38.919468
1427157979.793,42.786236
1427157979.808,47.0535
1427157979.824,52.094337
1427157979.839,58.203735
1427157979.855,65.49425
1427157979.871,73.6601
1427157979.886,81.80896
1427157979.902,88.423645
1427157979.918,91.6631
1427157979.933,89.94721
1427157979.949,82.5544
1427157979.964,69.99665
1427157979.98,53.900654
1427157979.996,36.485836
1427157980.011,19.816502
1427157980.027,5.290268
1427157980.043,-6.579628
1427157980.058,-15.928741
1427157980.074,-23.154163
1427157980.089,-28.599781
1427157980.105,-32.428844
1427157980.121,-34.76038
1427157980.136,-35.827778
1427157980.152,-36.039215
1427157980.168,-35.95075
1427157980.183,-36.04467
1427157980.199,-36.58718
1427157980.214,-37.514774
1427157980.23,-38.550014
1427157980.246,-39.362915
1427157980.261,-39.787773
1427157980.277,-39.873325
1427157980.293,-39.86941
1427157980.308,-39.95829
1427157980.324,-40.113197
1427157980.34,-39.97742
1427157980.355,-38.998215
1427157980.371,-36.70852
1427157980.386,-32.985035
1427157980.402,-28.158081
1427157980.418,-22.861237
1427157980.433,-17.738148
1427157980.449,-13.137436
1427157980.465,-8.982365
1427157980.48,-4.883114
1427157980.496,-0.39740753
1427157980.511,4.6954346
1427157980.527,10.287094
1427157980.543,15.992455
1427157980.558,21.38358
1427157980.574,26.177563
1427157980.59,30.387234
1427157980.605,34.30059
1427157980.621,38.409515
1427157980.636,43.24713
1427157980.652,49.299953
1427157980.668,56.764847
1427157980.683,65.35474
1427157980.699,74.11398
1427157980.715,81.46201
1427157980.73,85.50847
1427157980.746,84.64226
1427157980.761,78.10251
1427157980.777,66.37279
1427157980.793,51.000244
1427157980.808,34.123955
1427157980.824,17.715843
1427157980.84,3.0769463
1427157980.855,-9.350426
1427157980.871,-19.716167
1427157980.886,-28.343754
1427157980.902,-35.39854
1427157980.918,-40.80582
1427157980.933,-44.423176
1427157980.949,-46.29328
1427157980.965,-46.79271
1427157980.98,-46.542492
1427157980.996,-46.231716
1427157981.011,-46.314003
1427157981.027,-46.8727
1427157981.043,-47.65331
1427157981.058,-48.24464
1427157981.074,-48.353497
1427157981.09,-47.927277
1427157981.105,-47.190735
1427157981.121,-46.434895
1427157981.136,-45.820877
1427157981.152,-45.21463
1427157981.168,-44.202065
1427157981.183,-42.256668
1427157981.199,-39.02634
1427157981.215,-34.508617
1427157981.23,-29.098286
1427157981.246,-23.416965
1427157981.261,-18.07465
1427157981.277,-13.374123
1427157981.293,-9.19421
1427157981.308,-5.0456505
1427157981.324,-0.331398
1427157981.34,5.34161
1427157981.355,11.9200325
1427157981.371,18.945168
1427157981.386,25.661243
1427157981.402,31.432217
1427157981.418,35.988056
1427157981.433,39.579594
1427157981.449,42.88866
1427157981.465,46.787254
1427157981.48,52.043995
1427157981.496,59.076305
1427157981.511,67.705414
1427157981.527,77.02856
1427157981.543,85.47124
1427157981.558,91.06789
1427157981.574,91.9935
1427157981.59,87.18658
1427157981.605,76.742935
1427157981.621,61.95746
1427157981.636,44.8701
1427157981.652,27.592705
1427157981.668,11.70396
1427157981.683,-2.0477638
1427157981.699,-13.598923
1427157981.715,-23.240688
1427157981.73,-31.241287
1427157981.746,-37.677654
1427157981.761,-42.502087
1427157981.777,-45.70289
1427157981.793,-47.444977
1427157981.808,-48.097153
1427157981.824,-48.15449
1427157981.84,-48.047066
1427157981.855,-48.041977
1427157981.871,-48.156647
1427157981.886,-48.245052
1427157981.902,-48.111935
1427157981.918,-47.677765
1427157981.933,-47.034298
1427157981.949,-46.42118
1427157981.965,-46.00748
1427157981.98,-45.7888
1427157981.996,-45.44169
1427157982.011,-44.46307
1427157982.027,-42.332405
1427157982.043,-38.808525
1427157982.058,-34.034733
1427157982.074,-28.513515
1427157982.09,-22.870605
1427157982.105,-17.631912
1427157982.121,-12.967468
1427157982.136,-8.672653
1427157982.152,-4.302971
1427157982.168,0.5603905
1427157982.183,6.1292305
1427157982.199,12.273022
1427157982.215,18.599003
1427157982.23,24.614223
1427157982.246,29.950645
1427157982.261,34.48427
1427157982.277,38.368443
1427157982.293,41.98524
1427157982.308,45.886753
1427157982.324,50.66886
1427157982.34,56.831566
1427157982.355,64.534065
1427157982.371,73.34407
1427157982.386,82.0717
1427157982.402,88.92074
1427157982.418,91.87563
1427157982.433,89.41997
1427157982.449,81.048004
1427157982.465,67.565506
1427157982.48,50.79913
1427157982.496,33.014236
1427157982.511,16.18713
1427157982.527,1.5406799
1427157982.543,-10.53883
1427157982.558,-20.238808
1427157982.574,-27.93966
1427157982.59,-33.907143
1427157982.605,-38.247646
1427157982.621,-41.022038
1427157982.636,-42.433254
1427157982.652,-42.862984
1427157982.668,-42.84178
1427157982.683,-42.792877
1427157982.699,-42.9607
1427157982.715,-43.301525
1427157982.73,-43.60989
1427157982.746,-43.702183
1427157982.761,-43.53108
1427157982.777,-43.18385
1427157982.793,-42.81803
1427157982.808,-42.51113
1427157982.824,-42.11844
1427157982.84,-41.307255
1427157982.855,-39.685333
1427157982.871,-36.972824
1427157982.886,-33.19552
1427157982.902,-28.631187
1427157982.918,-23.782412
1427157982.933,-19.074755
1427157982.949,-14.700949
1427157982.965,-10.525116
1427157982.98,-6.166275
1427157982.996,-1.2064095
1427157983.012,4.5443306
1427157983.027,10.953989
1427157983.043,17.567078
1427157983.058,23.813972
1427157983.074,29.239815
1427157983.09,33.726234
1427157983.105,37.49958
1427157983.121,41.09581
1427157983.137,45.194565
1427157983.152,50.46499
1427157983.168,57.265244
1427157983.183,65.40698
1427157983.199,73.909424
1427157983.215,81.098816
1427157983.23,84.95219
1427157983.246,83.76914
1427157983.262,76.837685
1427157983.277,64.80399
1427157983.293,49.44184
1427157983.308,33.038692
1427157983.324,17.55967
1427157983.34,4.117407
1427157983.355,-7.0851173
1427157983.371,-16.421331
1427157983.387,-24.321173
1427157983.402,-30.93473
1427157983.418,-36.12921
1427157983.433,-39.70668
1427157983.449,-41.68254
1427157983.465,-42.38332
1427157983.48,-42.39759
1427157983.496,-42.32823
1427157983.512,-42.607216
1427157983.527,-43.331223
1427157983.543,-44.317192
1427157983.558,-45.187157
1427157983.574,-45.597008
1427157983.59,-45.365032
1427157983.605,-44.54783
1427157983.621,-43.350433
1427157983.637,-42.017105
1427157983.652,-40.615246
1427157983.668,-38.96026
1427157983.683,-36.664295
1427157983.699,-33.319313
1427157983.715,-28.667774
1427157983.73,-22.778612
1427157983.746,-15.984872
1427157983.762,-8.788119
1427157983.777,-1.6667442
1427157983.793,5.046166
1427157983.808,11.233186
1427157983.824,16.952335
1427157983.84,22.362597
1427157983.855,27.650873
1427157983.871,32.99326
1427157983.887,38.58008
1427157983.902,44.686504
1427157983.918,51.587093
1427157983.933,59.471146
1427157983.949,68.106964
1427157983.965,76.61166
1427157983.98,83.400894
1427157983.996,86.511024
1427157984.012,84.281105
1427157984.027,76.06577
1427157984.043,62.600376
1427157984.058,45.856873
1427157984.074,28.338383
1427157984.09,12.210344
1427157984.105,-1.3714037
1427157984.121,-12.27239
1427157984.137,-21.034615
1427157984.152,-28.266014
1427157984.168,-34.2603
1427157984.183,-38.94899
1427157984.199,-42.17094
1427157984.215,-43.97558
1427157984.23,-44.724556
1427157984.246,-44.979233
1427157984.262,-45.257614
1427157984.277,-45.806877
1427157984.293,-46.57916
1427157984.308,-47.321995
1427157984.324,-47.80978
1427157984.34,-47.931423
1427157984.355,-47.742912
1427157984.371,-47.342865
1427157984.387,-46.781136
1427157984.402,-45.92977
1427157984.418,-44.509537
1427157984.433,-42.198887
1427157984.449,-38.822166
1427157984.465,-34.43526
1427157984.48,-29.38006
1427157984.496,-24.138802
1427157984.512,-19.09804
1427157984.527,-14.393534
1427157984.543,-9.845443
1427157984.558,-5.0637856
1427157984.574,0.3145628
1427157984.59,6.4208984
1427157984.605,13.024256
1427157984.621,19.644508
1427157984.637,25.706333
1427157984.652,30.880032
1427157984.668,35.167397
1427157984.683,39.007965
1427157984.699,43.12077
1427157984.715,48.29024
1427157984.73,55.08609
1427157984.746,63.62587
1427157984.762,73.28805
1427157984.777,82.72163
1427157984.793,89.98453
1427157984.808,93.044655
1427157984.824,90.38237
1427157984.84,81.58716
1427157984.855,67.535614
1427157984.871,50.209827
1427157984.887,31.969856
1427157984.902,14.84556
1427157984.918,-0.0066871643
1427157984.933,-12.346504
1427157984.949,-22.53965
1427157984.965,-31.035244
1427157984.98,-38.012497
1427157984.996,-43.37109
1427157985.012,-46.965446
1427157985.027,-48.85742
1427157985.043,-49.483486
1427157985.058,-49.573902
1427157985.074,-49.844723
1427157985.09,-50.742752
1427157985.105,-52.289425
1427157985.121,-54.125046
1427157985.137,-55.710423
1427157985.152,-56.505013
1427157985.168,-56.27092
1427157985.183,-55.09518
1427157985.199,-53.367397
1427157985.215,-51.555058
1427157985.23,-50.007813
1427157985.246,-48.717262
1427157985.262,-47.324963
1427157985.277,-45.249973
1427157985.293,-42.002365
1427157985.308,-37.404747
1427157985.324,-31.757114
1427157985.34,-25.725674
1427157985.355,-20.050213
1427157985.371,-15.1942215
1427157985.387,-11.168323
1427157985.402,-7.5202127
1427157985.418,-3.6022792
1427157985.433,1.1385584
1427157985.449,6.8411894
1427157985.465,13.216965
1427157985.48,19.68154
1427157985.496,25.661713
1427157985.512,30.776669
1427157985.527,35.085022
1427157985.543,38.940483
1427157985.558,42.86439
1427157985.574,47.37214
1427157985.59,52.86653
1427157985.605,59.611015
1427157985.621,67.65071
1427157985.637,76.64924
1427157985.652,85.698715
1427157985.668,93.23665
1427157985.684,97.311676
1427157985.699,96.12276
1427157985.715,88.76803
1427157985.73,75.67308
1427157985.746,58.576958
1427157985.762,39.916367
1427157985.777,22.06704
1427157985.793,6.5910006
1427157985.808,-5.9712152
1427157985.824,-15.856809
1427157985.84,-23.629948
1427157985.855,-29.698498
1427157985.871,-34.218765
1427157985.887,-37.19243
1427157985.902,-38.695503
1427157985.918,-39.051598
1427157985.934,-38.792595
1427157985.949,-38.477547
1427157985.965,-38.520847
1427157985.98,-39.056953
1427157985.996,-39.93503
1427157986.012,-40.87561
1427157986.027,-41.58604
1427157986.043,-41.917435
1427157986.059,-41.850716
1427157986.074,-41.446186
1427157986.09,-40.70086
1427157986.105,-39.476208
1427157986.121,-37.5645
1427157986.137,-34.794956
1427157986.152,-31.170918
1427157986.168,-26.896225
1427157986.184,-22.277893
1427157986.199,-17.562586
1427157986.215,-12.796459
1427157986.23,-7.8434834
1427157986.246,-2.508354
1427157986.262,3.2597938
1427157986.277,9.320585
1427157986.293,15.343029
1427157986.309,21.01097
1427157986.324,26.144264
1427157986.34,30.871723
1427157986.355,35.526344
1427157986.371,40.607964
1427157986.387,46.59372
1427157986.402,53.75759
1427157986.418,61.94453
1427157986.434,70.37691
1427157986.449,77.64748
1427157986.465,81.94506
1427157986.48,81.59159
1427157986.496,75.63778
1427157986.512,64.301605
1427157986.527,48.99305
1427157986.543,31.844616
1427157986.559,15.028028
1427157986.574,0.10513973
1427157986.59,-12.255371
1427157986.605,-22.141962
1427157986.621,-29.989697
1427157986.637,-36.1819
1427157986.652,-40.84292
1427157986.668,-43.958027
1427157986.684,-45.53234
1427157986.699,-45.838585
1427157986.715,-45.338615
1427157986.73,-44.620155
1427157986.746,-44.163376
1427157986.762,-44.188656
1427157986.777,-44.61824
1427157986.793,-45.224483
1427157986.809,-45.72417
1427157986.824,-45.9179
1427157986.84,-45.68171
1427157986.855,-44.935787
1427157986.871,-43.573696
1427157986.887,-41.520466
1427157986.902,-38.723484
1427157986.918,-35.28463
1427157986.934,-31.36716
1427157986.949,-27.19154
1427157986.965,-22.84565
1427157986.98,-18.288261
1427157986.996,-13.316384
1427157987.012,-7.7761855
1427157987.027,-1.6343071
1427157987.043,4.924261
1427157987.059,11.570478
1427157987.074,17.924046
1427157987.09,23.77101
1427157987.105,29.078459
1427157987.121,33.99602
1427157987.137,38.83927
1427157987.152,44.010506
1427157987.168,49.963367
1427157987.184,57.099392
1427157987.199,65.4693
1427157987.215,74.545654
1427157987.23,83.00521
1427157987.246,88.89744
1427157987.262,90.17553
1427157987.277,85.48341
1427157987.293,74.73166
1427157987.309,59.28981
1427157987.324,41.48008
1427157987.34,23.791168
1427157987.355,8.01877
1427157987.371,-5.10783
1427157987.387,-15.774031
1427157987.402,-24.566391
1427157987.418,-31.952198
1427157987.434,-38.021496
1427157987.449,-42.603664
1427157987.465,-45.551655
1427157987.48,-47.025684
1427157987.496,-47.485157
1427157987.512,-47.59519
1427157987.527,-47.92813
1427157987.543,-48.769238
1427157987.559,-50.01567
1427157987.574,-51.3031
1427157987.59,-52.177475
1427157987.605,-52.34599
1427157987.621,-51.784744
1427157987.637,-50.7514
1427157987.652,-49.604065
1427157987.668,-48.584286
1427157987.684,-47.62574
1427157987.699,-46.339363
1427157987.715,-44.191593
1427157987.73,-40.773403
1427157987.746,-36.046257
1427157987.762,-30.391304
1427157987.777,-24.483892
1427157987.793,-18.999231
1427157987.809,-14.2922325
1427157987.824,-10.309684
1427157987.84,-6.59593
1427157987.855,-2.569397
1427157987.871,2.2250996
1427157987.887,7.9078884
1427157987.902,14.2239895
1427157987.918,20.66612
1427157987.934,26.690481
1427157987.949,31.909626
1427157987.965,36.242023
1427157987.98,39.919155
1427157987.996,43.37755
1427157988.012,47.162453
1427157988.027,51.812523
1427157988.043,57.76245
1427157988.059,65.19494
1427157988.074,73.85029
1427157988.09,82.827576
1427157988.105,90.52163
1427157988.121,94.92138
1427157988.137,94.158554
1427157988.152,87.22779
1427157988.168,74.442535
1427157988.184,57.45366
1427157988.199,38.690895
1427157988.215,20.560661
1427157988.23,4.688505
1427157988.246,-8.339775
1427157988.262,-18.796862
1427157988.277,-27.275784
1427157988.293,-34.216423
1427157988.309,-39.663044
1427157988.324,-43.44773
1427157988.34,-45.476063
1427157988.355,-46.00132
1427157988.371,-45.634987
1427157988.387,-45.149418
1427157988.402,-45.159298
1427157988.418,-45.855427
1427157988.434,-46.992218
1427157988.449,-48.05949
1427157988.465,-48.574154
1427157988.48,-48.356876
1427157988.496,-47.588066
1427157988.512,-46.686565
1427157988.527,-46.003323
1427157988.543,-45.5953
1427157988.559,-45.095127
1427157988.574,-43.89827
1427157988.59,-41.426594
1427157988.606,-37.475624
1427157988.621,-32.310326
1427157988.637,-26.62482
1427157988.652,-21.216389
1427157988.668,-16.657845
1427157988.684,-13.062267
1427157988.699,-10.042629
1427157988.715,-6.8862686
1427157988.731,-2.8866997
1427157988.746,2.3419724
1427157988.762,8.682327
1427157988.777,15.582214
1427157988.793,22.254265
1427157988.809,28.02446
1427157988.824,32.556675
1427157988.84,35.988384
1427157988.856,38.816402
1427157988.871,41.75287
1427157988.887,45.535763
1427157988.902,50.77417
1427157988.918,57.808693
1427157988.934,66.470505
1427157988.949,75.88754
1427157988.965,84.45045
1427157988.981,90.06195
1427157988.996,90.69836
1427157989.012,85.14339
1427157989.027,73.52907
1427157989.043,57.37223
1427157989.059,39.121082
1427157989.074,21.302208
1427157989.09,5.834778
1427157989.106,-6.4607773
1427157989.121,-15.683418
1427157989.137,-22.49453
1427157989.152,-27.56633
1427157989.168,-31.319153
1427157989.184,-33.866005
1427157989.199,-35.232506
1427157989.215,-35.558395
1427157989.231,-35.188828
1427157989.246,-34.640556
1427157989.262,-34.39514
1427157989.277,-34.6959
1427157989.293,-35.485085
1427157989.309,-36.449577
1427157989.324,-37.232773
1427157989.34,-37.5447
1427157989.356,-37.320442
1427157989.371,-36.601196
1427157989.387,-35.477104
1427157989.402,-33.969627
1427157989.418,-32.03195
1427157989.434,-29.582115
1427157989.449,-26.56157
1427157989.465,-22.962936
1427157989.481,-18.794228
1427157989.496,-14.085968
1427157989.512,-8.927902
1427157989.527,-3.4388428
1427157989.543,2.1415482
1427157989.559,7.578903
1427157989.574,12.668716
1427157989.59,17.356575
1427157989.606,21.736061
1427157989.621,26.001747
1427157989.637,30.352737
1427157989.652,34.969627
1427157989.668,40.040695
1427157989.684,45.812485
1427157989.699,52.53909
1427157989.715,60.227985
1427157989.731,68.36426
1427157989.746,75.67508
1427157989.762,80.320496
1427157989.777,80.434235
1427157989.793,74.86295
1427157989.809,63.734264
1427157989.824,48.485096
1427157989.84,31.415794
1427157989.856,14.849987
1427157989.871,0.44247437
1427157989.887,-11.180344
1427157989.902,-20.19339
1427157989.918,-27.174381
1427157989.934,-32.623806
1427157989.949,-36.779453
1427157989.965,-39.705906
1427157989.981,-41.480797
1427157989.996,-42.31187
1427157990.012,-42.555965
1427157990.027,-42.582005
1427157990.043,-42.65495
1427157990.059,-42.83202
1427157990.074,-43.04951
1427157990.09,-43.186787
1427157990.106,-43.160995
1427157990.121,-42.967087
1427157990.137,-42.6502
1427157990.152,-42.202335
1427157990.168,-41.544445
1427157990.184,-40.46569
1427157990.199,-38.72577
1427157990.215,-36.123432
1427157990.231,-32.66061
1427157990.246,-28.508492
1427157990.262,-23.980843
1427157990.277,-19.34441
1427157990.293,-14.737019
1427157990.309,-10.06086
1427157990.324,-5.0867844
1427157990.34,0.39853287
1427157990.356,6.4438744
1427157990.371,12.874245
1427157990.387,19.311077
1427157990.402,25.336765
1427157990.418,30.66397
1427157990.434,35.271645
1427157990.449,39.405003
1427157990.465,43.587723
1427157990.481,48.45012
1427157990.496,54.59977
1427157990.512,62.28733
1427157990.527,71.11101
1427157990.543,79.80675
1427157990.559,86.41174
1427157990.574,88.80125
1427157990.59,85.45538
1427157990.606,76.127464
1427157990.621,61.98533
1427157990.637,45.169273
1427157990.652,28.072155
1427157990.668,12.4724045
1427157990.684,-0.7880516
1427157990.699,-11.71069
1427157990.715,-20.727547
1427157990.731,-28.222786
1427157990.746,-34.330708
1427157990.762,-38.987545
1427157990.777,-42.108177
1427157990.793,-43.80004
1427157990.809,-44.397907
1427157990.824,-44.37719
1427157990.84,-44.172127
1427157990.856,-44.114243
1427157990.871,-44.312897
1427157990.887,-44.711296
1427157990.902,-45.144978
1427157990.918,-45.471535
1427157990.934,-45.567905
1427157990.949,-45.387962
1427157990.965,-44.790005
1427157990.981,-43.558865
1427157990.996,-41.42215
1427157991.012,-38.211433
1427157991.027,-34.0083
1427157991.043,-29.188152
1427157991.059,-24.267876
1427157991.074,-19.686134
1427157991.09,-15.581478
1427157991.106,-11.763927
1427157991.121,-7.8096504
1427157991.137,-3.3163986
1427157991.152,1.9495773
1427157991.168,7.903965
1427157991.184,14.223564
1427157991.199,20.457607
1427157991.215,26.2151
1427157991.231,31.286835
1427157991.246,35.748405
1427157991.262,39.949734
1427157991.278,44.474922
1427157991.293,49.960068
1427157991.309,56.86459
1427157991.324,65.09664
1427157991.34,73.82705
1427157991.356,81.42561
1427157991.371,85.81807
1427157991.387,85.11255
1427157991.403,78.311615
1427157991.418,65.77095
1427157991.434,49.210903
1427157991.449,31.130901
1427157991.465,13.971302
1427157991.481,-0.5897293
1427157991.496,-12.00111
1427157991.512,-20.614002
1427157991.528,-27.106422
1427157991.543,-32.01892
1427157991.559,-35.513363
1427157991.574,-37.526974
1427157991.59,-38.069008
1427157991.606,-37.47012
1427157991.621,-36.350277
1427157991.637,-35.435673
1427157991.653,-35.230316
1427157991.668,-35.820103
1427157991.684,-36.90773
1427157991.699,-37.993763
1427157991.715,-38.610405
1427157991.731,-38.504917
1427157991.746,-37.68045
1427157991.762,-36.30123
1427157991.778,-34.550438
1427157991.793,-32.540016
1427157991.809,-30.222967
1427157991.824,-27.485394
1427157991.84,-24.132044
1427157991.856,-20.017294
1427157991.871,-15.087452
1427157991.887,-9.430914
1427157991.903,-3.2426205
1427157991.918,3.1425056
1427157991.934,9.397686
1427157991.949,15.20867
1427157991.965,20.409016
1427157991.981,24.995098
1427157991.996,29.161644
1427157992.012,33.25203
1427157992.028,37.705856
1427157992.043,42.983017
1427157992.059,49.42675
1427157992.074,57.066536
1427157992.09,65.38819
1427157992.106,73.190796
1427157992.121,78.71151
1427157992.137,80.06462
1427157992.153,75.87042
1427157992.168,65.84693
1427157992.184,51.055183
1427157992.199,33.604454
1427157992.215,15.95928
1427157992.231,0.173778
1427157992.246,-12.657877
1427157992.262,-22.440107
1427157992.278,-29.717552
1427157992.293,-35.219753
1427157992.309,-39.417686
1427157992.324,-42.45774
1427157992.34,-44.30558
1427157992.356,-44.97689
1427157992.371,-44.681854
1427157992.387,-43.864944
1427157992.403,-43.04379
1427157992.418,-42.614464
1427157992.434,-42.749092
1427157992.449,-43.33142
1427157992.465,-44.034492
1427157992.481,-44.499966
1427157992.496,-44.44815
1427157992.512,-43.763813
1427157992.528,-42.45887
1427157992.543,-40.5708
1427157992.559,-38.09445
1427157992.574,-34.993473
1427157992.59,-31.226448
1427157992.606,-26.827084
1427157992.621,-21.908745
1427157992.637,-16.593222
1427157992.653,-10.969948
1427157992.668,-5.0894613
1427157992.684,0.99819374
1427157992.699,7.176756
1427157992.715,13.235842
1427157992.731,18.962706
1427157992.746,24.262123
1427157992.762,29.22554
1427157992.778,34.152443
1427157992.793,39.433014
1427157992.809,45.48642
1427157992.824,52.628464
1427157992.84,60.932983
1427157992.856,69.98101
1427157992.871,78.724655
1427157992.887,85.462036
1427157992.903,88.22945
1427157992.918,85.41513
1427157992.934,76.45076
1427157992.949,62.146545
1427157992.965,44.490665
1427157992.981,25.972221
1427157992.996,8.715673
1427157993.012,-6.039505
1427157993.028,-18.046005
1427157993.043,-27.658731
1427157993.059,-35.33762
1427157993.074,-41.347916
1427157993.09,-45.721268
1427157993.106,-48.503822
1427157993.121,-49.92157
1427157993.137,-50.4451
1427157993.153,-50.643883
1427157993.168,-50.9685
1427157993.184,-51.576866
1427157993.199,-52.3282
1427157993.215,-52.85374
1427157993.231,-52.85019
1427157993.246,-52.203896
1427157993.262,-51.099087
1427157993.278,-49.89383
1427157993.293,-48.931026
1427157993.309,-48.27455
1427157993.324,-47.64397
1427157993.34,-46.46798
1427157993.356,-44.16501
1427157993.371,-40.43624
1427157993.387,-35.45605
1427157993.403,-29.74991
1427157993.418,-24.021692
1427157993.434,-18.802599
1427157993.449,-14.236101
1427157993.465,-10.024803
1427157993.481,-5.6569443
1427157993.496,-0.6279259
1427157993.512,5.2781124
1427157993.528,11.866652
1427157993.543,18.623865
1427157993.559,24.977352
1427157993.574,30.538448
1427157993.59,35.316204
1427157993.606,39.690514
1427157993.621,44.266373
1427157993.637,49.67875
1427157993.653,56.394764
1427157993.668,64.54708
1427157993.684,73.77968
1427157993.699,83.09444
1427157993.715,90.885635
1427157993.731,95.20781
1427157993.746,94.316055
1427157993.762,87.310844
1427157993.778,74.592476
1427157993.793,57.806156
1427157993.809,39.31064
1427157993.824,21.371471
1427157993.84,5.5287323
1427157993.856,-7.672333
1427157993.871,-18.405495
1427157993.887,-27.117416
1427157993.903,-34.09134
1427157993.918,-39.362614
1427157993.934,-42.855812
1427157993.95,-44.68774
1427157993.965,-45.24435
1427157993.981,-45.166634
1427157993.996,-45.096687
1427157994.012,-45.445347
1427157994.028,-46.257687
1427157994.043,-47.26402
1427157994.059,-48.05076
1427157994.075,-48.347153
1427157994.09,-48.11328
1427157994.106,-47.55748
1427157994.121,-46.941555
1427157994.137,-46.372227
1427157994.153,-45.625412
1427157994.168,-44.2405
1427157994.184,-41.721844
1427157994.2,-37.84724
1427157994.215,-32.80622
1427157994.231,-27.190357
1427157994.246,-21.69304
1427157994.262,-16.860443
1427157994.278,-12.817798
1427157994.293,-9.267632
1427157994.309,-5.6092043
1427157994.325,-1.2724996
1427157994.34,4.0400667
1427157994.356,10.173089
1427157994.371,16.619118
1427157994.387,22.736433
1427157994.403,28.02703
1427157994.418,32.36019
1427157994.434,36.0259
1427157994.45,39.582928
1427157994.465,43.70131
1427157994.481,48.952892
1427157994.496,55.63263
1427157994.512,63.569393
1427157994.528,71.99867
1427157994.543,79.5043
1427157994.559,84.24963
1427157994.575,84.450264
1427157994.59,79.00334
1427157994.606,67.96868
1427157994.621,52.658245
1427157994.637,35.22254
1427157994.653,17.934616
1427157994.668,2.469369
1427157994.684,-10.399455
1427157994.7,-20.719711
1427157994.715,-28.88469
1427157994.731,-35.238987
1427157994.746,-39.87282
1427157994.762,-42.755733
1427157994.778,-43.958733
1427157994.793,-43.85038
1427157994.809,-43.02793
1427157994.825,-42.120213
1427157994.84,-41.557632
1427157994.856,-41.437626
1427157994.871,-41.58501
1427157994.887,-41.733795
1427157994.903,-41.703476
1427157994.918,-41.514645
1427157994.934,-41.299217
1427157994.95,-41.21092
1427157994.965,-41.226555
1427157994.981,-41.1146
1427157994.996,-40.447475
1427157995.012,-38.814407
1427157995.028,-35.98684
1427157995.043,-32.06487
1427157995.059,-27.448093
1427157995.075,-22.701588
1427157995.09,-18.293018
1427157995.106,-14.376118
1427157995.121,-10.689089
1427157995.137,-6.706501
1427157995.153,-1.8857174
1427157995.168,4.029051
1427157995.184,10.810375
1427157995.2,17.854374
1427157995.215,24.408508
1427157995.231,29.95202
1427157995.246,34.388092
1427157995.262,38.100174
1427157995.278,41.805237
1427157995.293,46.271618
1427157995.309,52.10649
1427157995.325,59.49045
1427157995.34,68.047714
1427157995.356,76.7169
1427157995.371,83.86159
1427157995.387,87.55785
1427157995.403,86.17001
1427157995.418,78.92953
1427157995.434,66.33376
1427157995.45,50.060627
1427157995.465,32.437595
1427157995.481,15.648064
1427157995.496,1.126091
1427157995.512,-10.7140045
1427157995.528,-20.181683
1427157995.543,-27.847702
1427157995.559,-34.11163
1427157995.575,-39.023052
1427157995.59,-42.434277
1427157995.606,-44.292942
1427157995.621,-44.83667
1427157995.637,-44.590446
1427157995.653,-44.153053
1427157995.668,-43.979565
1427157995.684,-44.164272
1427157995.7,-44.53194
1427157995.715,-44.728775
1427157995.731,-44.513233
1427157995.746,-43.838726
1427157995.762,-42.947598
1427157995.778,-42.142426
1427157995.793,-41.646618
1427157995.809,-41.3767
1427157995.825,-40.921516
1427157995.84,-39.687298
1427157995.856,-37.15886
1427157995.871,-33.193348
1427157995.887,-28.11462
1427157995.903,-22.613598
1427157995.918,-17.416656
1427157995.934,-12.982388
1427157995.95,-9.3046875
1427157995.965,-5.9214783
1427157995.981,-2.2162628
1427157995.996,2.3131561
1427157996.012,7.761551
1427157996.028,13.856049
1427157996.043,20.020096
1427157996.059,25.683548
1427157996.075,30.439041
1427157996.09,34.26419
1427157996.106,37.466103
1427157996.121,40.642754
1427157996.137,44.49523
1427157996.153,49.630592
1427157996.168,56.32067
1427157996.184,64.2894
1427157996.2,72.567245
1427157996.215,79.6055
1427157996.231,83.58142
1427157996.246,82.959274
1427157996.262,76.9542
1427157996.278,65.907455
1427157996.293,51.183403
1427157996.309,34.75054
1427157996.325,18.556458
1427157996.34,4.010544
1427157996.356,-8.245285
1427157996.371,-18.164978
1427157996.387,-26.006828
1427157996.403,-31.964668
1427157996.418,-36.14496
1427157996.434,-38.591682
1427157996.45,-39.510155
1427157996.465,-39.347412
1427157996.481,-38.724205
1427157996.496,-38.227394
1427157996.512,-38.228172
1427157996.528,-38.71115
1427157996.543,-39.35916
1427157996.559,-39.70922
1427157996.575,-39.472496
1427157996.59,-38.651405
1427157996.606,-37.56015
1427157996.622,-36.65332
1427157996.637,-36.24398
1427157996.653,-36.29184
1427157996.668,-36.374084
1427157996.684,-35.81806
1427157996.7,-34.06685
1427157996.715,-30.905785
1427157996.731,-26.609695
1427157996.746,-21.757622
1427157996.762,-17.01207
1427157996.778,-12.752228
1427157996.793,-8.994194
1427157996.809,-5.4013443
1427157996.825,-1.5026016
1427157996.84,3.0692825
1427157996.856,8.397003
1427157996.872,14.255531
1427157996.887,20.195007
1427157996.903,25.737213
1427157996.918,30.530472
1427157996.934,34.50807
1427157996.95,37.869034
1427157996.965,41.031693
1427157996.981,44.55699
1427157996.997,48.999725
1427157997.012,54.71015
1427157997.028,61.623795
1427157997.043,69.028915
1427157997.059,75.58376
1427157997.075,79.53839
1427157997.09,79.27394
1427157997.106,73.856735
1427157997.122,63.49695
1427157997.137,49.472153
1427157997.153,33.785492
1427157997.168,18.458939
1427157997.184,4.985855
1427157997.2,-5.963608
1427157997.215,-14.39296
1427157997.231,-20.67662
1427157997.247,-25.1987
1427157997.262,-28.207504
1427157997.278,-29.845978
1427157997.293,-30.295319
1427157997.309,-29.846237
1427157997.325,-28.91603
1427157997.34,-27.915771
1427157997.356,-27.179932
1427157997.372,-26.880386
1427157997.387,-27.039871
1427157997.403,-27.548874
1427157997.418,-28.278381
1427157997.434,-29.0522
1427157997.45,-29.717087
1427157997.465,-30.131638
1427157997.481,-30.156586
1427157997.497,-29.664337
1427157997.512,-28.554916
1427157997.528,-26.75885
1427157997.543,-24.27304
1427157997.559,-21.198135
1427157997.575,-17.703522
1427157997.59,-13.955841
1427157997.606,-10.078262
1427157997.622,-6.062088
1427157997.637,-1.850235
1427157997.653,2.608368
1427157997.668,7.270218
1427157997.684,11.977539
1427157997.7,16.518784
1427157997.715,20.79895
1427157997.731,24.850616
1427157997.747,28.88446
1427157997.762,33.201614
1427157997.778,38.1575
1427157997.793,44.017883
1427157997.809,50.868393
1427157997.825,58.420242
1427157997.84,65.84704
1427157997.856,71.781204
1427157997.872,74.575836
1427157997.887,72.80151
1427157997.903,65.84012
1427157997.918,54.2269
1427157997.934,39.548653
1427157997.95,23.899658
1427157997.965,9.204361
1427157997.981,-3.364296
1427157997.997,-13.479324
1427157998.012,-21.447067
1427157998.028,-27.718933
1427157998.043,-32.58085
1427157998.059,-36.016144
1427157998.075,-37.913857
1427157998.09,-38.247643
1427157998.106,-37.310944
1427157998.122,-35.67607
1427157998.137,-34.033737
1427157998.153,-32.964645
1427157998.168,-32.742104
1427157998.184,-33.26483
1427157998.2,-34.166206
1427157998.215,-35.02881
1427157998.231,-35.57177
1427157998.247,-35.7341
1427157998.262,-35.581604
1427157998.278,-35.13759
1427157998.293,-34.281235
1427157998.309,-32.752907
1427157998.325,-30.31498
1427157998.34,-26.917236
1427157998.356,-22.795021
1427157998.372,-18.315369
1427157998.387,-13.804352
1427157998.403,-9.368507
1427157998.418,-4.867401
1427157998.434,-0.031173706
1427157998.45,5.290169
1427157998.465,11.008682
1427157998.481,16.769653
1427157998.497,22.140175
1427157998.512,26.759117
1427157998.528,30.566475
1427157998.543,33.80133
1427157998.559,36.973587
1427157998.575,40.72345
1427157998.59,45.70069
1427157998.606,52.275154
1427157998.622,60.308723
1427157998.637,68.938644
1427157998.653,76.59447
1427157998.668,81.30068
1427157998.684,81.28218
1427157998.7,75.58745
1427157998.715,64.50844
1427157998.731,49.521797
1427157998.747,32.754807
1427157998.762,16.303223
1427157998.778,1.6435242
1427157998.793,-10.573074
1427157998.809,-20.329552
1427157998.825,-27.870789
1427157998.84,-33.3888
1427157998.856,-36.994324
1427157998.872,-38.83751
1427157998.887,-39.28244
1427157998.903,-38.895943
1427157998.918,-38.336617
1427157998.934,-38.0877
1427157998.95,-38.33522
1427157998.965,-38.939194
1427157998.981,-39.631363
1427157998.997,-40.13156
1427157999.012,-40.374695
1427157999.028,-40.447655
1427157999.043,-40.51982
1427157999.059,-40.701714
1427157999.075,-40.924744
1427157999.09,-40.925056
1427157999.106,-40.304237
1427157999.122,-38.69626
1427157999.137,-35.89779
1427157999.153,-31.984024
1427157999.168,-27.31939
1427157999.184,-22.425766
1427157999.2,-17.804039
1427157999.215,-13.65889
1427157999.231,-9.850334
1427157999.247,-5.903244
1427157999.262,-1.3018723
1427157999.278,4.2751846
1427157999.293,10.71936
1427157999.309,17.530518
1427157999.325,24.017822
1427157999.34,29.619453
1427157999.356,34.139053
1427157999.372,37.80774
1427157999.387,41.22985
1427157999.403,45.162422
1427157999.418,50.30989
1427157999.434,57.030212
1427157999.45,65.0907
1427157999.465,73.57401
1427157999.481,80.83119
1427157999.497,84.92499
1427157999.512,84.12994
1427157999.528,77.60735
1427157999.544,65.75222
1427157999.559,50.141426
1427157999.575,33.014442
1427157999.59,16.57483
1427157999.606,2.3554077
1427157999.622,-9.027061
1427157999.637,-17.724167
1427157999.653,-24.247871
1427157999.669,-29.09925
1427157999.684,-32.53048
1427157999.7,-34.635483
1427157999.715,-35.497936
1427157999.731,-35.36113
1427157999.747,-34.661148
1427157999.762,-33.92235
1427157999.778,-33.53824
1427157999.794,-33.670715
1427157999.809,-34.19189
1427157999.825,-34.82055
1427157999.84,-35.270546
1427157999.856,-35.37245
1427157999.872,-35.105408
1427157999.887,-34.53961
1427157999.903,-33.713314
1427157999.919,-32.609825
1427157999.934,-31.119324
1427157999.95,-29.151447
1427157999.965,-26.614174
1427157999.981,-23.468708
1427157999.997,-19.68715
1427158000.012,-15.266083
1427158000.028,-10.254398
1427158000.044,-4.7707825
1427158000.059,0.9784355
1427158000.075,6.7341385
1427158000.09,12.277367
1427158000.106,17.469166
1427158000.122,22.289087
1427158000.137,26.848965
1427158000.153,31.357597
1427158000.169,36.108505
1427158000.184,41.486137
1427158000.2,47.817986
1427158000.215,55.201313
1427158000.231,63.213234
1427158000.247,70.77116
1427158000.262,76.1702
1427158000.278,77.589096
1427158000.294,73.694626
1427158000.309,64.24715
1427158000.325,50.28959
1427158000.34,33.82729
1427158000.356,17.122498
1427158000.372,1.977109
1427158000.387,-10.701893
1427158000.403,-20.872417
1427158000.419,-28.949942
1427158000.434,-35.335102
1427158000.45,-40.18786
1427158000.465,-43.41315
1427158000.481,-44.950645
1427158000.497,-44.964157
1427158000.512,-43.95266
1427158000.528,-42.59334
1427158000.544,-41.494263
1427158000.559,-40.971737
1427158000.575,-41.025677
1427158000.59,-41.427284
1427158000.606,-41.872746
1427158000.622,-42.11659
1427158000.637,-42.001213
1427158000.653,-41.427708
1427158000.669,-40.316963
1427158000.684,-38.608574
1427158000.7,-36.27623
1427158000.715,-33.348267
1427158000.731,-29.915363
1427158000.747,-26.077436
1427158000.762,-21.884106
1427158000.778,-17.296232
1427158000.794,-12.243341
1427158000.809,-6.6529675
1427158000.825,-0.58849144
1427158000.84,5.7810326
1427158000.856,12.155472
1427158000.872,18.245378
1427158000.887,23.842192
1427158000.903,28.924107
1427158000.919,33.64467
1427158000.934,38.333126
1427158000.95,43.432167
1427158000.965,49.430603
1427158000.981,56.64894
1427158000.997,65.04891
1427158001.012,73.9615
1427158001.028,82.00877
1427158001.044,87.328735
1427158001.059,88.07127
1427158001.075,83.07123
1427158001.09,72.33696
1427158001.106,57.124405
1427158001.122,39.544277
1427158001.137,21.82294
1427158001.153,5.661186
1427158001.169,-8.139137
1427158001.184,-19.53426
1427158001.2,-28.872627
1427158001.215,-36.462708
1427158001.231,-42.389133
1427158001.247,-46.55835
1427158001.262,-48.966267
1427158001.278,-49.83583
1427158001.294,-49.691986
1427158001.309,-49.193928
1427158001.325,-48.90444
1427158001.34,-49.081768
1427158001.356,-49.646885
1427158001.372,-50.26163
1427158001.387,-50.603336
1427158001.403,-50.543514
1427158001.419,-50.236538
1427158001.434,-49.97905
1427158001.45,-49.981552
1427158001.465,-50.09771
1427158001.481,-49.853813
1427158001.497,-48.576057
1427158001.512,-45.772804
1427158001.528,-41.339874
1427158001.544,-35.675507
1427158001.559,-29.502014
1427158001.575,-23.561333
1427158001.59,-18.310524
1427158001.606,-13.762505
1427158001.622,-9.513794
1427158001.637,-4.9695206
1427158001.653,0.40419006
1427158001.669,6.786949
1427158001.684,13.902458
1427158001.7,21.110977
1427158001.715,27.69574
1427158001.731,33.1251
1427158001.747,37.353096
1427158001.762,40.807243
1427158001.778,44.28592
1427158001.794,48.652397
1427158001.809,54.617157
1427158001.825,62.46456
1427158001.84,71.90549
1427158001.856,81.915215
1427158001.872,90.7654
1427158001.887,96.3296
1427158001.903,96.623085
1427158001.919,90.52364
1427158001.934,78.22748
1427158001.95,61.28872
1427158001.965,42.10865
1427158001.981,23.092056
1427158001.997,5.9878387
1427158002.012,-8.457901
1427158002.028,-20.254807
1427158002.044,-29.75119
1427158002.059,-37.18181
1427158002.075,-42.639526
1427158002.09,-46.146828
1427158002.106,-47.91723
1427158002.122,-48.426277
1427158002.137,-48.33175
1427158002.153,-48.24362
1427158002.169,-48.540993
1427158002.184,-49.25762
1427158002.2,-50.1418
1427158002.216,-50.806664
1427158002.231,-50.940422
1427158002.247,-50.46277
1427158002.262,-49.55052
1427158002.278,-48.54554
1427158002.294,-47.733055
1427158002.309,-47.1121
1427158002.325,-46.356834
1427158002.341,-44.89141
1427158002.356,-42.190765
1427158002.372,-38.099083
1427158002.387,-32.926727
1427158002.403,-27.363098
1427158002.419,-22.145607
1427158002.434,-17.69918
1427158002.45,-13.946182
1427158002.466,-10.329193
1427158002.481,-6.1522903
1427158002.497,-0.89097595
1427158002.512,5.4910583
1427158002.528,12.547356
1427158002.544,19.508713
1427158002.559,25.673378
1427158002.575,30.664116
1427158002.591,34.634445
1427158002.606,38.145584
1427158002.622,41.98249
1427158002.637,46.89804
1427158002.653,53.412712
1427158002.669,61.60768
1427158002.684,70.96396
1427158002.7,80.268005
1427158002.716,87.70845
1427158002.731,91.27136
1427158002.747,89.3343
1427158002.762,81.30858
1427158002.778,67.9399
1427158002.794,51.09214
1427158002.809,33.1595
1427158002.825,16.211014
1427158002.841,1.5150146
1427158002.856,-10.6157
1427158002.872,-20.483078
1427158002.887,-28.533325
1427158002.903,-34.97666
1427158002.919,-39.78759
1427158002.934,-42.859436
1427158002.95,-44.243187
1427158002.966,-44.27034
1427158002.981,-43.50567
1427158002.997,-42.570084
1427158003.012,-41.96209
1427158003.028,-41.92486
1427158003.044,-42.42807
1427158003.059,-43.249283
1427158003.075,-44.098724
1427158003.091,-44.691017
1427158003.106,-44.841385
1427158003.122,-44.4131
1427158003.137,-43.294243
1427158003.153,-41.38201
1427158003.169,-38.625412
1427158003.184,-35.067627
1427158003.2,-30.87796
1427158003.216,-26.31279
1427158003.231,-21.579132
1427158003.247,-16.753044
1427158003.262,-11.743423
1427158003.278,-6.386215
1427158003.294,-0.5868149
1427158003.309,5.588043
1427158003.325,11.888504
1427158003.341,18.0197
1427158003.356,23.745857
1427158003.372,29.020042
1427158003.387,33.96038
1427158003.403,38.897614
1427158003.419,44.26367
1427158003.434,50.523277
1427158003.45,57.92299
1427158003.466,66.23037
1427158003.481,74.49666
1427158003.497,81.08439
1427158003.512,84.070404
1427158003.528,81.93357
1427158003.544,74.1493
1427158003.559,61.475304
1427158003.575,45.649208
1427158003.591,28.791023
1427158003.606,12.648613
1427158003.622,-1.7600555
1427158003.637,-14.148224
1427158003.653,-24.606033
1427158003.669,-33.246834
1427158003.684,-40.029106
1427158003.7,-44.843307
1427158003.716,-47.681732
1427158003.731,-48.840714
1427158003.747,-48.88481
1427158003.762,-48.503883
1427158003.778,-48.2847
1427158003.794,-48.54989
1427158003.809,-49.263367
1427158003.825,-50.134537
1427158003.841,-50.76906
1427158003.856,-50.90789
1427158003.872,-50.525124
1427158003.887,-49.81086
1427158003.903,-48.94245
1427158003.919,-47.921036
1427158003.934,-46.46414
1427158003.95,-44.153526
1427158003.966,-40.62551
1427158003.981,-35.86074
1427158003.997,-30.225967
1427158004.012,-24.359253
1427158004.028,-18.898323
1427158004.044,-14.174301
1427158004.059,-10.062027
1427158004.075,-6.078537
1427158004.091,-1.5661926
1427158004.106,3.911148
1427158004.122,10.378731
1427158004.137,17.382278
1427158004.153,24.214096
1427158004.169,30.186981
1427158004.184,34.991203
1427158004.2,38.797028
1427158004.216,42.216362
1427158004.231,46.06875
1427158004.247,51.140327
1427158004.262,57.892426
1427158004.278,66.32855
1427158004.294,75.74922
1427158004.309,84.743355
1427158004.325,91.34536
1427158004.341,93.55233
1427158004.356,89.95664
1427158004.372,80.3507
1427158004.387,65.84367
1427158004.403,48.532516
1427158004.419,30.724106
1427158004.434,14.221809
1427158004.45,-0.13746643
1427158004.466,-12.304199
1427158004.481,-22.628525
1427158004.497,-31.352318
1427158004.512,-38.391914
1427158004.528,-43.490097
1427158004.544,-46.502
1427158004.559,-47.655617
1427158004.575,-47.60032
1427158004.591,-47.17005
1427158004.606,-47.087624
1427158004.622,-47.703148
1427158004.637,-48.943817
1427158004.653,-50.37635
1427158004.669,-51.520203
1427158004.684,-52.022644
1427158004.7,-51.8444
1427158004.716,-51.181572
1427158004.731,-50.3432
1427158004.747,-49.48416
1427158004.762,-48.51474
1427158004.778,-47.06038
1427158004.794,-44.648506
1427158004.809,-40.958504
1427158004.825,-36.024452
1427158004.841,-30.29129
1427158004.856,-24.473778
1427158004.872,-19.231575
1427158004.888,-14.884399
1427158004.903,-11.227913
1427158004.919,-7.674225
1427158004.934,-3.5133667
1427158004.95,1.6763687
1427158004.966,7.846344
1427158004.981,14.476425
1427158004.997,20.838402
1427158005.013,26.331543
1427158005.028,30.752083
1427158005.044,34.354485
1427158005.059,37.683113
1427158005.075,41.411537
1427158005.091,46.114464
1427158005.106,52.193302
1427158005.122,59.791206
1427158005.138,68.641556
1427158005.153,77.89733
1427158005.169,86.055756
1427158005.184,91.18451
1427158005.2,91.40259
1427158005.216,85.61576
1427158005.231,73.99516
1427158005.247,58.08045
1427158005.263,40.22777
1427158005.278,22.89215
1427158005.294,7.8216095
1427158005.309,-4.2783012
1427158005.325,-13.611073
1427158005.341,-20.83955
1427158005.356,-26.565582
1427158005.372,-31.072163
1427158005.388,-34.350967
1427158005.403,-36.29073
1427158005.419,-36.947334
1427158005.434,-36.648422
1427158005.45,-35.98112
1427158005.466,-35.547512
1427158005.481,-35.785614
1427158005.497,-36.786007
1427158005.513,-38.31627
1427158005.528,-39.914387
1427158005.544,-41.176426
1427158005.559,-41.831367
1427158005.575,-41.827408
1427158005.591,-41.17749
1427158005.606,-39.855755
1427158005.622,-37.790688
1427158005.638,-34.924484
1427158005.653,-31.297585
1427158005.669,-27.146423
1427158005.684,-22.755432
1427158005.7,-18.331974
1427158005.716,-13.882759
1427158005.731,-9.25676
1427158005.747,-4.237526
1427158005.763,1.228138
1427158005.778,7.053299
1427158005.794,12.9741745
1427158005.809,18.70343
1427158005.825,24.030334
1427158005.841,28.948612
1427158005.856,33.623013
1427158005.872,38.396927
1427158005.888,43.72451
1427158005.903,50.004757
1427158005.919,57.33323
1427158005.934,65.26224
1427158005.95,72.66209
1427158005.966,77.890884
1427158005.981,79.225235
1427158005.997,75.49558
1427158006.013,66.515076
1427158006.028,53.302185
1427158006.044,37.67003
1427158006.059,21.679127
1427158006.075,6.971863
1427158006.091,-5.5550194
1427158006.106,-15.753574
1427158006.122,-23.855648
1427158006.138,-30.16555
1427158006.153,-34.79823
1427158006.169,-37.783806
1427158006.184,-39.22321
1427158006.2,-39.465057
1427158006.216,-39.07291
1427158006.231,-38.67119
1427158006.247,-38.677235
1427158006.263,-39.191734
1427158006.278,-40.019794
1427158006.294,-40.856388
1427158006.309,-41.437134
1427158006.325,-41.702023
1427158006.341,-41.728848
1427158006.356,-41.60458
1427158006.372,-41.31292
1427158006.388,-40.678787
1427158006.403,-39.368164
1427158006.419,-37.114655
1427158006.434,-33.801174
1427158006.45,-29.59444
1427158006.466,-24.881203
1427158006.481,-20.151932
1427158006.497,-15.734016
1427158006.513,-11.708696
1427158006.528,-7.8204174
1427158006.544,-3.6331444
1427158006.559,1.2543335
1427158006.575,6.97274
1427158006.591,13.311201
1427158006.606,19.78886
1427158006.622,25.868114
1427158006.638,31.207674
1427158006.653,35.818413
1427158006.669,40.08402
1427158006.684,44.62277
1427158006.7,50.099285
1427158006.716,57.00225
1427158006.731,65.35389
1427158006.747,74.56064
1427158006.763,83.293236
1427158006.778,89.73515
1427158006.794,92.0202
1427158006.809,88.83866
1427158006.825,79.97443
1427158006.841,66.413506
1427158006.856,50.06209
1427158006.872,33.086662
1427158006.888,17.24974
1427158006.903,3.5437832
1427158006.919,-7.85808
1427158006.934,-17.251516
1427158006.95,-25.039534
1427158006.966,-31.420855
1427158006.981,-36.430496
1427158006.997,-40.009888
1427158007.013,-42.259422
1427158007.028,-43.468956
1427158007.044,-44.124424
1427158007.059,-44.69654
1427158007.075,-45.47715
1427158007.091,-46.436363
1427158007.106,-47.28469
1427158007.122,-47.656433
1427158007.138,-47.36049
1427158007.153,-46.51635
1427158007.169,-45.469467
1427158007.184,-44.568855
1427158007.2,-43.9282
1427158007.216,-43.24518
1427158007.231,-41.97119
1427158007.247,-39.56939
1427158007.263,-35.887665
1427158007.278,-31.229671
1427158007.294,-26.239693
1427158007.309,-21.55266
1427158007.325,-17.470737
1427158007.341,-13.788052
1427158007.356,-9.936245
1427158007.372,-5.2980385
1427158007.388,0.42598915
1427158007.403,7.067745
1427158007.419,14.031158
1427158007.434,20.619667
1427158007.45,26.33144
1427158007.466,31.126604
1427158007.481,35.34838
1427158007.497,39.590584
1427158007.513,44.413548
1427158007.528,50.24501
1427158007.544,57.26494
1427158007.56,65.361916
1427158007.575,73.99223
1427158007.591,82.094284
1427158007.606,88.0992
1427158007.622,90.29378
1427158007.638,87.36272
1427158007.653,78.98074
1427158007.669,66.0113
1427158007.684,50.318726
1427158007.7,34.05021
1427158007.716,18.993814
1427158007.731,6.0469685
1427158007.747,-4.7070084
1427158007.763,-13.687975
1427158007.778,-21.31457
1427158007.794,-27.752514
1427158007.81,-32.919647
1427158007.825,-36.66724
1427158007.841,-38.987072
1427158007.856,-40.110344
1427158007.872,-40.500427
1427158007.888,-40.689476
1427158007.903,-41.104843
1427158007.919,-41.966965
1427158007.935,-43.217827
1427158007.95,-44.558018
1427158007.966,-45.59796
1427158007.981,-46.02878
1427158007.997,-45.663353
1427158008.013,-44.526222
1427158008.028,-42.67294
1427158008.044,-40.182796
1427158008.06,-37.066612
1427158008.075,-33.35456
1427158008.091,-29.082962
1427158008.106,-24.362152
1427158008.122,-19.31065
1427158008.138,-14.02972
1427158008.153,-8.547508
1427158008.169,-2.9011917
1427158008.185,2.8319855
1427158008.2,8.488331
1427158008.216,13.912178
1427158008.231,18.996113
1427158008.247,23.787338
1427158008.263,28.417137
1427158008.278,33.100147
1427158008.294,38.075092
1427158008.31,43.62968
1427158008.325,50.026203
1427158008.341,57.331142
1427158008.356,65.181046
1427158008.372,72.5677
1427158008.388,77.9075
1427158008.403,79.49638
1427158008.419,76.089386
1427158008.435,67.46031
1427158008.45,54.550976
1427158008.466,39.15265
1427158008.481,23.259342
1427158008.497,8.415707
1427158008.513,-4.607464
1427158008.528,-15.700863
1427158008.544,-25.08707
1427158008.56,-32.901356
1427158008.575,-39.080303
1427158008.591,-43.41563
1427158008.606,-45.85741
1427158008.622,-46.655796
1427158008.638,-46.415638
1427158008.653,-45.88457
1427158008.669,-45.65872
1427158008.685,-45.9966
1427158008.7,-46.76066
1427158008.716,-47.56654
1427158008.731,-48.073338
1427158008.747,-48.158253
1427158008.763,-47.936707
1427158008.778,-47.575455
1427158008.794,-47.10874
1427158008.81,-46.297455
1427158008.825,-44.735126
1427158008.841,-42.017006
1427158008.856,-38.015553
1427158008.872,-32.953865
1427158008.888,-27.363945
1427158008.903,-21.828964
1427158008.919,-16.73014
1427158008.935,-12.115707
1427158008.95,-7.695591
1427158008.966,-3.0270653
1427158008.981,2.2522926
1427158008.997,8.2647705
1427158009.013,14.783958
1427158009.028,21.3517
1427158009.044,27.436008
1427158009.06,32.694195
1427158009.075,37.10146
1427158009.091,40.985905
1427158009.106,44.931168
1427158009.122,49.6532
1427158009.138,55.753544
1427158009.153,63.514423
1427158009.169,72.62083
1427158009.185,81.98399
1427158009.2,89.79346
1427158009.216,93.943954
1427158009.231,92.68677
1427158009.247,85.301926
1427158009.263,72.44577
1427158009.278,55.97763
1427158009.294,38.274033
1427158009.31,21.397339
1427158009.325,6.5384293
1427158009.341,-6.094906
1427158009.356,-16.883991
1427158009.372,-26.26329
1427158009.388,-34.347958
1427158009.403,-40.911816
1427158009.419,-45.64075
1427158009.435,-48.49807
1427158009.45,-49.856815
1427158009.466,-50.42279
1427158009.481,-50.922874
1427158009.497,-51.81277
1427158009.513,-53.12927
1427158009.528,-54.51107
1427158009.544,-55.497562
1427158009.56,-55.75559
1427158009.575,-55.30173
1427158009.591,-54.414013
1427158009.606,-53.4888
1427158009.622,-52.73111
1427158009.638,-52.016296
1427158009.653,-50.905045
1427158009.669,-48.851917
1427158009.685,-45.51427
1427158009.7,-40.87918
1427158009.716,-35.310562
1427158009.731,-29.386925
1427158009.747,-23.646172
1427158009.763,-18.397655
1427158009.778,-13.558502
1427158009.794,-8.771706
1427158009.81,-3.5700302
1427158009.825,2.3844566
1427158009.841,9.119026
1427158009.856,16.278488
1427158009.872,23.29964
1427158009.888,29.603958
1427158009.903,34.87868
1427158009.919,39.191284
1427158009.935,42.996365
1427158009.95,46.963882
1427158009.966,51.812534
1427158009.981,58.09402
1427158009.997,66.0014
1427158010.013,75.14646
1427158010.028,84.45231
1427158010.044,92.184204
1427158010.06,96.3496
1427158010.075,95.274216
1427158010.091,88.28293
1427158010.106,75.9888
1427158010.122,60.12105
1427158010.138,42.851704
1427158010.153,26.092594
1427158010.169,10.9313545
1427158010.185,-2.3701935
1427158010.2,-14.04398
1427158010.216,-24.31643
1427158010.232,-33.139385
1427158010.247,-40.186646
1427158010.263,-45.18967
1427158010.278,-48.141453
1427158010.294,-49.479614
1427158010.31,-49.896946
1427158010.325,-50.10262
1427158010.341,-50.513466
1427158010.356,-51.18729
1427158010.372,-51.864746
1427158010.388,-52.23882
1427158010.403,-52.12458
1427158010.419,-51.601486
1427158010.435,-50.88142
1427158010.45,-50.166893
1427158010.466,-49.41745
1427158010.482,-48.340595
1427158010.497,-46.482254
1427158010.513,-43.498947
1427158010.528,-39.313076
1427158010.544,-34.207207
1427158010.56,-28.668932
1427158010.575,-23.204748
1427158010.591,-18.110922
1427158010.607,-13.361021
1427158010.622,-8.638788
1427158010.638,-3.5425625
1427158010.653,2.2167664
1427158010.669,8.617775
1427158010.685,15.294935
1427158010.7,21.675024
1427158010.716,27.236252
1427158010.732,31.736465
1427158010.747,35.384872
1427158010.763,38.76905
1427158010.778,42.707115
1427158010.794,47.96176
1427158010.81,54.985107
1427158010.825,63.611626
1427158010.841,72.95326
1427158010.857,81.36145
1427158010.872,86.827095
1427158010.888,87.50238
1427158010.903,82.39373
1427158010.919,71.74842
1427158010.935,57.064705
1427158010.95,40.53129
1427158010.966,24.294453
1427158010.982,9.800678
1427158010.997,-2.4290981
1427158011.013,-12.570175
1427158011.028,-21.012041
1427158011.044,-27.9598
1427158011.06,-33.309303
1427158011.075,-36.8475
1427158011.091,-38.560093
1427158011.107,-38.81144
1427158011.122,-38.263985
1427158011.138,-37.67756
1427158011.153,-37.594833
1427158011.169,-38.207367
1427158011.185,-39.338623
1427158011.2,-40.574226
1427158011.216,-41.46724
1427158011.232,-41.709152
1427158011.247,-41.18244
1427158011.263,-39.97663
1427158011.278,-38.241714
1427158011.294,-36.11109
1427158011.31,-33.586105
1427158011.325,-30.555107
1427158011.341,-26.85374
1427158011.357,-22.366526
1427158011.372,-17.088398
1427158011.388,-11.163749
1427158011.403,-4.814748
1427158011.419,1.6643515
1427158011.435,7.995446
1427158011.45,13.942955
1427158011.466,19.39374
1427158011.482,24.388937
1427158011.497,29.165241
1427158011.513,34.079647
1427158011.528,39.569855
1427158011.544,46.007202
1427158011.56,53.539406
1427158011.575,61.92445
1427158011.591,70.37862
1427158011.607,77.55852
1427158011.622,81.809586
1427158011.638,81.58535
1427158011.653,76.002174
1427158011.669,65.230774
1427158011.685,50.538803
1427158011.7,33.90811
1427158011.716,17.380882
1427158011.732,2.4624252
1427158011.747,-10.176384
1427158011.763,-20.557396
1427158011.778,-28.99361
1427158011.794,-35.713196
1427158011.81,-40.711422
1427158011.825,-43.901917
1427158011.841,-45.32991
1427158011.857,-45.383095
1427158011.872,-44.71746
1427158011.888,-44.075607
1427158011.903,-43.99037
1427158011.919,-44.648544
1427158011.935,-45.845055
1427158011.95,-47.164375
1427158011.966,-48.146782
1427158011.982,-48.467766
1427158011.997,-48.001804
1427158012.013,-46.787655
1427158012.028,-44.88695
1427158012.044,-42.34441
1427158012.06,-39.165092
1427158012.075,-35.37874
1427158012.091,-31.102818
1427158012.107,-26.547915
1427158012.122,-21.942596
1427158012.138,-17.400879
1427158012.153,-12.80702
1427158012.169,-7.8954916
1427158012.185,-2.3824997
1427158012.2,3.8088412
1427158012.216,10.478576
1427158012.232,17.17332
1427158012.247,23.406317
1427158012.263,28.88691
1427158012.278,33.651814
1427158012.294,38.071938
1427158012.31,42.73058
1427158012.325,48.27548
1427158012.341,55.22233
1427158012.357,63.68065
1427158012.372,73.11698
1427158012.388,82.20361
1427158012.403,88.99548
1427158012.419,91.40232
1427158012.435,87.959
1427158012.45,78.42197
1427158012.466,63.94705
1427158012.482,46.702946
1427158012.497,29.092218
1427158012.513,12.938148
1427158012.528,-0.86961794
1427158012.544,-12.305286
1427158012.56,-21.76003
1427158012.575,-29.569466
1427158012.591,-35.81462
1427158012.607,-40.399258
1427158012.622,-43.31796
1427158012.638,-44.84794
1427158012.653,-45.5315
1427158012.669,-46.013756
1427158012.685,-46.739674
1427158012.7,-47.846375
1427158012.716,-49.09776
1427158012.732,-50.09046
1427158012.747,-50.490482
1427158012.763,-50.237778
1427158012.778,-49.575798
1427158012.794,-48.921696
1427158012.81,-48.53918
1427158012.825,-48.36205
1427158012.841,-47.941
1427158012.857,-46.622387
1427158012.872,-43.877625
1427158012.888,-39.5949
1427158012.903,-34.105118
1427158012.919,-28.096928
1427158012.935,-22.278868
1427158012.95,-17.082172
1427158012.966,-12.52905
1427158012.982,-8.239853
1427158012.997,-3.644867
1427158013.013,1.6857853
1427158013.028,7.8667336
1427158013.044,14.585644
1427158013.06,21.276106
1427158013.075,27.32322
1427158013.091,32.41107
1427158013.107,36.5715
1427158013.122,40.195183
1427158013.138,43.837486
1427158013.154,48.064064
1427158013.169,53.340065
1427158013.185,59.94375
1427158013.2,67.84586
1427158013.216,76.47414
1427158013.232,84.572685
1427158013.247,90.25569
1427158013.263,91.52595
1427158013.279,86.99528
1427158013.294,76.50467
1427158013.31,61.31728
1427158013.325,43.66691
1427158013.341,25.977922
1427158013.357,10.02507
1427158013.372,-3.3900414
1427158013.388,-14.345329
1427158013.404,-23.260492
1427158013.419,-30.462805
1427158013.435,-36.002384
1427158013.45,-39.78033
1427158013.466,-41.817375
1427158013.482,-42.417587
1427158013.497,-42.171783
1427158013.513,-41.69349
1427158013.529,-41.4465
1427158013.544,-41.594696
1427158013.56,-42.02323
1427158013.575,-42.479206
1427158013.591,-42.73926
1427158013.607,-42.699703
1427158013.622,-42.3941
1427158013.638,-41.912
1427158013.654,-41.25302
1427158013.669,-40.30342
1427158013.685,-38.783714
1427158013.7,-36.44551
1427158013.716,-33.134888
1427158013.732,-28.92212
1427158013.747,-24.081757
1427158013.763,-18.936466
1427158013.779,-13.727821
1427158013.794,-8.499962
1427158013.81,-3.1183014
1427158013.825,2.5704117
1427158013.841,8.619751
1427158013.857,14.882996
1427158013.872,21.044548
1427158013.888,26.77148
1427158013.904,31.854927
1427158013.919,36.329285
1427158013.935,40.481525
1427158013.95,44.782124
1427158013.966,49.763237
1427158013.982,55.823578
1427158013.997,63.02718
1427158014.013,70.82689
1427158014.029,78.04907
1427158014.044,82.96564
1427158014.06,83.77354
1427158014.075,79.1933
1427158014.091,69.034134
1427158014.107,54.36813
1427158014.122,37.24389
1427158014.138,19.991192
1427158014.154,4.496399
1427158014.169,-8.275169
1427158014.185,-18.255726
1427158014.2,-25.932415
1427158014.216,-31.81023
1427158014.232,-36.14226
1427158014.247,-38.871426
1427158014.263,-39.95552
1427158014.279,-39.56053
1427158014.294,-38.228825
1427158014.31,-36.68555
1427158014.325,-35.620625
1427158014.341,-35.39256
1427158014.357,-35.95452
1427158014.372,-36.941917
1427158014.388,-37.85882
1427158014.404,-38.29265
1427158014.419,-38.02118
1427158014.435,-37.079174
1427158014.45,-35.636864
1427158014.466,-33.889977
1427158014.482,-31.984406
1427158014.497,-29.871208
1427158014.513,-27.414364
1427158014.529,-24.364609
1427158014.544,-20.545277
1427158014.56,-15.866764
1427158014.575,-10.391411
1427158014.591,-4.30616
1427158014.607,2.0923424
1427158014.622,8.520676
1427158014.638,14.705177
1427158014.654,20.465622
1427158014.669,25.70958
1427158014.685,30.489342
1427158014.7,35.02316
1427158014.716,39.69857
1427158014.732,45.02451
1427158014.747,51.45367
1427158014.763,59.07962
1427158014.779,67.38486
1427158014.794,75.065056
1427158014.81,80.2621
1427158014.825,81.06413
1427158014.841,76.24638
1427158014.857,65.78491
1427158014.872,50.966118
1427158014.888,33.92617
1427158014.904,16.913286
1427158014.919,1.572197
1427158014.935,-11.37533
1427158014.95,-21.979393
1427158014.966,-30.630585
1427158014.982,-37.626522
1427158014.997,-43.019844
1427158015.013,-46.72016
1427158015.029,-48.69864
1427158015.044,-49.193336
1427158015.06,-48.65967
1427158015.075,-47.660683
1427158015.091,-46.666756
1427158015.107,-45.95713
1427158015.122,-45.58109
1427158015.138,-45.437397
1427158015.154,-45.347404
1427158015.169,-45.12912
1427158015.185,-44.63112
1427158015.2,-43.75013
1427158015.216,-42.379574
1427158015.232,-40.40457
1427158015.247,-37.736916
1427158015.263,-34.349915
1427158015.279,-30.329361
1427158015.294,-25.878908
1427158015.31,-21.22241
1427158015.325,-16.50905
1427158015.341,-11.725185
1427158015.357,-6.736191
1427158015.372,-1.3503551
1427158015.388,4.4968834
1427158015.404,10.704945
1427158015.419,16.985054
1427158015.435,23.002455
1427158015.45,28.51715
1427158015.466,33.464493
1427158015.482,38.00207
1427158015.497,42.524715
1427158015.513,47.55745
1427158015.529,53.66828
1427158015.544,61.156578
1427158015.56,69.77208
1427158015.575,78.4675
1427158015.591,85.46595
1427158015.607,88.67634
1427158015.622,86.40936
1427158015.638,78.03506
1427158015.654,64.318954
1427158015.669,47.168728
1427158015.685,28.999678
1427158015.7,11.936108
1427158015.716,-2.7238808
1427158015.732,-14.626846
1427158015.747,-24.06284
1427158015.763,-31.557602
1427158015.779,-37.483177
1427158015.794,-41.98228
1427158015.81,-45.03322
1427158015.826,-46.644794
1427158015.841,-47.002342
1427158015.857,-46.48243
1427158015.872,-45.5745
1427158015.888,-44.751167
1427158015.904,-44.306087
1427158015.919,-44.305206
1427158015.935,-44.573017
1427158015.951,-44.836163
1427158015.966,-44.80968
1427158015.982,-44.33971
1427158015.997,-43.367664
1427158016.013,-41.926395
1427158016.029,-40.037216
1427158016.044,-37.692394
1427158016.06,-34.864243
1427158016.076,-31.53447
1427158016.091,-27.68541
1427158016.107,-23.316887
1427158016.122,-18.399586
1427158016.138,-12.912239
1427158016.154,-6.8835793
1427158016.169,-0.43855667
1427158016.185,6.1672096
1427158016.201,12.595993
1427158016.216,18.556625
1427158016.232,23.894917
1427158016.247,28.695927
1427158016.263,33.226143
1427158016.279,37.915493
1427158016.294,43.257915
1427158016.31,49.644817
1427158016.326,57.178448
1427158016.341,65.40377
1427158016.357,73.18874
1427158016.372,78.83635
1427158016.388,80.48518
1427158016.404,76.76855
1427158016.419,67.37656
1427158016.435,53.308712
1427158016.451,36.56719
1427158016.466,19.520054
1427158016.482,4.1154976
1427158016.497,-8.586308
1427158016.513,-18.444324
1427158016.529,-25.87429
1427158016.544,-31.360306
1427158016.56,-35.16242
1427158016.576,-37.315388
1427158016.591,-37.833767
1427158016.607,-36.948223
1427158016.622,-35.169964
1427158016.638,-33.22222
1427158016.654,-31.739296
1427158016.669,-31.069195
1427158016.685,-31.120247
1427158016.701,-31.47013
1427158016.716,-31.558292
1427158016.732,-30.984589
1427158016.747,-29.663738
1427158016.763,-27.845669
1427158016.779,-25.932114
1427158016.794,-24.249786
1427158016.81,-22.777466
1427158016.826,-21.126034
1427158016.841,-18.662853
1427158016.857,-14.858788
1427158016.872,-9.541519
1427158016.888,-3.0722961
1427158016.904,3.814373
1427158016.919,10.293049
1427158016.935,15.799473
1427158016.951,20.222515
1427158016.966,23.939533
1427158016.982,27.62001
1427158016.997,31.983952
1427158017.013,37.6112
1427158017.029,44.77194
1427158017.044,53.268482
1427158017.06,62.349564
1427158017.076,70.657196
1427158017.091,76.42335
1427158017.107,77.888145
1427158017.122,73.896866
1427158017.138,64.36594
1427158017.154,50.410122
1427158017.169,34.006874
1427158017.185,17.34834
1427158017.201,2.1517181
1427158017.216,-10.681332
1427158017.232,-21.03997
1427158017.247,-29.164925
1427158017.263,-35.330173
1427158017.279,-39.580723
1427158017.294,-41.858738
1427158017.31,-42.251514
1427158017.326,-41.167385
1427158017.341,-39.326725
1427158017.357,-37.522465
1427158017.372,-36.29901
1427158017.388,-35.774143
1427158017.404,-35.60884
1427158017.419,-35.27939
1427158017.435,-34.323387
1427158017.451,-32.633274
1427158017.466,-30.49078
1427158017.482,-28.39077
1427158017.497,-26.761166
1427158017.513,-25.680195
1427158017.529,-24.771763
1427158017.544,-23.333633
1427158017.56,-20.643066
1427158017.576,-16.294323
1427158017.591,-10.373146
1427158017.607,-3.4854355
1427158017.622,3.5496788
1427158017.638,10.028824
1427158017.654,15.622431
1427158017.669,20.475306
1427158017.685,25.094719
1427158017.701,30.139698
1427158017.716,36.219612
1427158017.732,43.71713
1427158017.747,52.63366
1427158017.763,62.387856
1427158017.779,71.74262
1427158017.794,78.845924
1427158017.81,81.714745
1427158017.826,78.83454
1427158017.841,69.82794
1427158017.857,55.70507
1427158017.872,38.587505
1427158017.888,20.966238
1427158017.904,4.8859024
1427158017.919,-8.585146
1427158017.935,-19.371117
1427158017.951,-27.9662
1427158017.966,-34.893772
1427158017.982,-40.360916
1427158017.997,-44.244526
1427158018.013,-46.338547
1427158018.029,-46.685116
1427158018.044,-45.672745
1427158018.06,-43.991352
1427158018.076,-42.360596
1427158018.091,-41.287033
1427158018.107,-40.938557
1427158018.122,-41.123528
1427158018.138,-41.463814
1427158018.154,-41.555683
1427158018.169,-41.12828
1427158018.185,-40.102844
1427158018.201,-38.555336
1427158018.216,-36.61152
1427158018.232,-34.35118
1427158018.247,-31.754904
1427158018.263,-28.725378
1427158018.279,-25.091322
1427158018.294,-20.73537
1427158018.31,-15.58824
1427158018.326,-9.723351
1427158018.341,-3.3224487
1427158018.357,3.308178
1427158018.372,9.847227
1427158018.388,16.018635
1427158018.404,21.670471
1427158018.419,26.833168
1427158018.435,31.699453
1427158018.451,36.593742
1427158018.466,41.939323
1427158018.482,48.154488
1427158018.498,55.548294
1427158018.513,64.06297
1427158018.529,73.051605
1427158018.544,81.18554
1427158018.56,86.61643
1427158018.576,87.4749
1427158018.591,82.52663
1427158018.607,71.66077
1427158018.622,56.05603
1427158018.638,37.81853
1427158018.654,19.298996
1427158018.669,2.3971329
1427158018.685,-11.811643
1427158018.701,-23.098541
1427158018.716,-31.71618
1427158018.732,-38.08893
1427158018.748,-42.529285
1427158018.763,-45.260525
1427158018.779,-46.505283
1427158018.794,-46.61258
1427158018.81,-46.026405
1427158018.826,-45.21731
1427158018.841,-44.523453
1427158018.857,-44.103756
1427158018.873,-43.923866
1427158018.888,-43.85493
1427158018.904,-43.781536
1427158018.919,-43.648987
1427158018.935,-43.44892
1427158018.951,-43.174435
1427158018.966,-42.739838
1427158018.982,-41.951786
1427158018.998,-40.55091
1427158019.013,-38.313126
1427158019.029,-35.136024
1427158019.044,-31.10883
1427158019.06,-26.4599
1427158019.076,-21.508009
1427158019.091,-16.501307
1427158019.107,-11.54097
1427158019.123,-6.5464764
1427158019.138,-1.3343754
1427158019.154,4.2494164
1427158019.169,10.227991
1427158019.185,16.435513
1427158019.201,22.55989
1427158019.216,28.291206
1427158019.232,33.462624
1427158019.248,38.144558
1427158019.263,42.67588
1427158019.279,47.590183
1427158019.294,53.46493
1427158019.31,60.677757
1427158019.326,69.06519
1427158019.341,77.733986
1427158019.357,85.00841
1427158019.373,88.85985
1427158019.388,87.481476
1427158019.404,80.03998
1427158019.419,67.05559
1427158019.435,50.291576
1427158019.451,32.127647
1427158019.466,14.793608
1427158019.482,-0.28254986
1427158019.498,-12.63006
1427158019.513,-22.422775
1427158019.529,-30.063538
1427158019.544,-35.772232
1427158019.56,-39.56054
1427158019.576,-41.407097
1427158019.591,-41.5261
1427158019.607,-40.467125
1427158019.623,-38.974663
1427158019.638,-37.783253
1427158019.654,-37.294937
1427158019.669,-37.55816
1427158019.685,-38.25171
1427158019.701,-38.935684
1427158019.716,-39.2035
1427158019.732,-38.84471
1427158019.748,-37.8613
1427158019.763,-36.397945
1427158019.779,-34.620186
1427158019.794,-32.600197
1427158019.81,-30.274548
1427158019.826,-27.481396
1427158019.841,-24.02634
1427158019.857,-19.80291
1427158019.873,-14.838331
1427158019.888,-9.296755
1427158019.904,-3.4346018
1427158019.919,2.4702463
1427158019.935,8.223336
1427158019.951,13.720081
1427158019.966,18.97242
1427158019.982,24.043312
1427158019.998,29.041098
1427158020.013,34.08338
1427158020.029,39.372593
1427158020.044,45.17125
1427158020.06,51.77171
1427158020.076,59.248737
1427158020.091,67.21601
1427158020.107,74.604805
1427158020.123,79.77166
1427158020.138,80.87023
1427158020.154,76.525536
1427158020.169,66.40753
1427158020.185,51.488064
1427158020.201,33.77045
1427158020.216,15.615533
1427158020.232,-0.97077626
1427158020.248,-14.851834
1427158020.263,-25.77022
1427158020.279,-34.034546
1427158020.294,-40.061897
1427158020.31,-44.102318
1427158020.326,-46.259113
1427158020.341,-46.626278
1427158020.357,-45.53585
1427158020.373,-43.55538
1427158020.388,-41.40292
1427158020.404,-39.685844
1427158020.419,-38.77479
1427158020.435,-38.689735
1427158020.451,-39.19857
1427158020.466,-39.927757
1427158020.482,-40.51135
1427158020.498,-40.67665
1427158020.513,-40.276623
1427158020.529,-39.28011
1427158020.544,-37.71498
1427158020.56,-35.60906
1427158020.576,-32.978546
1427158020.591,-29.78547
1427158020.607,-25.988556
1427158020.623,-21.566477
1427158020.638,-16.546955
1427158020.654,-11.009674
1427158020.669,-5.0558643
1427158020.685,1.2071137
1427158020.701,7.643448
1427158020.716,14.096969
1427158020.732,20.375494
1427158020.748,26.285845
1427158020.763,31.700314
1427158020.779,36.690384
1427158020.794,41.551807
1427158020.81,46.838913
1427158020.826,53.17111
1427158020.841,60.914513
1427158020.857,69.800934
1427158020.873,78.72467
1427158020.888,85.804
1427158020.904,88.873856
1427158020.919,86.228966
1427158020.935,77.31214
1427158020.951,62.96214
1427158020.966,45.198494
1427158020.982,26.46857
1427158020.998,8.909475
1427158021.013,-6.2296286
1427158021.029,-18.610569
1427158021.044,-28.483156
1427158021.06,-36.223343
1427158021.076,-42.05866
1427158021.091,-46.03044
1427158021.107,-48.18756
1427158021.123,-48.78356
1427158021.138,-48.328968
1427158021.154,-47.477165
1427158021.17,-46.800385
1427158021.185,-46.614925
1427158021.201,-46.903072
1427158021.216,-47.39347
1427158021.232,-47.737762
1427158021.248,-47.686462
1427158021.263,-47.238823
1427158021.279,-46.568745
1427158021.294,-45.945538
1427158021.31,-45.490456
1427158021.326,-45.065155
1427158021.341,-44.22631
1427158021.357,-42.475876
1427158021.373,-39.407288
1427158021.388,-34.98064
1427158021.404,-29.548325
1427158021.42,-23.729797
1427158021.435,-18.13406
1427158021.451,-13.130278
1427158021.466,-8.667267
1427158021.482,-4.338504
1427158021.498,0.41059804
1427158021.513,5.9943457
1427158021.529,12.465917
1427158021.545,19.442026
1427158021.56,26.283901
1427158021.576,32.3188
1427158021.591,37.194305
1427158021.607,41.001976
1427158021.623,44.26922
1427158021.638,47.795498
1427158021.654,52.3932
1427158021.67,58.66054
1427158021.685,66.75615
1427158021.701,76.20875
1427158021.716,85.79176
1427158021.732,93.62198
1427158021.748,97.54283
1427158021.763,95.71491
1427158021.779,87.314285
1427158021.795,72.92674
1427158021.81,54.450542
1427158021.826,34.44887
1427158021.841,15.354687
1427158021.857,-1.2443578
1427158021.873,-14.797349
1427158021.888,-25.532854
1427158021.904,-33.92885
1427158021.92,-40.31363
1427158021.935,-44.755142
1427158021.951,-47.26525
1427158021.966,-48.0617
1427158021.982,-47.696644
1427158021.998,-46.907784
1427158022.013,-46.365524
1427158022.029,-46.3755
1427158022.045,-46.83307
1427158022.06,-47.32515
1427158022.076,-47.439735
1427158022.091,-47.004448
1427158022.107,-46.190403
1427158022.123,-45.410625
1427158022.138,-45.050724
1427158022.154,-45.226242
1427158022.17,-45.627216
1427158022.185,-45.61567
1427158022.201,-44.493973
1427158022.216,-41.808525
1427158022.232,-37.60061
1427158022.248,-32.374695
1427158022.263,-26.914055
1427158022.279,-21.926184
1427158022.295,-17.739601
1427158022.31,-14.16247
1427158022.326,-10.628156
1427158022.341,-6.4419556
1427158022.357,-1.155323
1427158022.373,5.220128
1427158022.388,12.158121
1427158022.404,18.875017
1427158022.42,24.63219
1427158022.435,29.077774
1427158022.451,32.36386
1427158022.466,35.077534
1427158022.482,38.01101
1427158022.498,41.864944
1427158022.513,47.011642
1427158022.529,53.414036
1427158022.545,60.527996
1427158022.56,67.34604
1427158022.576,72.47876
1427158022.591,74.442635
1427158022.607,72.027214
1427158022.623,64.72922
1427158022.638,53.000053
1427158022.654,38.188145
1427158022.67,22.14855
1427158022.685,6.6607113
1427158022.701,-7.082157
1427158022.716,-18.629871
1427158022.732,-28.095564
1427158022.748,-35.759876
1427158022.763,-41.685772
1427158022.779,-45.613262
1427158022.795,-47.1844
1427158022.81,-46.338463
1427158022.826,-43.712345
1427158022.841,-40.67561
1427158022.857,-39.008488
1427158022.873,-40.221916
1427158022.888,-44.886364
1427158022.904,-52.3024
1427158022.92,-60.73033
1427158022.935,-68.02762
1427158022.951,-72.49829
1427158022.966,-73.463104
1427158022.982,-71.324875
1427158022.998,-67.17175
1427158023.013,-62.144665
1427158023.029,-56.950775
1427158023.045,-51.741093
1427158023.06,-46.276215
1427158023.076,-40.29715
1427158023.091,-33.779243
1427158023.107,-26.986221
1427158023.123,-20.31314
1427158023.138,-14.067459
1427158023.154,-8.282364
1427158023.17,-2.745041
1427158023.185,2.9176483
1427158023.201,9.011833
1427158023.216,15.658577
1427158023.232,22.806335
1427158023.248,30.338158
1427158023.263,38.25859
1427158023.279,46.71096
1427158023.295,55.77153
1427158023.31,65.13202
1427158023.326,73.81825
1427158023.341,80.24754
1427158023.357,82.66964
1427158023.373,79.83506
1427158023.388,71.57157
1427158023.404,59.00302
1427158023.42,44.15367
1427158023.435,29.272346
1427158023.451,16.100464
1427158023.466,5.495331
1427158023.482,-2.5310364
1427158023.498,-8.368149
1427158023.513,-12.400482
1427158023.529,-14.723984
1427158023.545,-15.250778
1427158023.56,-13.888382
1427158023.576,-10.849304
1427158023.591,-6.7140045
1427158023.607,-2.3157501
1427158023.623,1.5263214
1427158023.638,4.287964
1427158023.654,5.9149475
1427158023.67,6.779602
1427158023.685,7.508209
1427158023.701,8.671555
1427158023.716,10.547501
1427158023.732,13.030411
1427158023.748,15.717224
1427158023.763,18.13881
1427158023.779,20.025726
1427158023.795,21.45958
1427158023.81,22.877716
1427158023.826,24.84227
1427158023.841,27.781448
1427158023.857,31.730423
1427158023.873,36.32057
1427158023.888,40.90779
1427158023.904,44.903473
1427158023.92,48.04428
1427158023.935,50.525833
1427158023.951,52.908585
1427158023.966,55.894516
1427158023.982,60.07315
1427158023.998,65.7578
1427158024.013,72.90323
1427158024.029,81.05798
1427158024.045,89.249344
1427158024.06,96.052
1427158024.076,99.70737
1427158024.092,98.56174
1427158024.107,91.598434
1427158024.123,78.902176
1427158024.138,61.75383
1427158024.154,42.298424
1427158024.17,22.843422
1427158024.185,5.2044296
1427158024.201,-9.720734
1427158024.217,-21.868073
1427158024.232,-31.615646
1427158024.248,-39.36873
1427158024.263,-45.29516
1427158024.279,-49.39235
1427158024.295,-51.699127
1427158024.31,-52.436523
1427158024.326,-52.079865
1427158024.342,-51.196266
1427158024.357,-50.296883
1427158024.373,-49.702087
1427158024.388,-49.553368
1427158024.404,-49.80005
1427158024.42,-50.314796
1427158024.435,-50.905663
1427158024.451,-51.358032
1427158024.467,-51.41294
1427158024.482,-50.864395
1427158024.498,-49.5532
1427158024.513,-47.43214
1427158024.529,-44.52713
1427158024.545,-40.916576
1427158024.56,-36.70192
1427158024.576,-31.964375
1427158024.592,-26.769123
1427158024.607,-21.13572
1427158024.623,-15.066826
1427158024.638,-8.578663
1427158024.654,-1.7483044
1427158024.67,5.22521
1427158024.685,12.057037
1427158024.701,18.429705
1427158024.717,24.141943
1427158024.732,29.200762
1427158024.748,33.887474
1427158024.763,38.70192
1427158024.779,44.29663
1427158024.795,51.237675
1427158024.81,59.74419
1427158024.826,69.34575
1427158024.842,78.73517
1427158024.857,85.868324
1427158024.873,88.51164
1427158024.888,84.99333
1427158024.904,74.922295
1427158024.92,59.392822
1427158024.935,40.66806
1427158024.951,21.34041
1427158024.967,3.509058
1427158024.982,-11.729918
1427158024.998,-24.22258
1427158025.013,-34.332283
1427158025.029,-42.42932
1427158025.045,-48.664993
1427158025.06,-52.978844
1427158025.076,-55.39972
1427158025.092,-56.199837
1427158025.107,-55.91335
1427158025.123,-55.147163
1427158025.138,-54.36259
1427158025.154,-53.754616
1427158025.17,-53.280804
1427158025.185,-52.773525
1427158025.201,-52.13717
1427158025.217,-51.385326
1427158025.232,-50.63081
1427158025.248,-49.9702
1427158025.263,-49.3894
1427158025.279,-48.66658
1427158025.295,-47.454433
1427158025.31,-45.348534
1427158025.326,-42.122562
1427158025.342,-37.795013
1427158025.357,-32.677567
1427158025.373,-27.233284
1427158025.388,-21.890625
1427158025.404,-16.825111
1427158025.42,-11.906548
1427158025.435,-6.8123474
1427158025.451,-1.208641
1427158025.467,5.0417404
1427158025.482,11.748566
1427158025.498,18.473412
1427158025.513,24.72808
1427158025.529,30.21225
1427158025.545,34.96505
1427158025.56,39.394325
1427158025.576,44.156326
1427158025.592,49.953476
1427158025.607,57.257324
1427158025.623,66.06913
1427158025.638,75.68844
1427158025.654,84.663536
1427158025.67,90.98712
1427158025.685,92.61067
1427158025.701,88.09584
1427158025.717,77.22939
1427158025.732,61.185867
1427158025.748,42.21498
1427158025.763,22.916763
1427158025.779,5.4091263
1427158025.795,-9.203377
1427158025.81,-20.845474
1427158025.826,-30.047539
1427158025.842,-37.403442
1427158025.857,-43.13665
1427158025.873,-47.149918
1427158025.888,-49.277756
1427158025.904,-49.649025
1427158025.92,-48.82112
1427158025.935,-47.622444
1427158025.951,-46.830833
1427158025.967,-46.88285
1427158025.982,-47.756645
1427158025.998,-49.068283
1427158026.013,-50.35949
1427158026.029,-51.2436
1427158026.045,-51.53766
1427158026.06,-51.198517
1427158026.076,-50.243523
1427158026.092,-48.639267
1427158026.107,-46.33177
1427158026.123,-43.222595
1427158026.138,-39.262314
1427158026.154,-34.44516
1427158026.17,-28.834671
1427158026.185,-22.508484
1427158026.201,-15.620605
1427158026.217,-8.377762
1427158026.232,-1.0577393
1427158026.248,6.061203
1427158026.263,12.727417
1427158026.279,18.838943
1427158026.295,24.450195
1427158026.31,29.81401
1427158026.326,35.323853
1427158026.342,41.437027
1427158026.357,48.59758
1427158026.373,57.077408
1427158026.388,66.71983
1427158026.404,76.74861
1427158026.42,85.65059
1427158026.435,91.4202
1427158026.451,92.09349
1427158026.467,86.44548
1427158026.482,74.52637
1427158026.498,57.770477
1427158026.513,38.479034
1427158026.529,19.098877
1427158026.545,1.4499207
1427158026.56,-13.542526
1427158026.576,-25.753159
1427158026.592,-35.428116
1427158026.607,-42.846573
1427158026.623,-48.152496
1427158026.638,-51.47017
1427158026.654,-53.03154
1427158026.67,-53.29117
1427158026.685,-52.8033
1427158026.701,-52.10016
1427158026.717,-51.538513
1427158026.732,-51.283234
1427158026.748,-51.317657
1427158026.764,-51.539825
1427158026.779,-51.780075
1427158026.795,-51.88951
1427158026.81,-51.750443
1427158026.826,-51.248062
1427158026.842,-50.285126
1427158026.857,-48.754883
1427158026.873,-46.49341
1427158026.889,-43.383606
1427158026.904,-39.39235
1427158026.92,-34.654022
1427158026.935,-29.410706
1427158026.951,-23.93077
1427158026.967,-18.326813
1427158026.982,-12.516159
1427158026.998,-6.27536
1427158027.014,0.55989075
1427158027.029,7.948242
1427158027.045,15.565262
1427158027.06,22.927216
1427158027.076,29.570648
1427158027.092,35.305267
1427158027.107,40.27162
1427158027.123,44.94214
1427158027.139,49.9899
1427158027.154,56.149582
1427158027.17,63.935364
1427158027.185,73.38292
1427158027.201,83.72479
1427158027.217,93.30617
1427158027.232,99.87341
1427158027.248,101.19585
1427158027.264,95.88577
1427158027.279,83.97319
1427158027.295,66.95999
1427158027.31,47.308228
1427158027.326,27.592392
1427158027.342,9.688095
1427158027.357,-5.58226
1427158027.373,-18.286453
1427158027.389,-28.93248
1427158027.404,-37.94803
1427158027.42,-45.45508
1427158027.435,-51.278503
1427158027.451,-55.244705
1427158027.467,-57.396637
1427158027.482,-58.15335
1427158027.498,-58.18669
1427158027.514,-58.205017
1427158027.529,-58.66075
1427158027.545,-59.57196
1427158027.56,-60.588287
1427158027.576,-61.18541
1427158027.592,-61.000305
1427158027.607,-60.012543
1427158027.623,-58.548813
1427158027.639,-57.06494
1427158027.654,-55.833633
1427158027.67,-54.758133
1427158027.685,-53.365692
1427158027.701,-51.052826
1427158027.717,-47.362595
1427158027.732,-42.226563
1427158027.748,-35.993973
1427158027.764,-29.302597
1427158027.779,-22.824188
1427158027.795,-17.033173
1427158027.81,-12.060486
1427158027.826,-7.672989
1427158027.842,-3.3785095
1427158027.857,1.3517303
1427158027.873,6.904831
1427158027.889,13.329498
1427158027.904,20.313858
1427158027.92,27.305496
1427158027.935,33.737442
1427158027.951,39.22284
1427158027.967,43.779877
1427158027.982,47.765
1427158027.998,51.804825
1427158028.014,56.614563
1427158028.029,62.84619
1427158028.045,70.89853
1427158028.06,80.72046
1427158028.076,91.56244
1427158028.092,101.8474
1427158028.107,109.34297
1427158028.123,111.7173
1427158028.139,107.290054
1427158028.154,95.75571
1427158028.17,78.391495
1427158028.185,57.68866
1427158028.201,36.49417
1427158028.217,17.104767
1427158028.232,0.68013
1427158028.248,-12.665543
1427158028.264,-23.455643
1427158028.279,-32.22844
1427158028.295,-39.224854
1427158028.31,-44.398468
1427158028.326,-47.6989
1427158028.342,-49.31424
1427158028.357,-49.764313
1427158028.373,-49.730362
1427158028.389,-49.79016
1427158028.404,-50.268112
1427158028.42,-51.162003
1427158028.435,-52.23764
1427158028.451,-53.242157
1427158028.467,-53.99008
1427158028.482,-54.424286
1427158028.498,-54.535553
1427158028.514,-54.252808
1427158028.529,-53.380127
1427158028.545,-51.615753
1427158028.56,-48.684525
1427158028.576,-44.49495
1427158028.592,-39.236313
1427158028.607,-33.32419
1427158028.623,-27.231125
1427158028.639,-21.291718
1427158028.654,-15.534943
1427158028.67,-9.758408
1427158028.685,-3.6811981
1427158028.701,2.8317413
1427158028.717,9.684433
1427158028.732,16.547668
1427158028.748,23.062485
1427158028.764,28.98146
1427158028.779,34.340454
1427158028.795,39.420654
1427158028.81,44.708893
1427158028.826,50.787766
1427158028.842,58.102966
1427158028.857,66.68352
1427158028.873,75.91263
1427158028.889,84.38023
1427158028.904,90.123276
1427158028.92,91.15894
1427158028.935,86.18499
1427158028.951,75.12275
1427158028.967,59.246765
1427158028.982,40.77253
1427158028.998,22.101105
1427158029.014,5.0954666
1427158029.029,-9.313515
1427158029.045,-21.041122
1427158029.06,-30.435669
1427158029.076,-37.84855
1427158029.092,-43.361465
1427158029.107,-46.8808
1427158029.123,-48.346413
1427158029.139,-48.044395
1427158029.154,-46.623848
1427158029.17,-44.964325
1427158029.185,-43.865105
1427158029.201,-43.742043
1427158029.217,-44.44188
1427158029.232,-45.388176
1427158029.248,-45.86361
1427158029.264,-45.36052
1427158029.279,-43.828247
1427158029.295,-41.632957
1427158029.31,-39.331184
1427158029.326,-37.31053
1427158029.342,-35.519768
1427158029.357,-33.48223
1427158029.373,-30.475327
1427158029.389,-25.935951
1427158029.404,-19.691284
1427158029.42,-12.097046
1427158029.436,-3.8745728
1427158029.451,4.1409225
1427158029.467,11.338463
1427158029.482,17.506668
1427158029.498,22.848045
1427158029.514,27.83947
1427158029.529,33.049126
1427158029.545,39.01924
1427158029.561,46.16478
1427158029.576,54.72577
1427158029.592,64.57341
1427158029.607,74.9736
1427158029.623,84.44869
1427158029.639,90.94034
1427158029.654,92.37502
1427158029.67,87.38755
1427158029.686,75.95978
1427158029.701,59.508194
1427158029.717,40.464783
1427158029.732,21.369362
1427158029.748,4.090149
1427158029.764,-10.558868
1427158029.779,-22.6334
1427158029.795,-32.55619
1427158029.811,-40.646774
1427158029.826,-46.933846
1427158029.842,-51.308937
1427158029.857,-53.788155
1427158029.873,-54.685226
1427158029.889,-54.588448
1427158029.904,-54.11184
1427158029.92,-53.703194
1427158029.936,-53.46173
1427158029.951,-53.271736
1427158029.967,-52.899895
1427158029.982,-52.2106
1427158029.998,-51.24424
1427158030.014,-50.194237
1427158030.029,-49.212296
1427158030.045,-48.310287
1427158030.061,-47.21702
1427158030.076,-45.489937
1427158030.092,-42.69776
1427158030.107,-38.65722
1427158030.123,-33.553802
1427158030.139,-27.899513
1427158030.154,-22.30439
1427158030.17,-17.164726
1427158030.186,-12.505638
1427158030.201,-7.977478
1427158030.217,-3.010109
1427158030.232,2.837677
1427158030.248,9.708336
1427158030.264,17.298843
1427158030.279,25.016594
1427158030.295,32.173492
1427158030.311,38.32467
1427158030.326,43.3925
1427158030.342,47.736702
1427158030.357,52.039204
1427158030.373,57.11273
1427158030.389,63.645317
1427158030.404,71.94826
1427158030.42,81.6637
1427158030.436,91.58927
1427158030.451,99.75951
1427158030.467,103.87865
1427158030.482,102.00037
1427158030.498,93.29244
1427158030.514,78.42845
1427158030.529,59.456806
1427158030.545,39.06939
1427158030.561,19.698677
1427158030.576,2.8404884
1427158030.592,-11.138184
1427158030.607,-22.64951
1427158030.623,-32.224262
1427158030.639,-40.11757
1427158030.654,-46.162018
1427158030.67,-50.09506
1427158030.686,-51.906174
1427158030.701,-52.08786
1427158030.717,-51.51707
1427158030.732,-51.126118
1427158030.748,-51.473675
1427158030.764,-52.548996
1427158030.779,-53.827644
1427158030.795,-54.620983
1427158030.811,-54.464203
1427158030.826,-53.396587
1427158030.842,-51.897526
1427158030.857,-50.57682
1427158030.873,-49.7433
1427158030.889,-49.188118
1427158030.904,-48.222553
1427158030.92,-46.023106
1427158030.936,-42.096394
1427158030.951,-36.52865
1427158030.967,-30.00832
1427158030.982,-23.475922
1427158030.998,-17.732792
1427158031.014,-13.088545
1427158031.029,-9.250259
1427158031.045,-5.521353
1427158031.061,-1.1507778
1427158031.076,4.3470917
1427158031.092,10.976627
1427158031.107,18.235352
1427158031.123,25.367882
1427158031.139,31.652487
1427158031.154,36.71303
1427158031.17,40.662655
1427158031.186,44.036797
1427158031.201,47.58574
1427158031.217,52.07141
1427158031.232,58.071346
1427158031.248,65.84842
1427158031.264,75.18581
1427158031.279,85.22539
1427158031.295,94.367
1427158031.311,100.49386
1427158031.326,101.51297
1427158031.342,96.07773
1427158031.357,84.160965
1427158031.373,67.215996
1427158031.389,47.711517
1427158031.404,28.268433
1427158031.42,10.854243
1427158031.436,-3.6484308
1427158031.451,-15.295155
1427158031.467,-24.574783
1427158031.482,-31.903614
1427158031.498,-37.397003
1427158031.514,-41.000458
1427158031.529,-42.761414
1427158031.545,-43.05119
1427158031.561,-42.525322
1427158031.576,-41.91492
1427158031.592,-41.727722
1427158031.607,-42.09244
1427158031.623,-42.793453
1427158031.639,-43.495247
1427158031.654,-43.934628
1427158031.67,-44.075317
1427158031.686,-44.040504
1427158031.701,-43.95725
1427158031.717,-43.777336
1427158031.732,-43.20628
1427158031.748,-41.826824
1427158031.764,-39.28705
1427158031.779,-35.515957
1427158031.795,-30.758038
1427158031.811,-25.470625
1427158031.826,-20.093355
1427158031.842,-14.82586
1427158031.857,-9.609003
1427158031.873,-4.189893
1427158031.889,1.6676292
1427158031.904,8.023316
1427158031.92,14.696421
1427158031.936,21.351135
1427158031.951,27.590212
1427158031.967,33.156624
1427158031.982,37.98492
1427158031.998,42.263203
1427158032.014,46.42846
1427158032.029,51.108196
1427158032.045,56.950794
1427158032.061,64.35314
1427158032.076,73.09457
1427158032.092,82.07257
1427158032.108,89.36863
1427158032.123,92.72575
1427158032.139,90.25804
1427158032.154,81.2468
1427158032.17,66.465
1427158032.186,47.97973
1427158032.201,28.433218
1427158032.217,10.179937
1427158032.232,-5.3445215
1427158032.248,-17.776035
1427158032.264,-27.5129
1427158032.279,-35.186687
1427158032.295,-41.22989
1427158032.311,-45.750076
1427158032.326,-48.663128
1427158032.342,-49.94857
1427158032.358,-49.84587
1427158032.373,-48.85124
1427158032.389,-47.60202
1427158032.404,-46.61779
1427158032.42,-46.182487
1427158032.436,-46.243164
1427158032.451,-46.535217
1427158032.467,-46.675167
1427158032.483,-46.37948
1427158032.498,-45.51355
1427158032.514,-44.08583
1427158032.529,-42.156307
1427158032.545,-39.73363
1427158032.561,-36.735416
1427158032.576,-33.04628
1427158032.592,-28.61732
1427158032.608,-23.551031
1427158032.623,-18.046322
1427158032.639,-12.331837
1427158032.654,-6.5215435
1427158032.67,-0.602396
1427158032.686,5.503742
1427158032.701,11.793589
1427158032.717,18.13812
1427158032.733,24.285088
1427158032.748,30.035349
1427158032.764,35.35058
1427158032.779,40.482414
1427158032.795,45.858265
1427158032.811,52.035896
1427158032.826,59.42449
1427158032.842,68.06763
1427158032.858,77.40426
1427158032.873,86.16881
1427158032.889,92.513275
1427158032.904,94.48762
1427158032.92,90.63736
1427158032.936,80.61055
1427158032.951,65.347595
1427158032.967,46.83785
1427158032.983,27.460775
1427158032.998,9.248096
1427158033.014,-6.597412
1427158033.029,-19.718874
1427158033.045,-30.318913
1427158033.061,-38.709427
1427158033.076,-45.07229
1427158033.092,-49.43468
1427158033.108,-51.873608
1427158033.123,-52.654976
1427158033.139,-52.327858
1427158033.154,-51.546013
1427158033.17,-50.87908
1427158033.186,-50.605263
1427158033.201,-50.676422
1427158033.217,-50.804802
1427158033.233,-50.684525
1427158033.248,-50.177147
1427158033.264,-49.377052
1427158033.279,-48.522232
1427158033.295,-47.792805
1427158033.311,-47.12204
1427158033.326,-46.171036
1427158033.342,-44.429733
1427158033.358,-41.490944
1427158033.373,-37.22473
1427158033.389,-31.93125
1427158033.404,-26.138096
1427158033.42,-20.450241
1427158033.436,-15.194351
1427158033.451,-10.31241
1427158033.467,-5.3925858
1427158033.483,0.09910011
1427158033.498,6.520363
1427158033.514,13.805441
1427158033.529,21.468878
1427158033.545,28.76904
1427158033.561,35.0579
1427158033.576,40.072704
1427158033.592,44.08141
1427158033.608,47.79261
1427158033.623,52.13821
1427158033.639,57.94569
1427158033.654,65.658264
1427158033.67,75.09927
1427158033.686,85.28049
1427158033.701,94.4489
1427158033.717,100.39805
1427158033.733,101.03255
1427158033.748,95.06705
1427158033.764,82.57008
1427158033.779,65.03041
1427158033.795,44.91781
1427158033.811,24.87859
1427158033.826,6.9244766
1427158033.842,-7.9837303
1427158033.858,-19.871761
1427158033.873,-29.29926
1427158033.889,-36.856426
1427158033.904,-42.79334
1427158033.92,-47.103264
1427158033.936,-49.7096
1427158033.951,-50.78292
1427158033.967,-50.797966
1427158033.983,-50.421494
1427158033.998,-50.238758
1427158034.014,-50.52459
1427158034.029,-51.154896
1427158034.045,-51.73286
1427158034.061,-51.857204
1427158034.076,-51.363647
1427158034.092,-50.36607
1427158034.108,-49.236095
1427158034.123,-48.271385
1427158034.139,-47.516987
1427158034.154,-46.663277
1427158034.17,-45.146408
1427158034.186,-42.432785
1427158034.201,-38.304253
1427158034.217,-32.97709
1427158034.233,-27.04279
1427158034.248,-21.23639
1427158034.264,-16.07623
1427158034.279,-11.663689
1427158034.295,-7.646145
1427158034.311,-3.4112473
1427158034.326,1.5873909
1427158034.342,7.582096
1427158034.358,14.362415
1427158034.373,21.419693
1427158034.389,28.127434
1427158034.404,34.04743
1427158034.42,39.02862
1427158034.436,43.277626
1427158034.451,47.24795
1427158034.467,51.55318
1427158034.483,56.843212
1427158034.498,63.60923
1427158034.514,71.90471
1427158034.529,81.06955
1427158034.545,89.61424
1427158034.561,95.424675
1427158034.576,96.34921
1427158034.592,90.9787
1427158034.608,79.24836
1427158034.623,62.601467
1427158034.639,43.50721
1427158034.654,24.61242
1427158034.67,7.9156036
1427158034.686,-5.679432
1427158034.701,-16.296295
1427158034.717,-24.555054
1427158034.733,-31.038311
1427158034.748,-35.988174
1427158034.764,-39.328487
1427158034.779,-40.941814
1427158034.795,-40.949894
1427158034.811,-39.82109
1427158034.826,-38.287865
1427158034.842,-37.0692
1427158034.858,-36.64681
1427158034.873,-37.093826
1427158034.889,-38.124508
1427158034.904,-39.25315
1427158034.92,-40.012737
1427158034.936,-40.118645
1427158034.951,-39.519165
1427158034.967,-38.313595
1427158034.983,-36.636692
1427158034.998,-34.55223
1427158035.014,-32.044094
1427158035.03,-29.041695
1427158035.045,-25.50698
1427158035.061,-21.410809
1427158035.076,-16.763275
1427158035.092,-11.564178
1427158035.108,-5.850136
1427158035.123,0.28848267
1427158035.139,6.637272
1427158035.155,12.933029
1427158035.17,18.88631
1427158035.186,24.329819
1427158035.201,29.268124
1427158035.217,33.934517
1427158035.233,38.72244
1427158035.248,44.169456
1427158035.264,50.761703
1427158035.28,58.74114
1427158035.295,67.776
1427158035.311,76.801186
1427158035.326,84.0101
1427158035.342,87.33099
1427158035.358,85.05268
1427158035.373,76.5227
1427158035.389,62.47024
1427158035.405,44.803673
1427158035.42,25.981497
1427158035.436,8.225512
1427158035.451,-7.0702705
1427158035.467,-19.476652
1427158035.483,-29.26842
1427158035.498,-36.9304
1427158035.514,-42.832817
1427158035.53,-47.08187
1427158035.545,-49.681496
1427158035.561,-50.73204
1427158035.576,-50.608772
1427158035.592,-49.89317
1427158035.608,-49.21545
1427158035.623,-49.013863
1427158035.639,-49.352947
1427158035.655,-49.96736
1427158035.67,-50.460873
1427158035.686,-50.53164
1427158035.701,-50.16204
1427158035.717,-49.55498
1427158035.733,-48.93313
1427158035.748,-48.309708
1427158035.764,-47.374645
1427158035.78,-45.58988
1427158035.795,-42.480446
1427158035.811,-37.882645
1427158035.826,-32.122528
1427158035.842,-25.847145
1427158035.858,-19.781624
1427158035.873,-14.359755
1427158035.889,-9.586918
1427158035.905,-5.0663433
1427158035.92,-0.24149513
1427158035.936,5.318512
1427158035.951,11.699566
1427158035.967,18.58664
1427158035.983,25.412113
1427158035.998,31.634233
1427158036.014,36.95874
1427158036.03,41.53588
1427158036.045,45.883617
1427158036.061,50.78437
1427158036.076,56.976685
1427158036.092,64.962
1427158036.108,74.66908
1427158036.123,85.28247
1427158036.139,95.18112
1427158036.155,102.17405
1427158036.17,104.03308
1427158036.186,99.244354
1427158036.201,87.59623
1427158036.217,70.38251
1427158036.233,50.032455
1427158036.248,29.323576
1427158036.264,10.456907
1427158036.28,-5.419239
1427158036.295,-18.282997
1427158036.311,-28.702913
1427158036.326,-37.268597
1427158036.342,-44.18966
1427158036.358,-49.35022
1427158036.373,-52.54872
1427158036.389,-53.895855
1427158036.405,-53.90222
1427158036.42,-53.349174
1427158036.436,-52.976845
1427158036.451,-53.190845
1427158036.467,-53.94024
1427158036.483,-54.8399
1427158036.498,-55.443855
1427158036.514,-55.458145
1427158036.53,-54.90319
1427158036.545,-54.024326
1427158036.561,-53.06988
1427158036.576,-52.119583
1427158036.592,-50.940372
1427158036.608,-49.099934
1427158036.623,-46.135735
1427158036.639,-41.847244
1427158036.655,-36.390194
1427158036.67,-30.301249
1427158036.686,-24.261335
1427158036.701,-18.827112
1427158036.717,-14.220259
1427158036.733,-10.232479
1427158036.748,-6.3597336
1427158036.764,-2.0217743
1427158036.78,3.2068977
1427158036.795,9.389973
1427158036.811,16.239578
1427158036.826,23.196568
1427158036.842,29.692074
1427158036.858,35.311176
1427158036.873,39.98763
1427158036.889,43.99623
1427158036.905,47.905792
1427158036.92,52.410847
1427158036.936,58.181824
1427158036.951,65.62468
1427158036.967,74.66339
1427158036.983,84.54355
1427158036.998,93.753494
1427158037.014,100.21159
1427158037.03,101.80417
1427158037.045,97.05007
1427158037.061,85.7146
1427158037.076,68.98491
1427158037.092,49.1363
1427158037.108,28.782467
1427158037.123,10.074806
1427158037.139,-5.824608
1427158037.155,-18.7062
1427158037.17,-28.972755
1427158037.186,-37.076996
1427158037.201,-43.258846
1427158037.217,-47.512978
1427158037.233,-49.856228
1427158037.248,-50.547016
1427158037.264,-50.181538
1427158037.28,-49.520355
1427158037.295,-49.218124
1427158037.311,-49.588806
1427158037.326,-50.51468
1427158037.342,-51.579144
1427158037.358,-52.28267
1427158037.373,-52.318977
1427158037.389,-51.678154
1427158037.405,-50.606354
1427158037.42,-49.453
1427158037.436,-48.37346
1427158037.451,-47.258934
1427158037.467,-45.706936
1427158037.483,-43.24344
1427158037.498,-39.565384
1427158037.514,-34.758743
1427158037.53,-29.294224
1427158037.545,-23.860744
1427158037.561,-19.026474
1427158037.576,-14.958611
1427158037.592,-11.330318
1427158037.608,-7.4744987
1427158037.623,-2.70813
1427158037.639,3.2842941
1427158037.655,10.339489
1427158037.67,17.832542
1427158037.686,24.986385
1427158037.702,31.187847
1427158037.717,36.22548
1427158037.733,40.3343
1427158037.748,44.056606
1427158037.764,48.034534
1427158037.78,52.862595
1427158037.795,58.969185
1427158037.811,66.55467
1427158037.827,75.37822
1427158037.842,84.56761
1427158037.858,92.53537
1427158037.873,97.198456
1427158037.889,96.55481
1427158037.905,89.46196
1427158037.92,76.150375
1427158037.936,58.299957
1427158037.952,38.45526
1427158037.967,19.170765
1427158037.983,2.2145958
1427158037.998,-11.708584
1427158038.014,-22.754581
1427158038.03,-31.36456
1427158038.045,-37.84389
1427158038.061,-42.182125
1427158038.077,-44.296116
1427158038.092,-44.28161
1427158038.108,-42.612846
1427158038.123,-40.05229
1427158038.139,-37.442642
1427158038.155,-35.436993
1427158038.17,-34.39433
1427158038.186,-34.297783
1427158038.202,-34.886726
1427158038.217,-35.739784
1427158038.233,-36.420444
1427158038.248,-36.58333
1427158038.264,-36.040024
1427158038.28,-34.759552
1427158038.295,-32.870834
1427158038.311,-30.525959
1427158038.327,-27.867016
1427158038.342,-24.926567
1427158038.358,-21.661205
1427158038.373,-17.94017
1427158038.389,-13.6310005
1427158038.405,-8.6232605
1427158038.42,-2.9236565
1427158038.436,3.3181
1427158038.452,9.813797
1427158038.467,16.199501
1427158038.483,22.16346
1427158038.498,27.549606
1427158038.514,32.43968
1427158038.53,37.15925
1427158038.545,42.171352
1427158038.561,48.01611
1427158038.577,55.042046
1427158038.592,63.224102
1427158038.608,71.88925
1427158038.623,79.66841
1427158038.639,84.65686
1427158038.655,84.94446
1427158038.67,79.29482
1427158038.686,67.670975
1427158038.702,51.36837
1427158038.717,32.642788
1427158038.733,13.94441
1427158038.748,-2.8072872
1427158038.764,-16.668959
1427158038.78,-27.60196
1427158038.795,-36.089924
1427158038.811,-42.613274
1427158038.827,-47.401894
1427158038.842,-50.401737
1427158038.858,-51.54379
1427158038.873,-50.945625
1427158038.889,-49.070045
1427158038.905,-46.601074
1427158038.92,-44.247406
1427158038.936,-42.538704
1427158038.952,-41.67485
1427158038.967,-41.51809
1427158038.983,-41.743538
1427158038.998,-41.958084
1427158039.014,-41.865677
1427158039.03,-41.30536
1427158039.045,-40.246975
1427158039.061,-38.70327
1427158039.077,-36.693073
1427158039.092,-34.17205
1427158039.108,-31.074362
1427158039.123,-27.298983
1427158039.139,-22.73543
1427158039.155,-17.312643
1427158039.17,-11.02985
1427158039.186,-4.016341
1427158039.202,3.431139
1427158039.217,10.891815
1427158039.233,17.893478
1427158039.248,24.096472
1427158039.264,29.380592
1427158039.28,33.959297
1427158039.295,38.288357
1427158039.311,42.967712
1427158039.327,48.599
1427158039.342,55.618668
1427158039.358,64.106606
1427158039.373,73.596466
1427158039.389,82.8762
1427158039.405,90.08807
1427158039.42,93.13805
1427158039.436,90.306175
1427158039.452,80.96149
1427158039.467,65.88007
1427158039.483,47.066704
1427158039.498,27.130054
1427158039.514,8.418562
1427158039.53,-7.545402
1427158039.545,-20.26069
1427158039.561,-29.960236
1427158039.577,-37.160866
1427158039.592,-42.29611
1427158039.608,-45.655815
1427158039.623,-47.44836
1427158039.639,-48.006344
1427158039.655,-47.800327
1427158039.67,-47.35095
1427158039.686,-47.055294
1427158039.702,-47.065765
1427158039.717,-47.27831
1427158039.733,-47.460938
1427158039.748,-47.391087
1427158039.764,-46.998043
1427158039.78,-46.36309
1427158039.795,-45.618637
1427158039.811,-44.82042
1427158039.827,-43.840107
1427158039.842,-42.40258
1427158039.858,-40.219616
1427158039.873,-37.129906
1427158039.889,-33.227604
1427158039.905,-28.766115
1427158039.92,-24.054245
1427158039.936,-19.269104
1427158039.952,-14.368408
1427158039.967,-9.122237
1427158039.983,-3.2587924
1427158039.998,3.3505015
1427158040.014,10.583366
1427158040.03,18.061012
1427158040.045,25.259611
1427158040.061,31.727179
1427158040.077,37.2174
1427158040.092,41.87659
1427158040.108,46.137806
1427158040.123,50.70044
1427158040.139,56.313652
1427158040.155,63.503593
1427158040.17,72.27791
1427158040.186,81.85739
1427158040.202,90.61124
1427158040.217,96.35428
1427158040.233,96.940895
1427158040.248,91.036606
1427158040.264,78.655785
1427158040.28,61.251602
1427158040.295,41.2222
1427158040.311,21.126923
1427158040.327,2.9233246
1427158040.342,-12.406061
1427158040.358,-24.73385
1427158040.374,-34.383488
1427158040.389,-41.728867
1427158040.405,-46.96495
1427158040.42,-50.210335
1427158040.436,-51.676693
1427158040.452,-51.79955
1427158040.467,-51.199936
1427158040.483,-50.476692
1427158040.499,-50.056484
1427158040.514,-50.083145
1427158040.53,-50.449276
1427158040.545,-50.914787
1427158040.561,-51.234818
1427158040.577,-51.282463
1427158040.592,-51.03498
1427158040.608,-50.553635
1427158040.624,-49.832985
1427158040.639,-48.72432
1427158040.655,-46.93893
1427158040.67,-44.187984
1427158040.686,-40.297573
1427158040.702,-35.41465
1427158040.717,-29.941057
1427158040.733,-24.37776
1427158040.749,-19.103651
1427158040.764,-14.166428
1427158040.78,-9.301918
1427158040.795,-4.0792217
1427158040.811,1.8267841
1427158040.827,8.438463
1427158040.842,15.457649
1427158040.858,22.341265
1427158040.874,28.600687
1427158040.889,33.982716
1427158040.905,38.593456
1427158040.92,42.87716
1427158040.936,47.51198
1427158040.952,53.192444
1427158040.967,60.411488
1427158040.983,69.13312
1427158040.999,78.563126
1427158041.014,87.09961
1427158041.03,92.59495
1427158041.045,92.97048
1427158041.061,86.974045
1427158041.077,74.69866
1427158041.092,57.681583
1427158041.108,38.40906
1427158041.124,19.505398
1427158041.139,2.8906174
1427158041.155,-10.601803
1427158041.17,-21.147758
1427158041.186,-29.409283
1427158041.202,-35.97356
1427158041.217,-41.014427
1427158041.233,-44.369762
1427158041.249,-45.849915
1427158041.264,-45.580017
1427158041.28,-44.09926
1427158041.295,-42.232887
1427158041.311,-40.749977
1427158041.327,-40.06144
1427158041.342,-40.081375
1427158041.358,-40.339012
1427158041.374,-40.281143
1427158041.389,-39.530365
1427158041.405,-38.04391
1427158041.42,-36.078968
1427158041.436,-33.965096
1427158041.452,-31.914799
1427158041.467,-29.87865
1427158041.483,-27.572578
1427158041.499,-24.595222
1427158041.514,-20.612011
1427158041.53,-15.483589
1427158041.545,-9.337578
1427158041.561,-2.5468864
1427158041.577,4.381344
1427158041.592,10.953995
1427158041.608,16.814861
1427158041.624,21.879894
1427158041.639,26.332233
1427158041.655,30.548737
1427158041.67,34.995834
1427158041.686,40.159676
1427158041.702,46.437397
1427158041.717,54.02702
1427158041.733,62.75744
1427158041.749,71.841545
1427158041.764,79.79565
1427158041.78,84.66722
1427158041.795,84.54018
1427158041.811,78.25714
1427158041.827,65.94461
1427158041.842,49.090927
1427158041.858,30.087471
1427158041.874,11.424473
1427158041.889,-5.094326
1427158041.905,-18.658604
1427158041.92,-29.344757
1427158041.936,-37.65046
1427158041.952,-43.96372
1427158041.967,-48.351856
1427158041.983,-50.70678
1427158041.999,-51.02595
1427158042.014,-49.694427
1427158042.03,-47.448685
1427158042.045,-45.19745
1427158042.061,-43.665077
1427158042.077,-43.130337
1427158042.092,-43.37127
1427158042.108,-43.81563
1427158042.124,-43.858585
1427158042.139,-43.122173
1427158042.155,-41.59628
1427158042.17,-39.59844
1427158042.186,-37.506958
1427158042.202,-35.529625
1427158042.217,-33.540806
1427158042.233,-31.078346
1427158042.249,-27.573215
1427158042.264,-22.62513
1427158042.28,-16.211594
1427158042.295,-8.763824
1427158042.311,-1.0073586
1427158042.327,6.304199
1427158042.342,12.703983
1427158042.358,18.15253
1427158042.374,23.006294
1427158042.389,27.865875
1427158042.405,33.338737
1427158042.42,39.92619
1427158042.436,47.938015
1427158042.452,57.37165
1427158042.467,67.778244
1427158042.483,78.072014
1427158042.499,86.59266
1427158042.514,91.31833
1427158042.53,90.51355
1427158042.545,83.344284
1427158042.561,70.26068
1427158042.577,52.963837
1427158042.592,33.845078
1427158042.608,15.232452
1427158042.624,-1.2615433
1427158042.639,-14.9741745
1427158042.655,-26.003204
1427158042.67,-34.796177
1427158042.686,-41.755615
1427158042.702,-47.06993
1427158042.717,-50.77609
1427158042.733,-52.934624
1427158042.749,-53.75276
1427158042.764,-53.648468
1427158042.78,-53.10595
1427158042.795,-52.556976
1427158042.811,-52.219246
1427158042.827,-52.085808
1427158042.842,-51.9993
1427158042.858,-51.780014
1427158042.874,-51.329704
1427158042.889,-50.640926
1427158042.905,-49.71594
1427158042.92,-48.470715
1427158042.936,-46.696026
1427158042.952,-44.122963
1427158042.967,-40.547024
1427158042.983,-35.987003
1427158042.999,-30.669117
1427158043.014,-24.993595
1427158043.03,-19.31807
1427158043.046,-13.814629
1427158043.061,-8.401932
1427158043.077,-2.8216248
1427158043.092,3.2033844
1427158043.108,9.76498
1427158043.124,16.7221
1427158043.139,23.689362
1427158043.155,30.249752
1427158043.17,36.111095
1427158043.186,41.26213
1427158043.202,46.024815
1427158043.217,50.992508
1427158043.233,56.890366
1427158043.249,64.31451
1427158043.264,73.36882
1427158043.28,83.37683
1427158043.296,92.7466
1427158043.311,99.25064
1427158043.327,100.65758
1427158043.342,95.53694
1427158043.358,83.84515
1427158043.374,67.02053
1427158043.389,47.45446
1427158043.405,27.667355
1427158043.421,9.519424
1427158043.436,-6.091213
1427158043.452,-19.115948
1427158043.467,-29.848003
1427158043.483,-38.542454
1427158043.499,-45.231598
1427158043.514,-49.84938
1427158043.53,-52.49243
1427158043.546,-53.538406
1427158043.561,-53.6013
1427158043.577,-53.31947
1427158043.592,-53.14112
1427158043.608,-53.200573
1427158043.624,-53.322872
1427158043.639,-53.23151
1427158043.655,-52.704117
1427158043.671,-51.766838
1427158043.686,-50.671474
1427158043.702,-49.749416
1427158043.717,-49.198967
1427158043.733,-48.895214
1427158043.749,-48.33105
1427158043.764,-46.842335
1427158043.78,-43.87599
1427158043.796,-39.280075
1427158043.811,-33.412884
1427158043.827,-27.013027
1427158043.842,-20.83091
1427158043.858,-15.339092
1427158043.874,-10.482098
1427158043.889,-5.7956467
1427158043.905,-0.6452141
1427158043.921,5.3802643
1427158043.936,12.26992
1427158043.952,19.542755
1427158043.967,26.515404
1427158043.983,32.577198
1427158043.999,37.50119
1427158044.014,41.50509
1427158044.03,45.21534
1427158044.046,49.408592
1427158044.061,54.834576
1427158044.077,61.979355
1427158044.092,70.856544
1427158044.108,80.763954
1427158044.124,90.25619
1427158044.139,97.2662
1427158044.155,99.62799
1427158044.171,95.77168
1427158044.186,85.32382
1427158044.202,69.384735
1427158044.217,50.183685
1427158044.233,30.384537
1427158044.249,12.177155
1427158044.264,-3.2248764
1427158044.28,-15.629744
1427158044.296,-25.491772
1427158044.311,-33.337776
1427158044.327,-39.461845
1427158044.342,-43.836105
1427158044.358,-46.404648
1427158044.374,-47.297947
1427158044.389,-46.98897
1427158044.405,-46.12643
1427158044.421,-45.32125
1427158044.436,-44.900345
1427158044.452,-44.84781
1427158044.467,-44.942665
1427158044.483,-44.948174
1427158044.499,-44.78752
1427158044.514,-44.52837
1427158044.53,-44.251007
1427158044.546,-43.887146
1427158044.561,-43.141014
1427158044.577,-41.59642
1427158044.592,-38.90314
1427158044.608,-35.023926
1427158044.624,-30.22825
1427158044.639,-25.027288
1427158044.655,-19.882318
1427158044.671,-15.006832
1427158044.686,-10.266051
1427158044.702,-5.3103085
1427158044.717,0.21795368
1427158044.733,6.462036
1427158044.749,13.260971
1427158044.764,20.192835
1427158044.78,26.735308
1427158044.796,32.465603
1427158044.811,37.250282
1427158044.827,41.30208
1427158044.842,45.195557
1427158044.858,49.706264
1427158044.874,55.60147
1427158044.889,63.24949
1427158044.905,72.299866
1427158044.921,81.485344
1427158044.936,88.777756
1427158044.952,91.9142
1427158044.967,89.15184
1427158044.983,79.90274
1427158044.999,65.06367
1427158045.014,46.685642
1427158045.03,27.314331
1427158045.046,9.150075
1427158045.061,-6.484502
1427158045.077,-19.231651
1427158045.092,-29.350145
1427158045.108,-37.252598
1427158045.124,-43.165253
1427158045.139,-47.11542
1427158045.155,-49.148018
1427158045.171,-49.578136
1427158045.186,-49.043434
1427158045.202,-48.38853
1427158045.217,-48.300835
1427158045.233,-49.069996
1427158045.249,-50.46795
1427158045.264,-51.936733
1427158045.28,-52.872917
1427158045.296,-52.9527
1427158045.311,-52.228752
1427158045.327,-51.05572
1427158045.342,-49.801243
1427158045.358,-48.649673
1427158045.374,-47.417637
1427158045.389,-45.68404
1427158045.405,-42.961514
1427158045.421,-38.969635
1427158045.436,-33.80869
1427158045.452,-27.934566
1427158045.467,-21.995317
1427158045.483,-16.549068
1427158045.499,-11.797054
1427158045.514,-7.4906473
1427158045.53,-3.034858
1427158045.546,2.180626
1427158045.561,8.486876
1427158045.577,15.685822
1427158045.592,23.173141
1427158045.608,30.162838
1427158045.624,36.08256
1427158045.639,40.811058
1427158045.655,44.70513
1427158045.671,48.403763
1427158045.686,52.62838
1427158045.702,57.959255
1427158045.717,64.773056
1427158045.733,73.09541
1427158045.749,82.44934
1427158045.764,91.63602
1427158045.78,98.79884
1427158045.796,101.78908
1427158045.811,98.84846
1427158045.827,89.336914
1427158045.842,74.08142
1427158045.858,55.14566
1427158045.874,35.118496
1427158045.889,16.215141
1427158045.905,-0.27335548
1427158045.921,-14.049304
1427158045.936,-25.374258
1427158045.952,-34.584633
1427158045.968,-41.772385
1427158045.983,-46.82757
1427158045.999,-49.691387
1427158046.014,-50.655537
1427158046.03,-50.375534
1427158046.046,-49.713245
1427158046.061,-49.392036
1427158046.077,-49.766716
1427158046.093,-50.716156
1427158046.108,-51.80087
1427158046.124,-52.529915
1427158046.139,-52.625904
1427158046.155,-52.106735
1427158046.171,-51.261
1427158046.186,-50.405144
1427158046.202,-49.678978
1427158046.218,-48.913555
1427158046.233,-47.695663
1427158046.249,-45.51872
1427158046.264,-42.06183
1427158046.28,-37.317047
1427158046.296,-31.61183
1427158046.311,-25.495365
1427158046.327,-19.533634
1427158046.343,-14.079479
1427158046.358,-9.176123
1427158046.374,-4.513626
1427158046.389,0.39515495
1427158046.405,5.9805546
1427158046.421,12.366407
1427158046.436,19.300722
1427158046.452,26.199484
1427158046.468,32.436592
1427158046.483,37.596016
1427158046.499,41.69145
1427158046.514,45.13289
1427158046.53,48.617607
1427158046.546,52.901173
1427158046.561,58.62129
1427158046.577,66.08583
1427158046.593,75.1099
1427158046.608,84.79532
1427158046.624,93.53064
1427158046.639,99.203064
1427158046.655,99.76551
1427158046.671,93.92331
1427158046.686,81.69928
1427158046.702,64.52286
1427158046.718,44.785072
1427158046.733,24.99923
1427158046.749,7.069397
1427158046.764,-8.124384
1427158046.78,-20.556608
1427158046.796,-30.623718
1427158046.811,-38.65623
1427158046.827,-44.723072
1427158046.843,-48.74389
1427158046.858,-50.794807
1427158046.874,-51.295723
1427158046.889,-50.97655
1427158046.905,-50.630093
1427158046.921,-50.8211
1427158046.936,-51.660122
1427158046.952,-52.83538
1427158046.968,-53.79699
1427158046.983,-54.07527
1427158046.999,-53.501534
1427158047.014,-52.289463
1427158047.03,-50.875164
1427158047.046,-49.70117
1427158047.061,-48.917557
1427158047.077,-48.30121
1427158047.093,-47.286373
1427158047.108,-45.247585
1427158047.124,-41.760178
1427158047.139,-36.813896
1427158047.155,-30.867004
1427158047.171,-24.650696
1427158047.186,-18.900658
1427158047.202,-14.054634
1427158047.218,-10.054321
1427158047.233,-6.4217796
1427158047.249,-2.464283
1427158047.264,2.3860626
1427158047.28,8.343639
1427158047.296,15.12455
1427158047.311,22.134583
1427158047.327,28.68011
1427158047.343,34.324768
1427158047.358,38.983
1427158047.374,42.97299
1427158047.389,46.834522
1427158047.405,51.15538
1427158047.421,56.466057
1427158047.436,63.091084
1427158047.452,71.01764
1427158047.468,79.69562
1427158047.483,87.86298
1427158047.499,93.70035
1427158047.514,95.22427
1427158047.53,90.988556
1427158047.546,80.6747
1427158047.561,65.34622
1427158047.577,47.151993
1427158047.593,28.598846
1427158047.608,11.745518
1427158047.624,-2.2967415
1427158047.639,-13.395344
1427158047.655,-22.048008
1427158047.671,-28.811527
1427158047.686,-34.006134
1427158047.702,-37.62687
1427158047.718,-39.542732
1427158047.733,-39.79629
1427158047.749,-38.74305
1427158047.764,-37.03727
1427158047.78,-35.42443
1427158047.796,-34.52661
1427158047.811,-34.55913
1427158047.827,-35.38612
1427158047.843,-36.5509
1427158047.858,-37.545063
1427158047.874,-37.98793
1427158047.889,-37.75145
1427158047.905,-36.918774
1427158047.921,-35.661
1427158047.936,-34.10342
1427158047.952,-32.224365
1427158047.968,-29.870739
1427158047.983,-26.86916
1427158047.999,-23.100075
1427158048.014,-18.54451
1427158048.03,-13.300377
1427158048.046,-7.5274467
1427158048.061,-1.4323044
1427158048.077,4.756752
1427158048.093,10.84103
1427158048.108,16.656223
1427158048.124,22.137936
1427158048.139,27.300457
1427158048.155,32.29247
1427158048.171,37.38527
1427158048.186,42.949703
1427158048.202,49.397327
1427158048.218,56.989586
1427158048.233,65.56993
1427158048.249,74.30505
1427158048.264,81.610596
1427158048.28,85.47148
1427158048.296,84.037926
1427158048.311,76.41715
1427158048.327,63.049656
1427158048.343,45.720867
1427158048.358,26.920319
1427158048.374,9.005096
1427158048.389,-6.482422
1427158048.405,-19.0234
1427158048.421,-28.854012
1427158048.436,-36.46815
1427158048.452,-42.20609
1427158048.468,-46.160023
1427158048.483,-48.34368
1427158048.499,-48.92772
1427158048.514,-48.348373
1427158048.53,-47.164806
1427158048.546,-45.916286
1427158048.561,-44.89328
1427158048.577,-44.173004
1427158048.593,-43.67387
1427158048.608,-43.30885
1427158048.624,-43.01901
1427158048.64,-42.793594
1427158048.655,-42.558174
1427158048.671,-42.15823
1427158048.686,-41.350086
1427158048.702,-39.890144
1427158048.718,-37.622128
1427158048.733,-34.53123
1427158048.749,-30.722744
1427158048.765,-26.361809
1427158048.78,-21.57014
1427158048.796,-16.410774
1427158048.811,-10.843811
1427158048.827,-4.8398476
1427158048.843,1.6048546
1427158048.858,8.34391
1427158048.874,15.135933
1427158048.89,21.66964
1427158048.905,27.70269
1427158048.921,33.118877
1427158048.936,38.0002
1427158048.952,42.617016
1427158048.968,47.42143
1427158048.983,52.945187
1427158048.999,59.672367
1427158049.015,67.737686
1427158049.03,76.615845
1427158049.046,84.98979
1427158049.061,90.93077
1427158049.077,92.39236
1427158049.093,87.95928
1427158049.108,77.389046
1427158049.124,61.81515
1427158049.14,43.329647
1427158049.155,24.31203
1427158049.171,6.687004
1427158049.186,-8.447798
1427158049.202,-20.83497
1427158049.218,-30.684357
1427158049.233,-38.305893
1427158049.249,-43.870247
1427158049.265,-47.4858
1427158049.28,-49.284172
1427158049.296,-49.647873
1427158049.311,-49.16197
1427158049.327,-48.499634
1427158049.343,-48.166824
1427158049.358,-48.362217
1427158049.374,-48.931305
1427158049.39,-49.473915
1427158049.405,-49.607933
1427158049.421,-49.165
1427158049.436,-48.276234
1427158049.452,-47.284813
1427158049.468,-46.511642
1427158049.483,-46.046486
1427158049.499,-45.618675
1427158049.515,-44.685295
1427158049.53,-42.66083
1427158049.546,-39.21249
1427158049.561,-34.400032
1427158049.577,-28.732536
1427158049.593,-22.918983
1427158049.608,-17.59163
1427158049.624,-13.026539
1427158049.64,-9.0651245
1427158049.655,-5.198757
1427158049.671,-0.8420639
1427158049.686,4.4164505
1427158049.702,10.601814
1427158049.718,17.346367
1427158049.733,24.077255
1427158049.749,30.261467
1427158049.765,35.59454
1427158049.78,40.183723
1427158049.796,44.43117
1427158049.811,48.96091
1427158049.827,54.383144
1427158049.843,61.19599
1427158049.858,69.52408
1427158049.874,78.96017
1427158049.89,88.37752
1427158049.905,96.02464
1427158049.921,99.83303
1427158049.936,98.0874
1427158049.952,90.04196
1427158049.968,76.304794
1427158049.983,58.675407
1427158049.999,39.57423
1427158050.015,21.199116
1427158050.03,4.961609
1427158050.046,-8.7085
1427158050.061,-20.054657
1427158050.077,-29.48317
1427158050.093,-37.164387
1427158050.108,-42.96325
1427158050.124,-46.66063
1427158050.14,-48.30026
1427158050.155,-48.325523
1427158050.171,-47.529472
1427158050.186,-46.737778
1427158050.202,-46.51203
1427158050.218,-46.967796
1427158050.233,-47.842342
1427158050.249,-48.701023
1427158050.265,-49.20843
1427158050.28,-49.277374
1427158050.296,-49.049805
1427158050.311,-48.746506
1427158050.327,-48.512215
1427158050.343,-48.273983
1427158050.358,-47.74049
1427158050.374,-46.497288
1427158050.39,-44.157406
1427158050.405,-40.50435
1427158050.421,-35.62746
1427158050.436,-29.913704
1427158050.452,-23.995823
1427158050.468,-18.475065
1427158050.483,-13.7276535
1427158050.499,-9.699169
1427158050.515,-5.931278
1427158050.53,-1.7864075
1427158050.546,3.2462654
1427158050.561,9.282669
1427158050.577,15.972973
1427158050.593,22.696587
1427158050.608,28.800064
1427158050.624,33.92224
1427158050.64,38.070545
1427158050.655,41.62649
1427158050.671,45.142345
1427158050.686,49.228115
1427158050.702,54.41159
1427158050.718,61.038376
1427158050.733,69.05008
1427158050.749,77.801186
1427158050.765,85.929276
1427158050.78,91.52568
1427158050.796,92.62434
1427158050.811,87.87845
1427158050.827,77.138794
1427158050.843,61.620056
1427158050.858,43.495956
1427158050.874,25.190487
1427158050.89,8.623245
1427158050.905,-5.215019
1427158050.921,-16.217693
1427158050.936,-24.756798
1427158050.952,-31.27782
1427158050.968,-35.993034
1427158050.983,-38.982056
1427158050.999,-40.33143
1427158051.015,-40.353844
1427158051.03,-39.59448
1427158051.046,-38.670033
1427158051.061,-38.080368
1427158051.077,-38.065468
1427158051.093,-38.560593
1427158051.108,-39.32859
1427158051.124,-40.074104
1427158051.14,-40.6064
1427158051.155,-40.796127
1427158051.171,-40.603287
1427158051.186,-39.937675
1427158051.202,-38.689247
1427158051.218,-36.73082
1427158051.233,-34.01332
1427158051.249,-30.625656
1427158051.265,-26.790592
1427158051.28,-22.732775
1427158051.296,-18.554928
1427158051.312,-14.177763
1427158051.327,-9.406874
1427158051.343,-4.052614
1427158051.358,1.8633308
1427158051.374,8.1036415
1427158051.39,14.236979
1427158051.405,19.851892
1427158051.421,24.718151
1427158051.437,28.928614
1427158051.452,32.847916
1427158051.468,37.046635
1427158051.483,42.128174
1427158051.499,48.58854
1427158051.515,56.58283
1427158051.53,65.68017
1427158051.546,74.70947
1427158051.562,81.86358
1427158051.577,85.10389
1427158051.593,82.84582
1427158051.608,74.56594
1427158051.624,61.11577
1427158051.64,44.400867
1427158051.655,26.757877
1427158051.671,10.123462
1427158051.687,-4.397973
1427158051.702,-16.594574
1427158051.718,-26.732468
1427158051.733,-35.11868
1427158051.749,-41.785793
1427158051.765,-46.55816
1427158051.78,-49.28081
1427158051.796,-50.087326
1427158051.812,-49.478996
1427158051.827,-48.197464
1427158051.843,-46.921726
1427158051.858,-46.088272
1427158051.874,-45.75597
1427158051.89,-45.729515
1427158051.905,-45.73978
1427158051.921,-45.651787
1427158051.937,-45.50182
1427158051.952,-45.402233
1427158051.968,-45.370502
1427158051.983,-45.210896
1427158051.999,-44.493443
1427158052.015,-42.75227
1427158052.03,-39.67263
1427158052.046,-35.33156
1427158052.062,-30.138353
1427158052.077,-24.699265
1427158052.093,-19.485233
1427158052.108,-14.696496
1427158052.124,-10.114834
1427158052.14,-5.315303
1427158052.155,0.14508057
1427158052.171,6.4502196
1427158052.187,13.434448
1427158052.202,20.631618
1427158052.218,27.461987
1427158052.233,33.47914
1427158052.249,38.538807
1427158052.265,42.8731
1427158052.28,47.036583
1427158052.296,51.772305
1427158052.312,57.776394
1427158052.327,65.42868
1427158052.343,74.51725
1427158052.358,83.995186
1427158052.374,92.09428
1427158052.39,96.607056
1427158052.405,95.617
1427158052.421,88.142105
1427158052.437,74.60974
1427158052.452,56.73033
1427158052.468,36.986893
1427158052.483,17.796635
1427158052.499,0.85205626
1427158052.515,-13.168491
1427158052.53,-24.377771
1427158052.546,-33.214
1427158052.562,-40.033905
1427158052.577,-44.94854
1427158052.593,-47.937756
1427158052.608,-49.140003
1427158052.624,-48.98471
1427158052.64,-48.211388
1427158052.655,-47.586735
1427158052.671,-47.671074
1427158052.687,-48.56461
1427158052.702,-49.964695
1427158052.718,-51.298306
1427158052.733,-52.057182
1427158052.749,-51.996487
1427158052.765,-51.261173
1427158052.78,-50.243034
1427158052.796,-49.31095
1427158052.812,-48.581707
1427158052.827,-47.828312
1427158052.843,-46.558598
1427158052.858,-44.28396
1427158052.874,-40.716103
1427158052.89,-35.957294
1427158052.905,-30.403355
1427158052.921,-24.613369
1427158052.937,-19.06475
1427158052.952,-14.005546
1427158052.968,-9.387286
1427158052.983,-4.919119
1427158052.999,-0.21354938
1427158053.015,5.044743
1427158053.03,10.957471
1427158053.046,17.354883
1427158053.062,23.83399
1427158053.077,29.916956
1427158053.093,35.24712
1427158053.108,39.739525
1427158053.124,43.630653
1427158053.14,47.429913
1427158053.155,51.7885
1427158053.171,57.347553
1427158053.187,64.56275
1427158053.202,73.45463
1427158053.218,83.37229
1427158053.233,92.85935
1427158053.249,99.859055
1427158053.265,102.179665
1427158053.28,98.26103
1427158053.296,87.77687
1427158053.312,71.83593
1427158053.327,52.62374
1427158053.343,32.699955
1427158053.358,14.159157
1427158053.374,-1.7743582
1427158053.39,-14.815741
1427158053.405,-25.25262
1427158053.421,-33.49027
1427158053.437,-39.7683
1427158053.452,-44.163284
1427158053.468,-46.73322
1427158053.483,-47.760864
1427158053.499,-47.7978
1427158053.515,-47.537422
1427158053.53,-47.59714
1427158053.546,-48.290325
1427158053.562,-49.51662
1427158053.577,-50.864838
1427158053.593,-51.843994
1427158053.608,-52.128235
1427158053.624,-51.709747
1427158053.64,-50.862595
1427158053.655,-49.930817
1427158053.671,-49.075928
1427158053.687,-48.124985
1427158053.702,-46.61827
1427158053.718,-44.05165
1427158053.733,-40.140945
1427158053.749,-35.003643
1427158053.765,-29.160267
1427158053.78,-23.338505
1427158053.796,-18.154003
1427158053.812,-13.840628
1427158053.827,-10.155419
1427158053.843,-6.4780865
1427158053.858,-2.151738
1427158053.874,3.2354774
1427158053.89,9.615113
1427158053.905,16.5024
1427158053.921,23.200388
1427158053.937,29.11595
1427158053.952,34.003082
1427158053.968,38.020332
1427158053.984,41.66769
1427158053.999,45.59647
1427158054.015,50.476032
1427158054.03,56.818176
1427158054.046,64.76014
1427158054.062,73.86998
1427158054.077,82.96073
1427158054.093,90.19366
1427158054.108,93.460236
1427158054.124,91.09054
1427158054.14,82.434074
1427158054.155,68.24782
1427158054.171,50.418903
1427158054.187,31.393795
1427158054.202,13.366797
1427158054.218,-2.251248
1427158054.234,-14.9327755
1427158054.249,-24.807178
1427158054.265,-32.226147
1427158054.28,-37.460674
1427158054.296,-40.63881
1427158054.312,-41.903618
1427158054.327,-41.582848
1427158054.343,-40.219933
1427158054.359,-38.544827
1427158054.374,-37.19902
1427158054.39,-36.62443
1427158054.405,-36.879524
1427158054.421,-37.74791
1427158054.437,-38.842037
1427158054.452,-39.800304
1427158054.468,-40.393642
1427158054.484,-40.501396
1427158054.499,-40.09804
1427158054.515,-39.13632
1427158054.53,-37.55733
1427158054.546,-35.3409
1427158054.562,-32.49777
1427158054.577,-29.123001
1427158054.593,-25.292412
1427158054.609,-21.019262
1427158054.624,-16.231194
1427158054.64,-10.873773
1427158054.655,-4.93169
1427158054.671,1.4444075
1427158054.687,8.001474
1427158054.702,14.447388
1427158054.718,20.573435
1427158054.734,26.310514
1427158054.749,31.737057
1427158054.765,37.059807
1427158054.78,42.597927
1427158054.796,48.759308
1427158054.812,55.927162
1427158054.827,64.19856
1427158054.843,73.12645
1427158054.859,81.462616
1427158054.874,87.36235
1427158054.89,88.81141
1427158054.905,84.39439
1427158054.921,73.85385
1427158054.937,58.322186
1427158054.952,39.91869
1427158054.968,21.06314
1427158054.984,3.721365
1427158054.999,-11.008476
1427158055.015,-22.922054
1427158055.03,-32.32338
1427158055.046,-39.641235
1427158055.062,-45.1315
1427158055.077,-48.893044
1427158055.093,-50.994453
1427158055.109,-51.6645
1427158055.124,-51.271503
1427158055.14,-50.31774
1427158055.155,-49.250565
1427158055.171,-48.367786
1427158055.187,-47.78551
1427158055.202,-47.45161
1427158055.218,-47.254467
1427158055.234,-47.04608
1427158055.249,-46.677254
1427158055.265,-46.027275
1427158055.28,-44.965137
1427158055.296,-43.370262
1427158055.312,-41.141075
1427158055.327,-38.24882
1427158055.343,-34.6793
1427158055.359,-30.512562
1427158055.374,-25.800755
1427158055.39,-20.627613
1427158055.405,-15.011875
1427158055.421,-8.973347
1427158055.437,-2.5189667
1427158055.452,4.2667046
1427158055.468,11.200157
1427158055.484,18.02356
1427158055.499,24.452572
1427158055.515,30.27533
1427158055.53,35.471867
1427158055.546,40.25202
1427158055.562,45.041386
1427158055.577,50.408157
1427158055.593,56.924305
1427158055.609,64.83591
1427158055.624,73.87981
1427158055.64,83.02765
1427158055.655,90.59072
1427158055.671,94.537994
1427158055.687,93.1405
1427158055.702,85.57605
1427158055.718,72.310074
1427158055.734,54.982315
1427158055.749,35.898346
1427158055.765,17.284702
1427158055.78,0.68855286
1427158055.796,-13.242729
1427158055.812,-24.602547
1427158055.827,-33.780888
1427158055.843,-41.09118
1427158055.859,-46.64005
1427158055.874,-50.361954
1427158055.89,-52.308167
1427158055.905,-52.761158
1427158055.921,-52.30476
1427158055.937,-51.593693
1427158055.952,-51.190144
1427158055.968,-51.327957
1427158055.984,-51.88666
1427158055.999,-52.516212
1427158056.015,-52.873207
1427158056.03,-52.78287
1427158056.046,-52.303406
1427158056.062,-51.60299
1427158056.077,-50.757347
1427158056.093,-49.602966
1427158056.109,-47.74305
1427158056.124,-44.752274
1427158056.14,-40.398415
1427158056.155,-34.866333
1427158056.171,-28.717804
1427158056.187,-22.670189
1427158056.202,-17.266819
1427158056.218,-12.590477
1427158056.234,-8.278374
1427158056.249,-3.6461868
1427158056.265,1.8712959
1427158056.28,8.469612
1427158056.296,15.845379
1427158056.312,23.325386
1427158056.327,30.182938
1427158056.343,35.958954
1427158056.359,40.65013
1427158056.374,44.71273
1427158056.39,48.88893
1427158056.405,54.004646
1427158056.421,60.672787
1427158056.437,69.06566
1427158056.452,78.708115
1427158056.468,88.37696
1427158056.484,96.180466
1427158056.499,100.00432
1427158056.515,98.07388
1427158056.53,89.663185
1427158056.546,75.38684
1427158056.562,57.10472
1427158056.577,37.276577
1427158056.593,18.210503
1427158056.609,1.361351
1427158056.624,-12.785027
1427158056.64,-24.430782
1427158056.656,-33.998375
1427158056.671,-41.702747
1427158056.687,-47.504772
1427158056.702,-51.29738
1427158056.718,-53.194942
1427158056.734,-53.68793
1427158056.749,-53.48882
1427158056.765,-53.27561
1427158056.78,-53.396797
1427158056.796,-53.80466
1427158056.812,-54.146545
1427158056.827,-54.061516
1427158056.843,-53.397484
1427158056.859,-52.340237
1427158056.874,-51.246674
1427158056.89,-50.46404
1427158056.906,-50.057297
1427158056.921,-49.699863
1427158056.937,-48.815422
1427158056.952,-46.79848
1427158056.968,-43.323555
1427158056.984,-38.485657
1427158056.999,-32.79641
1427158057.015,-26.950016
1427158057.031,-21.528301
1427158057.046,-16.771832
1427158057.062,-12.462055
1427158057.077,-8.078243
1427158057.093,-3.0262222
1427158057.109,3.0351334
1427158057.124,10.031075
1427158057.14,17.470718
1427158057.156,24.653683
1427158057.171,30.948555
1427158057.187,36.066055
1427158057.202,40.146217
1427158057.218,43.736214
1427158057.234,47.622715
1427158057.249,52.567833
1427158057.265,59.144894
1427158057.281,67.44521
1427158057.296,76.88547
1427158057.312,86.083405
1427158057.327,93.034676
1427158057.343,95.610405
1427158057.359,92.21808
1427158057.374,82.42824
1427158057.39,67.21472
1427158057.406,48.69423
1427158057.421,29.41914
1427158057.437,11.600441
1427158057.452,-3.4815464
1427158057.468,-15.507889
1427158057.484,-24.845291
1427158057.499,-32.01508
1427158057.515,-37.358517
1427158057.531,-40.953995
1427158057.546,-42.792442
1427158057.562,-43.02502
1427158057.577,-42.10048
1427158057.593,-40.686745
1427158057.609,-39.474316
1427158057.624,-38.895096
1427158057.64,-39.051678
1427158057.656,-39.72735
1427158057.671,-40.566666
1427158057.687,-41.2463
1427158057.702,-41.596275
1427158057.718,-41.55116
1427158057.734,-41.0767
1427158057.749,-40.074883
1427158057.765,-38.434166
1427158057.781,-36.049873
1427158057.796,-32.943317
1427158057.812,-29.284586
1427158057.827,-25.297945
1427158057.843,-21.143452
1427158057.859,-16.794323
1427158057.874,-12.071362
1427158057.89,-6.7658825
1427158057.906,-0.7898083
1427158057.921,5.670088
1427158057.937,12.210909
1427158057.952,18.344774
1427158057.968,23.754286
1427158057.984,28.43633
1427158057.999,32.744045
1427158058.015,37.264374
1427158058.031,42.63903
1427158058.046,49.34848
1427158058.062,57.496483
1427158058.077,66.6118
1427158058.093,75.5641
1427158058.109,82.66521
1427158058.124,86.04632
1427158058.14,84.18602
1427158058.156,76.46872
1427158058.171,63.482235
1427158058.187,46.882042
1427158058.202,28.868563
1427158058.218,11.509811
1427158058.234,-3.7910767
1427158058.249,-16.484068
1427158058.265,-26.672329
1427158058.281,-34.715504
1427158058.296,-40.872795
1427158058.312,-45.1802
1427158058.327,-47.612465
1427158058.343,-48.282684
1427158058.359,-47.615246
1427158058.374,-46.28851
1427158058.39,-45.060703
1427158058.406,-44.468376
1427158058.421,-44.64112
1427158058.437,-45.304718
1427158058.452,-46.006485
1427158058.468,-46.362988
1427158058.484,-46.283916
1427158058.499,-45.938354
1427158058.515,-45.593925
1427158058.531,-45.319283
1427158058.546,-44.883602
1427158058.562,-43.777985
1427158058.577,-41.47782
1427158058.593,-37.70111
1427158058.609,-32.599155
1427158058.624,-26.701035
1427158058.64,-20.764606
1427158058.656,-15.403528
1427158058.671,-10.860963
1427158058.687,-6.908223
1427158058.702,-2.942748
1427158058.718,1.7079628
1427158058.734,7.479973
1427158058.749,14.326345
1427158058.765,21.735317
1427158058.781,28.921587
1427158058.796,35.2061
1427158058.812,40.311966
1427158058.827,44.454365
1427158058.843,48.296066
1427158058.859,52.678005
1427158058.874,58.37924
1427158058.89,65.81055
1427158058.906,74.80887
1427158058.921,84.44834
1427158058.937,93.07942
1427158058.952,98.60455
1427158058.968,99.064224
1427158058.984,93.29938
1427158058.999,81.45111
1427158059.015,64.987076
1427158059.031,46.19969
1427158059.046,27.442394
1427158059.062,10.403265
1427158059.077,-4.17182
1427158059.093,-16.310207
1427158059.109,-26.359194
1427158059.124,-34.56796
1427158059.14,-40.95664
1427158059.156,-45.43991
1427158059.171,-48.069233
1427158059.187,-49.164383
1427158059.202,-49.284447
1427158059.218,-49.053406
1427158059.234,-48.998165
1427158059.249,-49.377365
1427158059.265,-50.202053
1427158059.281,-51.274704
1427158059.296,-52.331684
1427158059.312,-53.10388
1427158059.327,-53.427094
1427158059.343,-53.238102
1427158059.359,-52.54364
1427158059.374,-51.400955
1427158059.39,-49.852646
1427158059.406,-47.89495
1427158059.421,-45.497128
1427158059.437,-42.591957
1427158059.452,-39.13427
1427158059.468,-35.113007
1427158059.484,-30.598274
1427158059.499,-25.720745
1427158059.515,-20.724503
1427158059.531,-15.857952
1427158059.546,-11.335119
1427158059.562,-7.2084217
1427158059.578,-3.315977
1427158059.593,0.6654587
1427158059.609,5.1071625
1427158059.624,10.253273
1427158059.64,16.083302
1427158059.656,22.322723
1427158059.671,28.531235
1427158059.687,34.286644
1427158059.703,39.34642
1427158059.718,43.768497
1427158059.734,47.8338
1427158059.749,52.00572
1427158059.765,56.80099
1427158059.781,62.714542
1427158059.796,70.01172
1427158059.812,78.56883
1427158059.828,87.58791
1427158059.843,95.55249
1427158059.859,100.46533
1427158059.874,100.41707
1427158059.89,94.264915
1427158059.906,82.14624
1427158059.921,65.48971
1427158059.937,46.561306
1427158059.953,27.682877
1427158059.968,10.57843
1427158059.984,-3.9522095
1427158059.999,-15.850426
1427158060.015,-25.436478
1427158060.031,-32.98022
1427158060.046,-38.56548
1427158060.062,-42.177174
1427158060.078,-43.94866
1427158060.093,-44.275097
1427158060.109,-43.83798
1427158060.124,-43.38088
1427158060.14,-43.503494
1427158060.156,-44.424953
1427158060.171,-45.953125
1427158060.187,-47.595825
1427158060.203,-48.808796
1427158060.218,-49.263317
1427158060.234,-48.97931
1427158060.249,-48.270546
1427158060.265,-47.54881
1427158060.281,-47.009113
1427158060.296,-46.53876
1427158060.312,-45.715862
1427158060.328,-44.035275
1427158060.343,-41.136074
1427158060.359,-37.004448
1427158060.374,-31.93792
1427158060.39,-26.436874
1427158060.406,-20.9957
1427158060.421,-15.953991
1427158060.437,-11.382462
1427158060.453,-7.1183662
1427158060.468,-2.8200226
1427158060.484,1.8628998
1427158060.499,7.150444
1427158060.515,13.011681
1427158060.531,19.16307
1427158060.546,25.136497
1427158060.562,30.500439
1427158060.578,35.029118
1427158060.593,38.809235
1427158060.609,42.22774
1427158060.624,45.82241
1427158060.64,50.163677
1427158060.656,55.686153
1427158060.671,62.556576
1427158060.687,70.47975
1427158060.703,78.54144
1427158060.718,85.2169
1427158060.734,88.62468
1427158060.749,87.07733
1427158060.765,79.69006
1427158060.781,66.850525
1427158060.796,50.15742
1427158060.812,31.934235
1427158060.828,14.464626
1427158060.843,-0.6694298
1427158060.859,-12.853966
1427158060.874,-22.239136
1427158060.89,-29.30959
1427158060.906,-34.45244
1427158060.921,-37.836212
1427158060.937,-39.524086
1427158060.953,-39.70382
1427158060.968,-38.825493
1427158060.984,-37.546913
1427158060.999,-36.4961
1427158061.015,-36.103745
1427158061.031,-36.42758
1427158061.046,-37.25582
1427158061.062,-38.20593
1427158061.078,-38.940094
1427158061.093,-39.23309
1427158061.109,-38.997784
1427158061.124,-38.231422
1427158061.14,-36.978157
1427158061.156,-35.277206
1427158061.171,-33.144848
1427158061.187,-30.557957
1427158061.203,-27.442558
1427158061.218,-23.676777
1427158061.234,-19.163239
1427158061.249,-13.869568
1427158061.265,-7.942772
1427158061.281,-1.6597214
1427158061.296,4.5902214
1427158061.312,10.492477
1427158061.328,15.884953
1427158061.343,20.89598
1427158061.359,25.867588
1427158061.374,31.268497
1427158061.39,37.504498
1427158061.406,44.859734
1427158061.421,53.383327
1427158061.437,62.802704
1427158061.453,72.407776
1427158061.468,81.007835
1427158061.484,87.03908
1427158061.499,88.94397
1427158061.515,85.656105
1427158061.531,77.04707
1427158061.546,64.023605
1427158061.562,48.30621
1427158061.578,31.84055
1427158061.593,16.270203
1427158061.609,2.5832596
1427158061.624,-8.844208
1427158061.64,-18.022984
1427158061.656,-25.038376
1427158061.671,-29.91341
1427158061.687,-32.659985
1427158061.703,-33.43414
1427158061.718,-32.608135
1427158061.734,-30.735899
1427158061.749,-28.396614
1427158061.765,-26.028864
1427158061.781,-23.847603
1427158061.796,-21.855335
1427158061.812,-19.963211
1427158061.828,-18.127005
1427158061.843,-16.349623
1427158061.859,-14.6961775
1427158061.874,-13.135114
1427158061.89,-11.479331
1427158061.906,-9.364115
1427158061.921,-6.3910255
1427158061.937,-2.2936811
1427158061.953,2.884378
1427158061.968,8.791998
1427158061.984,14.8745
1427158061.999,20.609472
1427158062.015,25.74736
1427158062.031,30.372551
1427158062.046,34.8924
1427158062.062,39.907486
1427158062.078,45.990433
1427158062.093,53.464035
1427158062.109,62.125847
1427158062.124,71.13919
1427158062.14,78.98505
1427158062.156,83.804504
1427158062.171,83.87509
1427158062.187,78.225
1427158062.203,66.99233
1427158062.218,51.489983
1427158062.234,33.76507
1427158062.25,15.965767
1427158062.265,-0.26407623
1427158062.281,-14.093327
1427158062.296,-25.44321
1427158062.312,-34.621765
1427158062.328,-42.007393
1427158062.343,-47.783577
1427158062.359,-51.96673
1427158062.375,-54.50463
1427158062.39,-55.4778
1427158062.406,-55.128304
1427158062.421,-53.893456
1427158062.437,-52.240097
1427158062.453,-50.580368
1427158062.468,-49.10997
1427158062.484,-47.835045
1427158062.5,-46.626953
1427158062.515,-45.303062
1427158062.531,-43.73207
1427158062.546,-41.82525
1427158062.562,-39.478348
1427158062.578,-36.52643
1427158062.593,-32.713676
1427158062.609,-27.763847
1427158062.625,-21.501366
1427158062.64,-13.942749
1427158062.656,-5.3227844
1427158062.671,3.9319916
1427158062.687,13.420731
1427158062.703,22.856003
1427158062.718,32.235626
1427158062.734,41.779114
1427158062.75,51.694626
1427158062.765,61.87375
1427158062.781,71.619415
1427158062.796,79.59047
1427158062.812,84.08458
1427158062.828,83.52138
1427158062.843,77.01337
1427158062.859,64.67966
1427158062.875,47.674713
1427158062.89,27.832382
1427158062.906,7.175476
1427158062.921,-12.512039
1427158062.937,-29.947952
1427158062.953,-44.42621
1427158062.968,-55.731033
1427158062.984,-64.08734
1427158063,-70.01662
1427158063.015,-74.219925
1427158063.031,-77.412704
1427158063.046,-80.184494
1427158063.062,-82.884
1427158063.078,-85.665695
1427158063.093,-88.48714
1427158063.109,-91.227554
1427158063.125,-93.7207
1427158063.14,-95.77875
1427158063.156,-97.20262
1427158063.171,-97.806046
1427158063.187,-97.41893
1427158063.203,-95.925095
1427158063.218,-93.27713
1427158063.234,-89.4666
1427158063.25,-84.53244
1427158063.265,-78.58597
1427158063.281,-71.81688
1427158063.296,-64.51094
1427158063.312,-57.01921
1427158063.328,-49.729355
1427158063.343,-42.914093
1427158063.359,-36.675705
1427158063.375,-30.79802
1427158063.39,-24.779984
1427158063.406,-17.920898
1427158063.421,-9.584351
1427158063.437,0.5517731
1427158063.453,12.301727
1427158063.468,24.961472
1427158063.484,37.365097
1427158063.5,48.147507
1427158063.515,55.945984
1427158063.531,59.70282
1427158063.546,58.84353
1427158063.562,53.45182
1427158063.578,44.251152
1427158063.593,32.48207
1427158063.609,19.592339
1427158063.625,6.9493484
1427158063.64,-4.4371414
1427158063.656,-13.977097
1427158063.671,-21.4262
1427158063.687,-26.68827
1427158063.703,-29.721527
1427158063.718,-30.541061
1427158063.734,-29.335243
1427158063.75,-26.544186
1427158063.765,-22.876026
1427158063.781,-19.118317
1427158063.796,-15.944904
1427158063.812,-13.724113
1427158063.828,-12.49427
1427158063.843,-12.015989
1427158063.859,-11.983562
1427158063.875,-12.113001
1427158063.89,-12.238958
1427158063.906,-12.223907
1427158063.921,-11.944165
1427158063.937,-11.166982
1427158063.953,-9.671566
1427158063.968,-7.259778
1427158063.984,-3.9309998
1427158064,0.15509033
1427158064.015,4.6881695
1427158064.031,9.388117
1427158064.046,14.128366
1427158064.062,19.036232
1427158064.078,24.433014
1427158064.093,30.696377
1427158064.109,38.020535
1427158064.125,46.295113
1427158064.14,55.056038
1427158064.156,63.690586
1427158064.171,71.625595
1427158064.187,78.60155
1427158064.203,84.7246
1427158064.218,90.41568
1427158064.234,96.24399
1427158064.25,102.77435
1427158064.265,110.40344
1427158064.281,119.21984
1427158064.296,128.82346
1427158064.312,138.15726
1427158064.328,145.49707
1427158064.343,148.79393
1427158064.359,146.24274
1427158064.375,136.95854
1427158064.39,121.38967
1427158064.406,101.23348
1427158064.421,78.80634
1427158064.437,56.331596
1427158064.453,35.277733
1427158064.468,16.26513
1427158064.484,-0.6848755
1427158064.5,-15.673256
1427158064.515,-28.618492
1427158064.531,-39.2034
1427158064.546,-47.15488
1427158064.562,-52.510242
1427158064.578,-55.744144
1427158064.593,-57.655315
1427158064.609,-59.086277
1427158064.625,-60.628323
1427158064.64,-62.493797
1427158064.656,-64.52269
1427158064.671,-66.391884
1427158064.687,-67.79178
1427158064.703,-68.62369
1427158064.718,-68.964005
1427158064.734,-68.99428
1427158064.75,-68.84102
1427158064.765,-68.45546
1427158064.781,-67.602425
1427158064.796,-65.95056
1427158064.812,-63.20192
1427158064.828,-59.251762
1427158064.843,-54.241665
1427158064.859,-48.54957
1427158064.875,-42.655632
1427158064.89,-37.015663
1427158064.906,-31.839481
1427158064.922,-27.082169
1427158064.937,-22.395424
1427158064.953,-17.367271
1427158064.968,-11.6563
1427158064.984,-5.224148
1427158065,1.6801949
1427158065.015,8.56126
1427158065.031,14.922554
1427158065.046,20.434368
1427158065.062,25.100082
1427158065.078,29.21392
1427158065.093,33.295013
1427158065.109,37.91157
1427158065.125,43.562965
1427158065.14,50.529312
1427158065.156,58.749527
1427158065.172,67.66017
1427158065.187,76.11343
1427158065.203,82.47833
1427158065.218,85.009186
1427158065.234,82.3518
1427158065.25,74.07498
1427158065.265,60.871346
1427158065.281,44.394722
1427158065.297,26.718918
1427158065.312,9.710606
1427158065.328,-5.4085045
1427158065.343,-18.164188
1427158065.359,-28.595886
1427158065.375,-36.919014
1427158065.39,-43.25448
1427158065.406,-47.59157
1427158065.422,-49.96839
1427158065.437,-50.59689
1427158065.453,-49.994846
1427158065.468,-48.849255
1427158065.484,-47.838287
1427158065.5,-47.403965
1427158065.515,-47.667023
1427158065.531,-48.424484
1427158065.547,-49.326523
1427158065.562,-50.0296
1427158065.578,-50.341526
1427158065.593,-50.261837
1427158065.609,-49.91189
1427158065.625,-49.38121
1427158065.64,-48.677017
1427158065.656,-47.63617
1427158065.672,-46.0193
1427158065.687,-43.5894
1427158065.703,-40.254482
1427158065.718,-36.122494
1427158065.734,-31.485256
1427158065.75,-26.696228
1427158065.765,-22.082264
1427158065.781,-17.77198
1427158065.797,-13.696465
1427158065.812,-9.588676
1427158065.828,-5.1963577
1427158065.843,-0.31959534
1427158065.859,5.0162506
1427158065.875,10.592758
1427158065.89,16.073296
1427158065.906,21.119522
1427158065.922,25.510155
1427158065.937,29.232338
1427158065.953,32.460327
1427158065.968,35.57212
1427158065.984,39.0615
1427158066,43.42653
1427158066.015,48.965736
1427158066.031,55.54798
1427158066.047,62.422813
1427158066.062,68.269104
1427158066.078,71.451965
1427158066.093,70.54868
1427158066.109,64.85724
1427158066.125,54.71305
1427158066.14,41.39318
1427158066.156,26.713432
1427158066.172,12.402733
1427158066.187,-0.31124115
1427158066.203,-10.893524
1427158066.218,-19.341797
1427158066.234,-25.885544
1427158066.25,-30.738602
1427158066.265,-34.000748
1427158066.281,-35.72351
1427158066.297,-36.061523
1427158066.312,-35.368576
1427158066.328,-34.163116
1427158066.343,-32.952637
1427158066.359,-32.118927
1427158066.375,-31.754944
1427158066.39,-31.727097
1427158066.406,-31.770996
1427158066.422,-31.670364
1427158066.437,-31.367752
1427158066.453,-30.998352
1427158066.468,-30.761246
1427158066.484,-30.763916
1427158066.5,-30.908646
1427158066.515,-30.872757
1427158066.531,-30.235489
1427158066.547,-28.651962
1427158066.562,-25.992996
1427158066.578,-22.419144
1427158066.593,-18.311707
1427158066.609,-14.142166
1427158066.625,-10.307602
1427158066.64,-7.0184784
1427158066.656,-4.2317505
1427158066.672,-1.7099457
1427158066.687,0.8969574
1427158066.703,3.848648
1427158066.718,7.2361298
1427158066.734,10.908981
1427158066.75,14.557617
1427158066.765,17.84607
1427158066.781,20.582474
1427158066.797,22.818863
1427158066.812,24.852081
1427158066.828,27.081543
1427158066.843,29.91658
1427158066.859,33.59636
1427158066.875,38.17743
1427158066.89,43.40509
1427158066.906,48.714447
1427158066.922,53.19673
1427158066.937,55.763245
1427158066.953,55.42212
1427158066.968,51.62732
1427158066.984,44.533554
1427158067,35.029587
1427158067.015,24.41304
1427158067.031,14.03038
1427158067.047,4.807785
1427158067.062,-2.8185577
1427158067.078,-8.880829
1427158067.093,-13.567078
1427158067.109,-17.012634
1427158067.125,-19.19577
1427158067.14,-20.067932
1427158067.156,-19.735779
1427158067.172,-18.533295
1427158067.187,-16.991974
1427158067.203,-15.65387
1427158067.218,-14.904114
1427158067.234,-14.843872
1427158067.25,-15.297852
1427158067.265,-15.953003
1427158067.281,-16.497284
1427158067.297,-16.755615
1427158067.312,-16.706757
1427158067.328,-16.463348
1427158067.343,-16.123901
1427158067.359,-15.75592
1427158067.375,-15.317047
1427158067.39,-14.716614
1427158067.406,-13.819519
1427158067.422,-12.544006
1427158067.437,-10.856384
1427158067.453,-8.765045
1427158067.468,-6.3203735
1427158067.484,-3.581787
1427158067.5,-0.62213135
1427158067.515,2.4754028
1427158067.531,5.611847
1427158067.547,8.655945
1427158067.562,11.479767
1427158067.578,13.984772
1427158067.594,16.138275
1427158067.609,18.00885
1427158067.625,19.803802
1427158067.64,21.829803
1427158067.656,24.420258
1427158067.672,27.739105
1427158067.687,31.639679
1427158067.703,35.50284
1427158067.718,38.363403
1427158067.734,39.165436
1427158067.75,37.153046
1427158067.765,32.173798
1427158067.781,24.75882
1427158067.797,15.929901
1427158067.812,6.8396606
1427158067.828,-1.594696
1427158067.844,-8.856537
1427158067.859,-14.828033
1427158067.875,-19.572235
1427158067.89,-23.197418
1427158067.906,-25.731445
1427158067.922,-27.193207
1427158067.937,-27.633545
1427158067.953,-27.222107
1427158067.969,-26.225494
1427158067.984,-24.94809
1427158068,-23.636475
1427158068.015,-22.477722
1427158068.031,-21.5531
1427158068.047,-20.884003
1427158068.062,-20.439209
1427158068.078,-20.200684
1427158068.094,-20.14737
1427158068.109,-20.271149
1427158068.125,-20.534363
1427158068.14,-20.870758
1427158068.156,-21.13321
1427158068.172,-21.165436
1427158068.187,-20.811768
1427158068.203,-20.023163
1427158068.219,-18.808868
1427158068.234,-17.261475
1427158068.25,-15.425507
1427158068.265,-13.320679
1427158068.281,-10.8958435
1427158068.297,-8.095642
1427158068.312,-4.902191
1427158068.328,-1.3590698
1427158068.344,2.414032
1427158068.359,6.2275085
1427158068.375,9.870422
1427158068.39,13.105591
1427158068.406,15.740082
1427158068.422,17.700562
1427158068.437,19.092834
1427158068.453,20.226776
1427158068.469,21.54486
1427158068.484,23.455872
1427158068.5,26.153442
1427158068.515,29.531342
1427158068.531,33.12796
1427158068.547,36.253357
1427158068.562,38.14612
1427158068.578,38.19095
1427158068.594,36.070435
1427158068.609,31.858307
1427158068.625,26.006958
1427158068.64,19.231964
1427158068.656,12.307495
1427158068.672,5.8805847
1427158068.687,0.3519287
1427158068.703,-4.1156006
1427158068.719,-7.540161
1427158068.734,-10.032776
1427158068.75,-11.678986
1427158068.765,-12.608398
1427158068.781,-13.007385
1427158068.797,-13.15802
1427158068.812,-13.421631
1427158068.828,-14.121948
1427158068.844,-15.376343
1427158068.859,-17.071045
1427158068.875,-18.833984
1427158068.89,-20.199768
1427158068.906,-20.809082
1427158068.922,-20.498657
1427158068.937,-19.381653
1427158068.953,-17.712952
1427158068.969,-15.74231
1427158068.984,-13.5477295
1427158069,-11.054565
1427158069.015,-8.044922
1427158069.031,-4.3362427
1427158069.047,0.1404419
1427158069.062,5.263916
1427158069.078,10.748962
1427158069.094,16.221802
1427158069.109,21.278381
1427158069.125,25.600403
1427158069.14,28.980713
1427158069.156,31.384827
1427158069.172,32.887268
1427158069.187,33.65503
1427158069.203,33.89746
1427158069.219,33.78235
1427158069.234,33.498047
1427158069.25,33.187622
1427158069.265,33.012085
1427158069.281,33.106018
1427158069.297,33.604065
1427158069.312,34.575073
1427158069.328,35.984802
1427158069.344,37.638367
1427158069.359,39.125732
1427158069.375,39.88452
1427158069.39,39.276123
1427158069.406,36.783813
1427158069.422,32.196594
1427158069.437,25.756653
1427158069.453,18.081787
1427158069.469,10.043518
1427158069.484,2.5030518
1427158069.5,-3.878357
1427158069.515,-8.754822
1427158069.531,-12.085632
1427158069.547,-13.998047
1427158069.562,-14.718567
1427158069.578,-14.472534
1427158069.594,-13.470154
1427158069.609,-11.947876
1427158069.625,-10.157715
1427158069.64,-8.405823
1427158069.656,-6.975525
1427158069.672,-6.1102295
1427158069.687,-5.911133
1427158069.703,-6.3081665
1427158069.719,-7.07605
1427158069.734,-7.941162
1427158069.75,-8.630798
1427158069.765,-8.984558
1427158069.781,-8.97467
1427158069.797,-8.643921
1427158069.812,-8.087769
1427158069.828,-7.369873
1427158069.844,-6.513672
1427158069.859,-5.4959717
1427158069.875,-4.2686768
1427158069.89,-2.7907104
1427158069.906,-1.0667114
1427158069.922,0.85302734
1427158069.937,2.911499
1427158069.953,5.026245
1427158069.969,7.1640625
1427158069.984,9.31665
1427158070,11.533325
1427158070.015,13.833252
1427158070.031,16.282837
1427158070.047,18.929443
1427158070.062,21.84613
1427158070.078,25.078308
1427158070.094,28.557617
1427158070.109,31.993408
1427158070.125,34.855286
1427158070.14,36.49585
1427158070.156,36.335876
1427158070.172,34.137756
1427158070.187,30.064514
1427158070.203,24.65509
1427158070.219,18.562012
1427158070.234,12.413086
1427158070.25,6.6323853
1427158070.265,1.4867554
1427158070.281,-2.8383179
1427158070.297,-6.1762695
1427158070.312,-8.39209
1427158070.328,-9.439087
1427158070.344,-9.42041
1427158070.359,-8.564514
1427158070.375,-7.184082
1427158070.39,-5.600586
1427158070.406,-4.1245728
1427158070.422,-2.9662476
1427158070.437,-2.223816
1427158070.453,-1.8137817
1427158070.469,-1.5455322
1427158070.484,-1.1592407
1427158070.5,-0.48797607
1427158070.516,0.4668579
1427158070.531,1.562561
1427158070.547,2.6434326
1427158070.562,3.6935425
1427158070.578,4.885437
1427158070.594,6.5722656
1427158070.609,9.052551
1427158070.625,12.394226
1427158070.641,16.36444
1427158070.656,20.49823
1427158070.672,24.333496
1427158070.687,27.605408
1427158070.703,30.350891
1427158070.719,32.858337
1427158070.734,35.54193
1427158070.75,38.724304
1427158070.766,42.53473
1427158070.781,46.85498
1427158070.797,51.328552
1427158070.812,55.44574
1427158070.828,58.58612
1427158070.844,60.089905
1427158070.859,59.352875
1427158070.875,55.931396
1427158070.891,49.698242
1427158070.906,40.945404
1427158070.922,30.38675
1427158070.937,19.023987
1427158070.953,7.9328613
1427158070.969,-1.978302
1427158070.984,-10.160217
1427158071,-16.4151
1427158071.016,-20.832458
1427158071.031,-23.62378
1427158071.047,-25.009491
1427158071.062,-25.14862
1427158071.078,-24.2052
1427158071.094,-22.394104
1427158071.109,-20.08313
1427158071.125,-17.68924
1427158071.141,-15.592682
1427158071.156,-14.020752
1427158071.172,-12.953064
1427158071.187,-12.183075
1427158071.203,-11.483185
1427158071.219,-10.709351
1427158071.234,-9.923889
1427158071.25,-9.309021
1427158071.266,-9.058075
1427158071.281,-9.189819
1427158071.297,-9.481354
1427158071.312,-9.483459
1427158071.328,-8.726013
1427158071.344,-6.8898315
1427158071.359,-3.9203491
1427158071.375,-0.049346924
1427158071.391,4.334778
1427158071.406,8.869293
1427158071.422,13.302704
1427158071.437,17.62503
1427158071.453,22.025452
1427158071.469,26.856567
1427158071.484,32.483612
1427158071.5,39.094727
1427158071.516,46.504852
1427158071.531,54.039948
1427158071.547,60.56024
1427158071.562,64.727325
1427158071.578,65.356384
1427158071.594,61.809723
1427158071.609,54.168762
1427158071.625,43.23758
1427158071.641,30.254303
1427158071.656,16.585388
1427158071.672,3.4429321
1427158071.687,-8.252945
1427158071.703,-17.91829
1427158071.719,-25.253265
1427158071.734,-30.208588
1427158071.75,-32.945435
1427158071.766,-33.77719
1427158071.781,-33.109894
1427158071.797,-31.387177
1427158071.812,-29.0
1427158071.828,-26.293808
1427158071.844,-23.52475
1427158071.859,-20.87767
1427158071.875,-18.486526
1427158071.891,-16.41188
1427158071.906,-14.625885
1427158071.922,-13.059006
1427158071.937,-11.564743
1427158071.953,-9.984253
1427158071.969,-8.157867
1427158071.984,-5.989807
1427158072,-3.4647217
1427158072.016,-0.6785736
1427158072.031,2.2164917
1427158072.047,4.990738
1427158072.062,7.336029
1427158072.078,8.825783
1427158072.094,8.974167
1427158072.109,7.299301
1427158072.125,3.594925
1427158072.141,-1.933609
1427158072.156,-8.600845
1427158072.172,-15.394142
1427158072.187,-21.239117
1427158072.203,-25.31469
1427158072.219,-27.099884
1427158072.234,-26.279106
1427158072.25,-22.583069
1427158072.266,-15.728638
1427158072.281,-5.6974583
1427158072.297,6.894533
1427158072.312,20.536148
1427158072.328,32.964108
1427158072.344,41.733868
1427158072.359,45.010483
1427158072.375,42.174656
1427158072.391,33.937466
1427158072.406,22.067455
1427158072.422,8.664478
1427158072.437,-4.3984566
1427158072.453,-15.877129
1427158072.469,-25.163616
1427158072.484,-32.18063
1427158072.5,-37.129944
1427158072.516,-40.35969
1427158072.531,-42.24821
1427158072.547,-43.15704
1427158072.562,-43.40432
1427158072.578,-43.224365
1427158072.594,-42.743317
1427158072.609,-41.987465
1427158072.625,-40.86528
1427158072.641,-39.25827
1427158072.656,-37.038353
1427158072.672,-34.249176
1427158072.687,-31.098297
1427158072.703,-27.996483
1427158072.719,-25.38926
1427158072.734,-23.588547
1427158072.75,-22.622757
1427158072.766,-22.201859
1427158072.781,-21.802963
1427158072.797,-20.876404
1427158072.812,-18.981827
1427158072.828,-15.911804
1427158072.844,-11.663635
1427158072.859,-6.3944397
1427158072.875,-0.3042755
1427158072.891,6.308029
1427158072.906,13.117416
1427158072.922,19.722366
1427158072.937,25.756119
1427158072.953,30.948898
1427158072.969,35.305695
1427158072.984,39.131317
1427158073,43.067764
1427158073.016,47.8936
1427158073.031,54.254517
1427158073.047,62.303284
1427158073.062,71.451965
1427158073.078,80.296234
1427158073.094,86.88042
1427158073.109,89.23796
1427158073.125,85.95688
1427158073.141,76.650925
1427158073.156,62.09047
1427158073.172,43.868423
1427158073.188,23.9552
1427158073.203,4.1531067
1427158073.219,-14.18103
1427158073.234,-30.212006
1427158073.25,-43.459045
1427158073.266,-53.721344
1427158073.281,-60.966797
1427158073.297,-65.40662
1427158073.313,-67.4592
1427158073.328,-67.69293
1427158073.344,-66.68652
1427158073.359,-64.957825
1427158073.375,-62.909576
1427158073.391,-60.85611
1427158073.406,-59.049652
1427158073.422,-57.64038
1427158073.438,-56.611664
1427158073.453,-55.75934
1427158073.469,-54.72992
1427158073.484,-53.22003
1427158073.5,-51.080505
1427158073.516,-48.43866
1427158073.531,-45.549866
1427158073.547,-42.651245
1427158073.563,-39.749054
1427158073.578,-36.621124
1427158073.594,-32.943237
1427158073.609,-28.421051
1427158073.625,-22.975616
1427158073.641,-16.78003
1427158073.656,-10.156525
1427158073.672,-3.4614258
1427158073.688,3.059021
1427158073.703,9.317871
1427158073.719,15.408203
1427158073.734,21.528992
1427158073.75,27.966064
1427158073.766,35.050934
1427158073.781,43.092346
1427158073.797,52.237366
1427158073.813,62.19565
1427158073.828,72.055176
1427158073.844,80.25333
1427158073.859,84.878174
1427158073.875,84.24765
1427158073.891,77.5137
1427158073.906,65.02411
1427158073.922,48.25128
1427158073.938,29.301971
1427158073.953,10.260803
1427158073.969,-7.2427673
1427158073.984,-22.237793
1427158074,-34.206726
1427158074.016,-42.891724
1427158074.031,-48.180817
1427158074.047,-50.19101
1427158074.063,-49.382538
1427158074.078,-46.608093
1427158074.094,-42.961548
1427158074.109,-39.533722
1427158074.125,-37.120117
1427158074.141,-36.11328
1427158074.156,-36.43445
1427158074.172,-37.673553
1427158074.188,-39.239655
1427158074.203,-40.61255
1427158074.219,-41.480225
1427158074.234,-41.835083
1427158074.25,-41.884216
1427158074.266,-41.825745
1427158074.281,-41.6019
1427158074.297,-40.819916
1427158074.313,-38.868652
1427158074.328,-35.246033
1427158074.344,-29.873962
1427158074.359,-23.23767
1427158074.375,-16.19049
1427158074.391,-9.601379
1427158074.406,-3.9314575
1427158074.422,0.9031372
1427158074.438,5.5162964
1427158074.453,10.715271
1427158074.469,17.279846
1427158074.484,25.636292
1427158074.5,35.607483
1427158074.516,46.29431
1427158074.531,56.08307
1427158074.547,62.903625
1427158074.563,64.746216
1427158074.578,60.35388
1427158074.594,49.674683
1427158074.609,33.94153
1427158074.625,15.356445
1427158074.641,-3.6762085
1427158074.656,-21.124146
1427158074.672,-35.76947
1427158074.688,-47.141174
1427158074.703,-55.30597
1427158074.719,-60.520996
1427158074.734,-63.063538
1427158074.75,-63.24463
1427158074.766,-61.44879
1427158074.781,-58.192993
1427158074.797,-54.05658
1427158074.813,-49.586487
1427158074.828,-45.23224
1427158074.844,-41.29547
1427158074.859,-37.92633
1427158074.875,-35.190247
1427158074.891,-33.107056
1427158074.906,-31.63153
1427158074.922,-30.666016
1427158074.938,-29.967957
1427158074.953,-29.127625
1427158074.969,-27.651672
1427158074.984,-25.041382
1427158075,-20.985168
1427158075.016,-15.472595
1427158075.031,-8.845459
1427158075.047,-1.6508179
1427158075.063,5.5271606
1427158075.078,12.277649
1427158075.094,18.53186
1427158075.109,24.567627
1427158075.125,30.980469
1427158075.141,38.4245
1427158075.156,47.326355
1427158075.172,57.486633
1427158075.188,67.83746
1427158075.203,76.47577
1427158075.219,81.09924
1427158075.234,79.75995
1427158075.25,71.563416
1427158075.266,57.034485
1427158075.281,38.000122
1427158075.297,16.980286
1427158075.313,-3.577942
1427158075.328,-21.891052
1427158075.344,-37.015686
1427158075.359,-48.68567
1427158075.375,-57.002686
1427158075.391,-62.20117
1427158075.406,-64.55322
1427158075.422,-64.447754
1427158075.438,-62.463257
1427158075.453,-59.271973
1427158075.469,-55.530884
1427158075.484,-51.72931
1427158075.5,-48.10193
1427158075.516,-44.664856
1427158075.531,-41.339905
1427158075.547,-38.124756
1427158075.563,-35.10669
1427158075.578,-32.488403
1427158075.594,-30.406677
1427158075.609,-28.823608
1427158075.625,-27.415771
1427158075.641,-25.677612
1427158075.656,-23.049438
1427158075.672,-19.142334
1427158075.688,-13.905945
1427158075.703,-7.637329
1427158075.719,-0.8900757
1427158075.734,5.7546997
1427158075.75,11.889709
1427158075.766,17.445068
1427158075.781,22.727722
1427158075.797,28.357178
1427158075.813,35.05786
1427158075.828,43.32489
1427158075.844,53.0791
1427158075.86,63.38513
1427158075.875,72.53357
1427158075.891,78.3526
1427158075.906,78.89453
1427158075.922,73.06372
1427158075.938,61.0907
1427158075.953,44.421234
1427158075.969,25.308441
1427158075.985,6.1026
1427158076,-11.352112
1427158076.016,-26.007233
1427158076.031,-37.52536
1427158076.047,-46.029755
1427158076.063,-51.742218
1427158076.078,-54.86743
1427158076.094,-55.618317
1427158076.11,-54.358307
1427158076.125,-51.645172
1427158076.141,-48.230255
1427158076.156,-44.838013
1427158076.172,-41.98065
1427158076.188,-39.828064
1427158076.203,-38.183746
1427158076.219,-36.646637
1427158076.235,-34.87979
1427158076.25,-32.74533
1427158076.266,-30.412292
1427158076.281,-28.196533
1427158076.297,-26.36737
1427158076.313,-24.896484
1427158076.328,-23.421417
1427158076.344,-21.325226
1427158076.36,-18.004791
1427158076.375,-13.143707
1427158076.391,-6.873352
1427158076.406,0.24090576
1427158076.422,7.413269
1427158076.438,13.972046
1427158076.453,19.607513
1427158076.469,24.489471
1427158076.485,29.203674
1427158076.5,34.505188
1427158076.516,41.038757
1427158076.531,49.06897
1427158076.547,58.225067
1427158076.563,67.44797
1427158076.578,75.067474
1427158076.594,79.1738
1427158076.61,78.15143
1427158076.625,71.26364
1427158076.641,58.91983
1427158076.656,42.65338
1427158076.672,24.67572
1427158076.688,7.202179
1427158076.703,-8.081757
1427158076.719,-20.325958
1427158076.735,-29.37973
1427158076.75,-35.49695
1427158076.766,-39.00107
1427158076.781,-40.189728
1427158076.797,-39.36145
1427158076.813,-36.98813
1427158076.828,-33.745148
1427158076.844,-30.400085
1427158076.86,-27.598816
1427158076.875,-25.637787
1427158076.891,-24.410522
1427158076.906,-23.556519
1427158076.922,-22.66092
1427158076.938,-21.55542
1427158076.953,-20.35138
1427158076.969,-19.342194
1427158076.985,-18.736725
1427158077,-18.442657
1427158077.016,-17.982452
1427158077.031,-16.69931
1427158077.047,-14.033691
1427158077.063,-9.825958
1427158077.078,-4.401184
1427158077.094,1.5367126
1427158077.11,7.2352905
1427158077.125,12.186157
1427158077.141,16.334534
1427158077.156,20.080719
1427158077.172,24.123749
1427158077.188,29.19162
1427158077.203,35.71985
1427158077.219,43.552856
1427158077.235,51.785736
1427158077.25,58.8273
1427158077.266,62.78601
1427158077.281,62.023834
1427158077.297,55.795837
1427158077.313,44.53766
1427158077.328,29.771332
1427158077.344,13.579773
1427158077.36,-2.0381775
1427158077.375,-15.692505
1427158077.391,-26.733612
1427158077.406,-35.10681
1427158077.422,-41.00049
1427158077.438,-44.576355
1427158077.453,-45.91806
1427158077.469,-45.135284
1427158077.485,-42.552094
1427158077.5,-38.79535
1427158077.516,-34.69998
1427158077.531,-31.104156
1427158077.547,-28.513306
1427158077.563,-26.990845
1427158077.578,-26.113678
1427158077.594,-25.271301
1427158077.61,-23.919617
1427158077.625,-21.904327
1427158077.641,-19.4841
1427158077.656,-17.150787
1427158077.672,-15.310974
1427158077.688,-14.000732
1427158077.703,-12.818741
1427158077.719,-11.107086
1427158077.735,-8.231796
1427158077.75,-3.9172974
1427158077.766,1.6614227
1427158077.781,7.917984
1427158077.797,14.143356
1427158077.813,19.737854
1427158077.828,24.45256
1427158077.844,28.47052
1427158077.86,32.30078
1427158077.875,36.59987
1427158077.891,41.964478
1427158077.906,48.668365
1427158077.922,56.462036
1427158077.938,64.48277
1427158077.953,71.29886
1427158077.969,75.199615
1427158077.985,74.64752
1427158078,68.790344
1427158078.016,57.840332
1427158078.031,43.06723
1427158078.047,26.464096
1427158078.063,10.172592
1427158078.078,-4.153824
1427158078.094,-15.655457
1427158078.11,-24.254898
1427158078.125,-30.360626
1427158078.141,-34.450104
1427158078.156,-36.865753
1427158078.172,-37.749557
1427158078.188,-37.23932
1427158078.203,-35.6026
1427158078.219,-33.320267
1427158078.235,-30.965271
1427158078.25,-29.014572
1427158078.266,-27.711456
1427158078.281,-27.02069
1427158078.297,-26.706085
1427158078.313,-26.497528
1427158078.328,-26.185669
1427158078.344,-25.681793
1427158078.36,-24.989777
1427158078.375,-24.123978
1427158078.391,-23.042603
1427158078.406,-21.680191
1427158078.422,-19.897324
1427158078.438,-17.528336
1427158078.453,-14.377075
1427158078.469,-10.3040085
1427158078.485,-5.269203
1427158078.5,0.5548096
1427158078.516,6.8090134
1427158078.532,13.023651
1427158078.547,18.739265
1427158078.563,23.71106
1427158078.578,27.944542
1427158078.594,31.695236
1427158078.61,35.388107
1427158078.625,39.483315
1427158078.641,44.405724
1427158078.656,50.34604
1427158078.672,57.15632
1427158078.688,64.135345
1427158078.703,70.06804
1427158078.719,73.36701
1427158078.735,72.55441
1427158078.75,66.770195
1427158078.766,56.177765
1427158078.782,41.985283
1427158078.797,26.072899
1427158078.813,10.406548
1427158078.828,-3.502365
1427158078.844,-14.896835
1427158078.86,-23.681946
1427158078.875,-30.128754
1427158078.891,-34.544296
1427158078.907,-37.14115
1427158078.922,-38.071396
1427158078.938,-37.56034
1427158078.953,-36.005165
1427158078.969,-33.918472
1427158078.985,-31.802437
1427158079,-30.039207
1427158079.016,-28.839767
1427158079.032,-28.22007
1427158079.047,-28.09998
1427158079.063,-28.320354
1427158079.078,-28.659454
1427158079.094,-28.87447
1427158079.11,-28.703068
1427158079.125,-27.95081
1427158079.141,-26.51574
1427158079.157,-24.40443
1427158079.172,-21.720917
1427158079.188,-18.621933
1427158079.203,-15.253204
1427158079.219,-11.705467
1427158079.235,-7.9871902
1427158079.25,-4.0347404
1427158079.266,0.25205994
1427158079.282,4.9551277
1427158079.297,10.036438
1427158079.313,15.339088
1427158079.328,20.63023
1427158079.344,25.689278
1427158079.36,30.429968
1427158079.375,34.91368
1427158079.391,39.36342
1427158079.407,44.0309
1427158079.422,49.15571
1427158079.438,54.84751
1427158079.453,60.974426
1427158079.469,67.02096
1427158079.485,72.01013
1427158079.5,74.599846
1427158079.516,73.39384
1427158079.532,67.489784
1427158079.547,56.89226
1427158079.563,42.690216
1427158079.578,26.766348
1427158079.594,11.174687
1427158079.61,-2.45092
1427158079.625,-13.304707
1427158079.641,-21.367973
1427158079.657,-27.055933
1427158079.672,-30.796997
1427158079.688,-32.81916
1427158079.703,-33.165337
1427158079.719,-31.942158
1427158079.735,-29.510502
1427158079.75,-26.533527
1427158079.766,-23.793215
1427158079.782,-21.914015
1427158079.797,-21.121956
1427158079.813,-21.219952
1427158079.828,-21.731785
1427158079.844,-22.167427
1427158079.86,-22.25037
1427158079.875,-22.02174
1427158079.891,-21.702797
1427158079.907,-21.4987
1427158079.922,-21.40659
1427158079.938,-21.143272
1427158079.953,-20.278189
1427158079.969,-18.423939
1427158079.985,-15.384251
1427158080,-11.258563
1427158080.016,-6.3572674
1427158080.032,-1.110137
1427158080.047,4.072191
1427158080.063,8.895517
1427158080.078,13.2634735
1427158080.094,17.254833
1427158080.11,21.13359
1427158080.125,25.267448
1427158080.141,30.045036
1427158080.157,35.77489
1427158080.172,42.550552
1427158080.188,50.094547
1427158080.203,57.668716
1427158080.219,64.05295
1427158080.235,67.76982
1427158080.25,67.45238
1427158080.266,62.306755
1427158080.282,52.426926
1427158080.297,38.873833
1427158080.313,23.354166
1427158080.328,7.737829
1427158080.344,-6.4742994
1427158080.36,-18.374931
1427158080.375,-27.647867
1427158080.391,-34.30949
1427158080.407,-38.47733
1427158080.422,-40.287994
1427158080.438,-39.981354
1427158080.453,-38.017696
1427158080.469,-35.102516
1427158080.485,-32.038113
1427158080.5,-29.545654
1427158080.516,-28.004278
1427158080.532,-27.414688
1427158080.547,-27.42906
1427158080.563,-27.535769
1427158080.578,-27.269396
1427158080.594,-26.423458
1427158080.61,-25.080835
1427158080.625,-23.558796
1427158080.641,-22.204409
1427158080.657,-21.163557
1427158080.672,-20.236536
1427158080.688,-18.884573
1427158080.703,-16.426443
1427158080.719,-12.373535
1427158080.735,-6.6539516
1427158080.75,0.2811985
1427158080.766,7.632414
1427158080.782,14.564991
1427158080.797,20.52705
1427158080.813,25.408182
1427158080.828,29.530148
1427158080.844,33.47721
1427158080.86,37.897514
1427158080.875,43.334198
1427158080.891,50.06243
1427158080.907,57.91363
1427158080.922,66.16609
1427158080.938,73.48781
1427158080.953,78.18466
1427158080.969,78.61407
1427158080.985,73.751015
1427158081,63.605408
1427158081.016,49.273544
1427158081.032,32.62646
1427158081.047,15.712589
1427158081.063,0.19807053
1427158081.078,-12.945131
1427158081.094,-23.389881
1427158081.11,-31.216635
1427158081.125,-36.620415
1427158081.141,-39.743725
1427158081.157,-40.752224
1427158081.172,-39.921516
1427158081.188,-37.76413
1427158081.203,-34.983253
1427158081.219,-32.336426
1427158081.235,-30.387848
1427158081.25,-29.364815
1427158081.266,-29.12187
1427158081.282,-29.223455
1427158081.297,-29.166191
1427158081.313,-28.612383
1427158081.328,-27.488491
1427158081.344,-26.026764
1427158081.36,-24.558594
1427158081.375,-23.3057
1427158081.391,-22.20779
1427158081.407,-20.882063
1427158081.422,-18.74157
1427158081.438,-15.291973
1427158081.454,-10.338015
1427158081.469,-4.1123524
1427158081.485,2.7970057
1427158081.5,9.681664
1427158081.516,15.981804
1427158081.532,21.486164
1427158081.547,26.34414
1427158081.563,30.997437
1427158081.579,35.9846
1427158081.594,41.822903
1427158081.61,48.83654
1427158081.625,57.01349
1427158081.641,65.79871
1427158081.657,73.98759
1427158081.672,79.83816
1427158081.688,81.46592
1427158081.704,77.4848
1427158081.719,67.56037
1427158081.735,52.666862
1427158081.75,34.813805
1427158081.766,16.395227
1427158081.782,-0.5642028
1427158081.797,-14.8672
1427158081.813,-26.210173
1427158081.829,-34.868443
1427158081.844,-41.2634
1427158081.86,-45.669792
1427158081.875,-48.18363
1427158081.891,-48.86931
1427158081.907,-47.964268
1427158081.922,-45.961365
1427158081.938,-43.546013
1427158081.954,-41.39047
1427158081.969,-39.981678
1427158081.985,-39.46658
1427158082,-39.656574
1427158082.016,-40.117355
1427158082.032,-40.390877
1427158082.047,-40.11449
1427158082.063,-39.16604
1427158082.079,-37.6168
1427158082.094,-35.63592
1427158082.11,-33.353794
1427158082.125,-30.760668
1427158082.141,-27.72905
1427158082.157,-24.063591
1427158082.172,-19.604406
1427158082.188,-14.292522
1427158082.204,-8.237091
1427158082.219,-1.6893063
1427158082.235,4.998501
1427158082.25,11.450151
1427158082.266,17.398634
1427158082.282,22.737383
1427158082.297,27.567406
1427158082.313,32.150574
1427158082.329,36.86805
1427158082.344,42.124046
1427158082.36,48.284534
1427158082.375,55.559418
1427158082.391,63.82226
1427158082.407,72.37538
1427158082.422,79.84671
1427158082.438,84.39309
1427158082.454,84.197174
1427158082.469,78.1434
1427158082.485,66.3402
1427158082.5,50.169342
1427158082.516,31.86834
1427158082.532,13.741814
1427158082.547,-2.4824295
1427158082.563,-16.00853
1427158082.579,-26.763645
1427158082.594,-35.03333
1427158082.61,-41.05316
1427158082.625,-44.8474
1427158082.641,-46.37538
1427158082.657,-45.779533
1427158082.672,-43.53011
1427158082.688,-40.41886
1427158082.704,-37.32273
1427158082.719,-34.992428
1427158082.735,-33.778767
1427158082.75,-33.60326
1427158082.766,-34.019306
1427158082.782,-34.45788
1427158082.797,-34.436413
1427158082.813,-33.74816
1427158082.829,-32.466114
1427158082.844,-30.843578
1427158082.86,-29.106056
1427158082.875,-27.289055
1427158082.891,-25.15926
1427158082.907,-22.343533
1427158082.922,-18.480148
1427158082.938,-13.434113
1427158082.954,-7.409561
1427158082.969,-0.88269806
1427158082.985,5.564953
1427158083,11.48954
1427158083.016,16.754814
1427158083.032,21.509869
1427158083.047,26.133827
1427158083.063,31.052448
1427158083.079,36.63647
1427158083.094,43.176327
1427158083.11,50.811348
1427158083.125,59.37535
1427158083.141,68.232605
1427158083.157,76.153465
1427158083.172,81.403175
1427158083.188,82.216
1427158083.204,77.40255
1427158083.219,66.83163
1427158083.235,51.592743
1427158083.25,33.653427
1427158083.266,15.247673
1427158083.282,-1.8138428
1427158083.297,-16.430695
1427158083.313,-28.27346
1427158083.329,-37.385017
1427158083.344,-43.907722
1427158083.36,-47.87542
1427158083.375,-49.30269
1427158083.391,-48.4019
1427158083.407,-45.759674
1427158083.422,-42.30387
1427158083.438,-39.09211
1427158083.454,-36.954926
1427158083.469,-36.183914
1427158083.485,-36.470955
1427158083.5,-37.093056
1427158083.516,-37.283623
1427158083.532,-36.611336
1427158083.547,-35.119095
1427158083.563,-33.249657
1427158083.579,-31.477745
1427158083.594,-30.030663
1427158083.61,-28.669113
1427158083.625,-26.823006
1427158083.641,-23.852974
1427158083.657,-19.378426
1427158083.672,-13.428123
1427158083.688,-6.466049
1427158083.704,0.85061646
1427158083.719,7.8836365
1427158083.735,14.25705
1427158083.75,19.914474
1427158083.766,25.111618
1427158083.782,30.272415
1427158083.797,35.920654
1427158083.813,42.540665
1427158083.829,50.446747
1427158083.844,59.579132
1427158083.86,69.27616
1427158083.875,78.158676
1427158083.891,84.29715
1427158083.907,85.6792
1427158083.922,80.91466
1427158083.938,69.83854
1427158083.954,53.672012
1427158083.969,34.654114
1427158083.985,15.334656
1427158084,-2.2439117
1427158084.016,-16.981522
1427158084.032,-28.748817
1427158084.047,-37.90779
1427158084.063,-44.894592
1427158084.079,-49.89763
1427158084.094,-52.908592
1427158084.11,-53.92428
1427158084.126,-53.201218
1427158084.141,-51.308212
1427158084.157,-49.01915
1427158084.172,-47.05105
1427158084.188,-45.847572
1427158084.204,-45.428627
1427158084.219,-45.45823
1427158084.235,-45.41633
1427158084.251,-44.85588
1427158084.266,-43.57624
1427158084.282,-41.72483
1427158084.297,-39.632645
1427158084.313,-37.604767
1427158084.329,-35.699387
1427158084.344,-33.62967
1427158084.36,-30.866943
1427158084.376,-26.86547
1427158084.391,-21.302872
1427158084.407,-14.274185
1427158084.422,-6.2481995
1427158084.438,2.0383606
1427158084.454,9.884842
1427158084.469,16.816711
1427158084.485,22.741241
1427158084.501,27.902191
1427158084.516,32.79648
1427158084.532,38.00786
1427158084.547,44.10002
1427158084.563,51.50229
1427158084.579,60.34732
1427158084.594,70.267075
1427158084.61,80.21939
1427158084.626,88.500305
1427158084.641,93.03757
1427158084.657,91.9711
1427158084.672,84.33548
1427158084.688,70.47615
1427158084.704,52.08203
1427158084.719,31.630615
1427158084.735,11.667084
1427158084.751,-5.9726563
1427158084.766,-20.426834
1427158084.782,-31.73462
1427158084.797,-40.367737
1427158084.813,-46.8132
1427158084.829,-51.329514
1427158084.844,-53.978912
1427158084.86,-54.889313
1427158084.876,-54.374313
1427158084.891,-53.007156
1427158084.907,-51.445038
1427158084.922,-50.209976
1427158084.938,-49.543106
1427158084.954,-49.37822
1427158084.969,-49.480713
1427158084.985,-49.601273
1427158085.001,-49.615845
1427158085.016,-49.476166
1427158085.032,-49.136353
1427158085.047,-48.426315
1427158085.063,-47.067215
1427158085.079,-44.722107
1427158085.094,-41.18611
1427158085.11,-36.491196
1427158085.126,-30.90889
1427158085.141,-24.82425
1427158085.157,-18.582397
1427158085.172,-12.309799
1427158085.188,-5.9256897
1427158085.204,0.7382355
1427158085.219,7.7357025
1427158085.235,14.925278
1427158085.251,21.942184
1427158085.266,28.382294
1427158085.282,33.98694
1427158085.297,38.837112
1427158085.313,43.343353
1427158085.329,48.199997
1427158085.344,54.151794
1427158085.36,61.71898
1427158085.376,70.84288
1427158085.391,80.61896
1427158085.407,89.28621
1427158085.422,94.568665
1427158085.438,94.337524
1427158085.454,87.37541
1427158085.469,73.899826
1427158085.485,55.56991
1427158085.501,34.95862
1427158085.516,14.704727
1427158085.532,-3.2168884
1427158085.547,-17.851898
1427158085.563,-29.152603
1427158085.579,-37.505913
1427158085.594,-43.337646
1427158085.61,-46.86058
1427158085.626,-48.183563
1427158085.641,-47.506844
1427158085.657,-45.356255
1427158085.672,-42.542137
1427158085.688,-40.010284
1427158085.704,-38.503914
1427158085.719,-38.34101
1427158085.735,-39.254005
1427158085.751,-40.596
1427158085.766,-41.603073
1427158085.782,-41.717613
1427158085.797,-40.804276
1427158085.813,-39.12751
1427158085.829,-37.12583
1427158085.844,-35.136597
1427158085.86,-33.149887
1427158085.876,-30.801582
1427158085.891,-27.537643
1427158085.907,-22.899872
1427158085.922,-16.777573
1427158085.938,-9.528961
1427158085.954,-1.8493271
1427158085.969,5.4782333
1427158085.985,11.922714
1427158086.001,17.34584
1427158086.016,22.002205
1427158086.032,26.393272
1427158086.047,31.05111
1427158086.063,36.409203
1427158086.079,42.792923
1427158086.094,50.317978
1427158086.11,58.792038
1427158086.126,67.469444
1427158086.141,74.943886
1427158086.157,79.34357
1427158086.172,78.85788
1427158086.188,72.421104
1427158086.204,60.215675
1427158086.219,43.727913
1427158086.235,25.225784
1427158086.251,7.025017
1427158086.266,-9.197182
1427158086.282,-22.66027
1427158086.297,-33.294876
1427158086.313,-41.331314
1427158086.329,-46.951813
1427158086.344,-50.218544
1427158086.36,-51.160995
1427158086.376,-50.00328
1427158086.391,-47.26236
1427158086.407,-43.72393
1427158086.422,-40.245857
1427158086.438,-37.57573
1427158086.454,-36.106613
1427158086.469,-35.800903
1427158086.485,-36.226807
1427158086.501,-36.714752
1427158086.516,-36.684555
1427158086.532,-35.878967
1427158086.547,-34.432014
1427158086.563,-32.72821
1427158086.579,-31.077621
1427158086.594,-29.476418
1427158086.61,-27.517334
1427158086.626,-24.569695
1427158086.641,-20.106544
1427158086.657,-14.028023
1427158086.672,-6.705765
1427158086.688,1.1317139
1427158086.704,8.7052
1427158086.719,15.485374
1427158086.735,21.318817
1427158086.751,26.409454
1427158086.766,31.222267
1427158086.782,36.31469
1427158086.798,42.255707
1427158086.813,49.46221
1427158086.829,58.040535
1427158086.844,67.56293
1427158086.86,76.8973
1427158086.876,84.29993
1427158086.891,87.740974
1427158086.907,85.54874
1427158086.923,77.0602
1427158086.938,62.92695
1427158086.954,45.016403
1427158086.969,25.788116
1427158086.985,7.5411835
1427158087.001,-8.176186
1427158087.016,-20.771286
1427158087.032,-30.389763
1427158087.048,-37.50051
1427158087.063,-42.52282
1427158087.079,-45.693474
1427158087.094,-47.12902
1427158087.11,-47.012665
1427158087.126,-45.720627
1427158087.141,-43.81272
1427158087.157,-41.922462
1427158087.173,-40.532402
1427158087.188,-39.830498
1427158087.204,-39.661095
1427158087.219,-39.626945
1427158087.235,-39.279297
1427158087.251,-38.333725
1427158087.266,-36.7799
1427158087.282,-34.850266
1427158087.298,-32.816826
1427158087.313,-30.82306
1427158087.329,-28.699638
1427158087.344,-26.065472
1427158087.36,-22.477879
1427158087.376,-17.649632
1427158087.391,-11.623203
1427158087.407,-4.774395
1427158087.423,2.35046
1427158087.438,9.1580925
1427158087.454,15.257328
1427158087.469,20.50573
1427158087.485,25.080181
1427158087.501,29.37358
1427158087.516,33.923054
1427158087.532,39.26358
1427158087.548,45.82455
1427158087.563,53.73475
1427158087.579,62.644936
1427158087.594,71.554955
1427158087.61,78.87974
1427158087.626,82.73572
1427158087.641,81.48362
1427158087.657,74.32684
1427158087.673,61.65434
1427158087.688,45.018246
1427158087.704,26.66885
1427158087.719,8.840176
1427158087.735,-6.812359
1427158087.751,-19.518238
1427158087.766,-29.263855
1427158087.782,-36.42772
1427158087.798,-41.392838
1427158087.813,-44.410557
1427158087.829,-45.59348
1427158087.844,-45.143852
1427158087.86,-43.456192
1427158087.876,-41.143555
1427158087.891,-38.86644
1427158087.907,-37.155243
1427158087.923,-36.21808
1427158087.938,-35.918034
1427158087.954,-35.822117
1427158087.969,-35.48189
1427158087.985,-34.582844
1427158088.001,-33.127243
1427158088.016,-31.395594
1427158088.032,-29.750069
1427158088.048,-28.388798
1427158088.063,-27.173166
1427158088.079,-25.59839
1427158088.094,-23.02519
1427158088.11,-18.944702
1427158088.126,-13.278841
1427158088.141,-6.409445
1427158088.157,0.9437294
1427158088.173,8.02795
1427158088.188,14.293892
1427158088.204,19.58575
1427158088.219,24.079603
1427158088.235,28.20905
1427158088.251,32.464333
1427158088.266,37.349762
1427158088.282,43.276962
1427158088.298,50.43135
1427158088.313,58.5832
1427158088.329,66.8539
1427158088.344,73.707375
1427158088.36,77.24264
1427158088.376,75.76899
1427158088.391,68.4662
1427158088.407,55.82145
1427158088.423,39.53296
1427158088.438,21.954876
1427158088.454,5.338866
1427158088.469,-8.842582
1427158088.485,-20.063593
1427158088.501,-28.5302
1427158088.516,-34.67021
1427158088.532,-38.752876
1427158088.548,-40.754456
1427158088.563,-40.61137
1427158088.579,-38.49762
1427158088.594,-35.056824
1427158088.61,-31.281988
1427158088.626,-28.226456
1427158088.641,-26.589905
1427158088.657,-26.485909
1427158088.673,-27.452175
1427158088.688,-28.696114
1427158088.704,-29.48149
1427158088.719,-29.426956
1427158088.735,-28.554127
1427158088.751,-27.220112
1427158088.766,-25.82951
1427158088.782,-24.595158
1427158088.798,-23.38642
1427158088.813,-21.768093
1427158088.829,-19.191086
1427158088.844,-15.274984
1427158088.86,-9.969358
1427158088.876,-3.6181145
1427158088.891,3.1735
1427158088.907,9.744439
1427158088.923,15.617498
1427158088.938,20.612587
1427158088.954,24.873993
1427158088.969,28.769777
1427158088.985,32.793854
1427158089.001,37.436913
1427158089.016,43.14829
1427158089.032,50.103508
1427158089.048,58.055172
1427158089.063,66.096924
1427158089.079,72.68568
1427158089.094,75.950615
1427158089.11,74.26317
1427158089.126,66.84286
1427158089.141,54.15805
1427158089.157,37.83979
1427158089.173,20.175137
1427158089.188,3.400175
1427158089.204,-10.926823
1427158089.219,-22.20681
1427158089.235,-30.574562
1427158089.251,-36.560944
1427158089.266,-40.61371
1427158089.282,-42.927536
1427158089.298,-43.49739
1427158089.313,-42.411144
1427158089.329,-40.038673
1427158089.344,-37.084335
1427158089.36,-34.40509
1427158089.376,-32.70772
1427158089.391,-32.26557
1427158089.407,-32.849167
1427158089.423,-33.860966
1427158089.438,-34.616196
1427158089.454,-34.628574
1427158089.47,-33.75267
1427158089.485,-32.128277
1427158089.501,-30.076973
1427158089.516,-27.848518
1427158089.532,-25.522236
1427158089.548,-22.916431
1427158089.563,-19.721638
1427158089.579,-15.586632
1427158089.594,-10.360462
1427158089.61,-4.1494865
1427158089.626,2.6436958
1427158089.641,9.456047
1427158089.657,15.731434
1427158089.673,21.16555
1427158089.688,25.745026
1427158089.704,29.797466
1427158089.72,33.815742
1427158089.735,38.33711
1427158089.751,43.808746
1427158089.766,50.49211
1427158089.782,58.30928
1427158089.798,66.677025
1427158089.813,74.415215
1427158089.829,79.86261
1427158089.845,81.24875
1427158089.86,77.29843
1427158089.876,67.71874
1427158089.891,53.450043
1427158089.907,36.393337
1427158089.923,18.828571
1427158089.938,2.7229958
1427158089.954,-10.730755
1427158089.97,-21.2202
1427158089.985,-29.016048
1427158090.001,-34.574192
1427158090.016,-38.233227
1427158090.032,-40.178925
1427158090.048,-40.523
1427158090.063,-39.52314
1427158090.079,-37.6651
1427158090.095,-35.60529
1427158090.11,-33.974354
1427158090.126,-33.154873
1427158090.141,-33.132515
1427158090.157,-33.556553
1427158090.173,-33.868214
1427158090.188,-33.640125
1427158090.204,-32.70979
1427158090.22,-31.272179
1427158090.235,-29.68576
1427158090.251,-28.286678
1427158090.266,-27.143852
1427158090.282,-25.97126
1427158090.298,-24.234257
1427158090.313,-21.346378
1427158090.329,-16.944866
1427158090.345,-11.060013
1427158090.36,-4.1441383
1427158090.376,3.0784073
1427158090.391,9.845833
1427158090.407,15.651661
1427158090.423,20.41367
1427158090.438,24.466057
1427158090.454,28.423779
1427158090.47,32.9399
1427158090.485,38.54898
1427158090.501,45.493187
1427158090.516,53.634407
1427158090.532,62.30309
1427158090.548,70.290405
1427158090.563,75.90477
1427158090.579,77.3891
1427158090.595,73.45132
1427158090.61,63.83473
1427158090.626,49.532227
1427158090.641,32.555225
1427158090.657,15.230156
1427158090.673,-0.48457336
1427158090.688,-13.503792
1427158090.704,-23.639652
1427158090.72,-31.218601
1427158090.735,-36.638542
1427158090.751,-40.105194
1427158090.766,-41.633484
1427158090.782,-41.317146
1427158090.798,-39.50282
1427158090.813,-36.865444
1427158090.829,-34.17944
1427158090.845,-32.068707
1427158090.86,-30.766495
1427158090.876,-30.071018
1427158090.891,-29.521416
1427158090.907,-28.687832
1427158090.923,-27.394672
1427158090.938,-25.824924
1427158090.954,-24.345928
1427158090.97,-23.248444
1427158090.985,-22.491955
1427158091.001,-21.628216
1427158091.016,-19.969574
1427158091.032,-16.923016
1427158091.048,-12.273968
1427158091.063,-6.3242455
1427158091.079,0.22689438
1427158091.095,6.5704765
1427158091.11,12.136787
1427158091.126,16.790462
1427158091.141,20.834736
1427158091.157,24.842773
1427158091.173,29.468311
1427158091.188,35.244392
1427158091.204,42.409927
1427158091.22,50.762875
1427158091.235,59.542137
1427158091.251,67.38214
1427158091.266,72.50508
1427158091.282,73.202194
1427158091.298,68.41766
1427158091.313,58.164055
1427158091.329,43.65584
1427158091.345,26.939796
1427158091.36,10.251801
1427158091.376,-4.6466103
1427158091.391,-16.82211
1427158091.407,-26.129913
1427158091.423,-32.83693
1427158091.438,-37.271034
1427158091.454,-39.595142
1427158091.47,-39.8899
1427158091.485,-38.38933
1427158091.501,-35.608326
1427158091.516,-32.347122
1427158091.532,-29.457008
1427158091.548,-27.526783
1427158091.563,-26.67809
1427158091.579,-26.540081
1427158091.595,-26.488842
1427158091.61,-25.982647
1427158091.626,-24.827335
1427158091.641,-23.244926
1427158091.657,-21.67714
1427158091.673,-20.452644
1427158091.688,-19.552353
1427158091.704,-18.512691
1427158091.72,-16.679913
1427158091.735,-13.479874
1427158091.751,-8.768913
1427158091.766,-2.882862
1427158091.782,3.4824944
1427158091.798,9.583965
1427158091.813,14.928295
1427158091.829,19.476582
1427158091.845,23.600574
1427158091.86,27.94653
1427158091.876,33.22269
1427158091.891,39.950115
1427158091.907,48.21966
1427158091.923,57.498344
1427158091.938,66.52731
1427158091.954,73.48329
1427158091.97,76.39191
1427158091.985,73.76258
1427158092.001,65.13472
1427158092.016,51.36587
1427158092.032,34.339607
1427158092.048,16.412254
1427158092.063,-0.3559494
1427158092.079,-14.652779
1427158092.095,-26.036148
1427158092.11,-34.615383
1427158092.126,-40.692467
1427158092.141,-44.449493
1427158092.157,-45.973694
1427158092.173,-45.4196
1427158092.188,-43.233894
1427158092.204,-40.171875
1427158092.22,-37.13401
1427158092.235,-34.877
1427158092.251,-33.758083
1427158092.266,-33.62683
1427158092.282,-33.977203
1427158092.298,-34.15544
1427158092.313,-33.71322
1427158092.329,-32.517788
1427158092.345,-30.794544
1427158092.36,-28.932636
1427158092.376,-27.259811
1427158092.392,-25.783852
1427158092.407,-24.150581
1427158092.423,-21.76445
1427158092.438,-18.049618
1427158092.454,-12.74836
1427158092.47,-6.096405
1427158092.485,1.2415543
1427158092.501,8.396854
1427158092.517,14.669474
1427158092.532,19.80392
1427158092.548,24.086027
1427158092.563,28.185825
1427158092.579,32.93223
1427158092.595,38.972427
1427158092.61,46.608177
1427158092.626,55.688377
1427158092.642,65.53544
1427158092.657,74.89463
1427158092.673,82.03722
1427158092.688,85.07063
1427158092.704,82.45481
1427158092.72,73.608246
1427158092.735,59.24878
1427158092.751,41.25959
1427158092.767,22.169132
1427158092.782,4.2934556
1427158092.798,-10.864933
1427158092.813,-22.868866
1427158092.829,-32.03062
1427158092.845,-38.92802
1427158092.86,-43.884422
1427158092.876,-46.91242
1427158092.892,-47.89381
1427158092.907,-46.95219
1427158092.923,-44.64313
1427158092.938,-41.90113
1427158092.954,-39.66947
1427158092.97,-38.560852
1427158092.985,-38.607113
1427158093.001,-39.327736
1427158093.017,-39.98317
1427158093.032,-39.95156
1427158093.048,-38.96114
1427158093.063,-37.19065
1427158093.079,-35.0623
1427158093.095,-33.017162
1427158093.11,-31.239006
1427158093.126,-29.521927
1427158093.142,-27.384853
1427158093.157,-24.235155
1427158093.173,-19.674866
1427158093.188,-13.68406
1427158093.204,-6.6698847
1427158093.22,0.6666961
1427158093.235,7.6121264
1427158093.251,13.682824
1427158093.267,18.818926
1427158093.282,23.312864
1427158093.298,27.735672
1427158093.313,32.717255
1427158093.329,38.83872
1427158093.345,46.44092
1427158093.36,55.47454
1427158093.376,65.28107
1427158093.392,74.49009
1427158093.407,81.1865
1427158093.423,83.34513
1427158093.438,79.5343
1427158093.454,69.481125
1427158093.47,54.294025
1427158093.485,36.132435
1427158093.501,17.468567
1427158093.517,0.36132813
1427158093.532,-14.04063
1427158093.548,-25.465328
1427158093.563,-34.174393
1427158093.579,-40.465355
1427158093.595,-44.448975
1427158093.61,-46.097805
1427158093.626,-45.501415
1427158093.642,-43.16304
1427158093.657,-39.988327
1427158093.673,-37.037025
1427158093.688,-35.154415
1427158093.704,-34.609024
1427158093.72,-35.063942
1427158093.735,-35.783867
1427158093.751,-36.014275
1427158093.767,-35.317707
1427158093.782,-33.76057
1427158093.798,-31.75818
1427158093.813,-29.828259
1427158093.829,-28.26407
1427158093.845,-26.95635
1427158093.86,-25.40769
1427158093.876,-22.967752
1427158093.892,-19.100117
1427158093.907,-13.648062
1427158093.923,-6.930502
1427158093.938,0.361475
1427158093.954,7.4215736
1427158093.97,13.630131
1427158093.985,18.815308
1427158094.001,23.276918
1427158094.017,27.678328
1427158094.032,32.798927
1427158094.048,39.26792
1427158094.063,47.30123
1427158094.079,56.55903
1427158094.095,66.04616
1427158094.11,74.19891
1427158094.126,79.1659
1427158094.142,79.27544
1427158094.157,73.565125
1427158094.173,62.193832
1427158094.188,46.456573
1427158094.204,28.448833
1427158094.22,10.432255
1427158094.235,-5.7179337
1427158094.251,-18.902332
1427158094.267,-28.781284
1427158094.282,-35.544178
1427158094.298,-39.57444
1427158094.313,-41.30896
1427158094.329,-41.162785
1427158094.345,-39.63448
1427158094.36,-37.32125
1427158094.376,-34.872814
1427158094.392,-32.84979
1427158094.407,-31.592342
1427158094.423,-31.117641
1427158094.438,-31.126846
1427158094.454,-31.187477
1427158094.47,-30.92221
1427158094.485,-30.18261
1427158094.501,-29.110394
1427158094.517,-28.01289
1427158094.532,-27.122337
1427158094.548,-26.37492
1427158094.563,-25.309566
1427158094.579,-23.217175
1427158094.595,-19.495747
1427158094.61,-13.935654
1427158094.626,-6.8973694
1427158094.642,0.80132675
1427158094.657,8.197544
1427158094.673,14.571732
1427158094.688,19.726646
1427158094.704,24.034657
1427158094.72,28.264309
1427158094.735,33.363243
1427158094.751,40.063717
1427158094.767,48.608063
1427158094.782,58.42713
1427158094.798,68.12941
1427158094.813,75.65932
1427158094.829,78.84181
1427158094.845,76.09491
1427158094.86,67.0025
1427158094.876,52.56418
1427158094.892,34.851505
1427158094.907,16.337204
1427158094.923,-0.87448883
1427158094.938,-15.53875
1427158094.954,-27.263
1427158094.97,-36.246124
1427158094.985,-42.777473
1427158095.001,-47.02651
1427158095.017,-49.01982
1427158095.032,-48.88615
1427158095.048,-47.0137
1427158095.064,-44.166542
1427158095.079,-41.262016
1427158095.095,-39.05858
1427158095.11,-37.87092
1427158095.126,-37.509434
1427158095.142,-37.410362
1427158095.157,-36.975044
1427158095.173,-35.86401
1427158095.189,-34.140415
1427158095.204,-32.192463
1427158095.22,-30.487751
1427158095.235,-29.262089
1427158095.251,-28.354908
1427158095.267,-27.213509
1427158095.282,-25.119469
1427158095.298,-21.473923
1427158095.314,-16.0966
1427158095.329,-9.286831
1427158095.345,-1.7300644
1427158095.36,5.765499
1427158095.376,12.569893
1427158095.392,18.425785
1427158095.407,23.467121
1427158095.423,28.140926
1427158095.439,33.02259
1427158095.454,38.690422
1427158095.47,45.605297
1427158095.485,54.01559
1427158095.501,63.667507
1427158095.517,73.64679
1427158095.532,82.239
1427158095.548,87.28058
1427158095.564,86.77461
1427158095.579,79.65057
1427158095.595,66.289536
1427158095.61,48.492565
1427158095.626,28.892117
1427158095.642,10.077877
1427158095.657,-6.140835
1427158095.673,-19.019798
1427158095.689,-28.70095
1427158095.704,-35.726723
1427158095.72,-40.672287
1427158095.735,-43.86547
1427158095.751,-45.48344
1427158095.767,-45.704857
1427158095.782,-44.86828
1427158095.798,-43.471916
1427158095.814,-42.111496
1427158095.829,-41.271103
1427158095.845,-41.18608
1427158095.86,-41.732105
1427158095.876,-42.513813
1427158095.892,-42.995422
1427158095.907,-42.749763
1427158095.923,-41.652416
1427158095.939,-39.895195
1427158095.954,-37.84989
1427158095.97,-35.834267
1427158095.985,-33.87134
1427158096.001,-31.66867
1427158096.017,-28.685497
1427158096.032,-24.46302
1427158096.048,-18.780304
1427158096.064,-11.867062
1427158096.079,-4.293972
1427158096.095,3.1825294
1427158096.11,9.960205
1427158096.126,15.777592
1427158096.142,20.807056
1427158096.157,25.55045
1427158096.173,30.611347
1427158096.189,36.508503
1427158096.204,43.560616
1427158096.22,51.7901
1427158096.235,60.868057
1427158096.251,69.9285
1427158096.267,77.59567
1427158096.282,82.11945
1427158096.298,81.84752
1427158096.314,75.78664
1427158096.329,64.09589
1427158096.345,48.106377
1427158096.36,29.975231
1427158096.376,11.963291
1427158096.392,-4.2086906
1427158096.407,-17.681831
1427158096.423,-28.322918
1427158096.439,-36.355293
1427158096.454,-42.015903
1427158096.47,-45.38599
1427158096.485,-46.55793
1427158096.501,-45.795692
1427158096.517,-43.6836
1427158096.532,-41.037895
1427158096.548,-38.671734
1427158096.564,-37.12168
1427158096.579,-36.453724
1427158096.595,-36.341595
1427158096.61,-36.196934
1427158096.626,-35.533257
1427158096.642,-34.16774
1427158096.657,-32.32743
1427158096.673,-30.44838
1427158096.689,-28.942253
1427158096.704,-27.877213
1427158096.72,-26.895767
1427158096.735,-25.336834
1427158096.751,-22.567581
1427158096.767,-18.2602
1427158096.782,-12.564156
1427158096.798,-5.9926453
1427158096.814,0.80597305
1427158096.829,7.319763
1427158096.845,13.293465
1427158096.86,18.759026
1427158096.876,23.928337
1427158096.892,29.134071
1427158096.907,34.786583
1427158096.923,41.316998
1427158096.939,49.03439
1427158096.954,57.81524
1427158096.97,66.82889
1427158096.985,74.47601
1427158097.001,78.71497
1427158097.017,77.72522
1427158097.032,70.63269
1427158097.048,57.971516
1427158097.064,41.500168
1427158097.079,23.644196
1427158097.095,6.662178
1427158097.11,-7.958168
1427158097.126,-19.66537
1427158097.142,-28.539387
1427158097.157,-34.91165
1427158097.173,-38.94318
1427158097.189,-40.667133
1427158097.204,-40.167564
1427158097.22,-37.88846
1427158097.235,-34.6638
1427158097.251,-31.5475
1427158097.267,-29.41536
1427158097.282,-28.630867
1427158097.298,-28.951855
1427158097.314,-29.718681
1427158097.329,-30.194504
1427158097.345,-29.960716
1427158097.36,-29.018803
1427158097.376,-27.696392
1427158097.392,-26.36131
1427158097.407,-25.156864
1427158097.423,-23.845325
1427158097.439,-21.95583
1427158097.454,-19.004536
1427158097.47,-14.796879
1427158097.485,-9.517132
1427158097.501,-3.660984
1427158097.517,2.1589165
1427158097.532,7.4942017
1427158097.548,12.245556
1427158097.564,16.672646
1427158097.579,21.31223
1427158097.595,26.766117
1427158097.61,33.573044
1427158097.626,41.92512
1427158097.642,51.514492
1427158097.657,61.33999
1427158097.673,69.765945
1427158097.689,74.79708
1427158097.704,74.67874
1427158097.72,68.57691
1427158097.736,56.97528
1427158097.751,41.605377
1427158097.767,24.836319
1427158097.782,8.828995
1427158097.798,-5.0830116
1427158097.814,-16.542854
1427158097.829,-25.843975
1427158097.845,-33.355103
1427158097.861,-39.164146
1427158097.876,-43.062294
1427158097.892,-44.83263
1427158097.907,-44.59995
1427158097.923,-42.94952
1427158097.939,-40.764168
1427158097.954,-38.8611
1427158097.97,-37.702713
1427158097.986,-37.26426
1427158098.001,-37.150703
1427158098.017,-36.86144
1427158098.032,-36.048634
1427158098.048,-34.65381
1427158098.064,-32.900185
1427158098.079,-31.099754
1427158098.095,-29.466846
1427158098.111,-27.871685
1427158098.126,-25.90094
1427158098.142,-22.97039
1427158098.157,-18.633919
1427158098.173,-12.808676
1427158098.189,-5.884365
1427158098.204,1.3908596
1427158098.22,8.24049
1427158098.236,14.142464
1427158098.251,19.049738
1427158098.267,23.333673
1427158098.282,27.622414
1427158098.298,32.608566
1427158098.314,38.826714
1427158098.329,46.478825
1427158098.345,55.284256
1427158098.361,64.33181
1427158098.376,72.09078
1427158098.392,76.68152
1427158098.407,76.40024
1427158098.423,70.33355
1427158098.439,58.790657
1427158098.454,43.297054
1427158098.47,26.081188
1427158098.486,9.367577
1427158098.501,-5.2831316
1427158098.517,-17.215538
1427158098.532,-26.472948
1427158098.548,-33.38136
1427158098.564,-38.21971
1427158098.579,-41.073563
1427158098.595,-42.029728
1427158098.611,-41.372845
1427158098.626,-39.69214
1427158098.642,-37.767525
1427158098.657,-36.306503
1427158098.673,-35.678955
1427158098.689,-35.8285
1427158098.704,-36.34492
1427158098.72,-36.71396
1427158098.736,-36.52128
1427158098.751,-35.6261
1427158098.767,-34.147743
1427158098.782,-32.36258
1427158098.798,-30.570475
1427158098.814,-28.914545
1427158098.829,-27.298487
1427158098.845,-25.362364
1427158098.861,-22.551243
1427158098.876,-18.342178
1427158098.892,-12.486368
1427158098.907,-5.214347
1427158098.923,2.7816868
1427158098.939,10.5617
1427158098.954,17.309376
1427158098.97,22.65982
1427158098.986,26.80032
1427158099.001,30.347626
1427158099.017,34.052902
1427158099.032,38.560753
1427158099.048,44.27147
1427158099.064,51.270905
1427158099.079,59.279285
1427158099.095,67.4554
1427158099.111,74.408104
1427158099.126,78.36127
1427158099.142,77.65252
1427158099.157,71.35999
1427158099.173,59.75582
1427158099.189,44.2873
1427158099.204,27.132162
1427158099.22,10.415268
1427158099.236,-4.3422604
1427158099.251,-16.46779
1427158099.267,-25.978706
1427158099.282,-33.169327
1427158099.298,-38.29068
1427158099.314,-41.4545
1427158099.329,-42.74118
1427158099.345,-42.385357
1427158099.361,-40.877228
1427158099.376,-38.899696
1427158099.392,-37.099297
1427158099.407,-35.910194
1427158099.423,-35.373917
1427158099.439,-35.19926
1427158099.454,-34.915627
1427158099.47,-34.163334
1427158099.486,-32.81465
1427158099.501,-31.075191
1427158099.517,-29.287182
1427158099.532,-27.736362
1427158099.548,-26.406658
1427158099.564,-24.963924
1427158099.579,-22.844296
1427158099.595,-19.54089
1427158099.611,-14.795368
1427158099.626,-8.759983
1427158099.642,-1.9630127
1427158099.657,4.8791428
1427158099.673,11.131611
1427158099.689,16.436508
1427158099.704,20.844944
1427158099.72,24.781582
1427158099.736,28.875229
1427158099.751,33.786667
1427158099.767,40.040466
1427158099.782,47.794334
1427158099.798,56.69505
1427158099.814,65.711784
1427158099.829,73.21306
1427158099.845,77.25475
1427158099.861,76.1879
1427158099.876,69.250015
1427158099.892,56.968063
1427158099.907,41.04028
1427158099.923,23.806072
1427158099.939,7.453041
1427158099.954,-6.584282
1427158099.97,-17.780903
1427158099.986,-26.261623
1427158100.001,-32.3272
1427158100.017,-36.12942
1427158100.032,-37.69185
1427158100.048,-37.105732
1427158100.064,-34.816017
1427158100.079,-31.635887
1427158100.095,-28.532612
1427158100.111,-26.272724
1427158100.126,-25.176353
1427158100.142,-25.038582
1427158100.157,-25.3611
1427158100.173,-25.608261
1427158100.189,-25.503326
1427158100.204,-25.067585
1427158100.22,-24.519032
1427158100.236,-24.019753
1427158100.251,-23.51751
1427158100.267,-22.648369
1427158100.282,-20.90784
1427158100.298,-17.84048
1427158100.314,-13.297066
1427158100.329,-7.496353
1427158100.345,-0.9908829
1427158100.361,5.590725
1427158100.376,11.72002
1427158100.392,17.148193
1427158100.408,21.901047
1427158100.423,26.320423
1427158100.439,30.905014
1427158100.454,36.242798
1427158100.47,42.779102
1427158100.486,50.53749
1427158100.501,58.853237
1427158100.517,66.297806
1427158100.532,70.96402
1427158100.548,71.057495
1427158100.564,65.547104
1427158100.579,54.647995
1427158100.595,39.76848
1427158100.611,23.078262
1427158100.626,6.7340736
1427158100.642,-7.6619186
1427158100.658,-19.33868
1427158100.673,-28.212074
1427158100.689,-34.558838
1427158100.704,-38.682503
1427158100.72,-40.790516
1427158100.736,-41.063164
1427158100.751,-39.799248
1427158100.767,-37.53962
1427158100.783,-34.961266
1427158100.798,-32.72495
1427158100.814,-31.207825
1427158100.829,-30.375774
1427158100.845,-29.894802
1427158100.861,-29.286167
1427158100.876,-28.257057
1427158100.892,-26.80975
1427158100.908,-25.231827
1427158100.923,-23.822948
1427158100.939,-22.677826
1427158100.954,-21.521523
1427158100.97,-19.805332
1427158100.986,-16.964993
1427158101.001,-12.674419
1427158101.017,-7.0369225
1427158101.033,-0.54402924
1427158101.048,6.1153755
1427158101.064,12.311245
1427158101.079,17.699272
1427158101.095,22.306198
1427158101.111,26.568645
1427158101.126,31.171162
1427158101.142,36.878952
1427158101.158,44.192787
1427158101.173,53.101547
1427158101.189,62.777054
1427158101.204,71.59206
1427158101.22,77.437225
1427158101.236,78.325806
1427158101.251,73.11301
1427158101.267,61.949356
1427158101.283,46.339756
1427158101.298,28.6343
1427158101.314,11.254505
1427158101.329,-3.9824028
1427158101.345,-16.31466
1427158101.361,-25.796947
1427158101.376,-32.910305
1427158101.392,-38.056065
1427158101.408,-41.38173
1427158101.423,-42.864307
1427158101.439,-42.626198
1427158101.454,-41.098457
1427158101.47,-38.97912
1427158101.486,-36.95484
1427158101.501,-35.39887
1427158101.517,-34.25948
1427158101.533,-33.17915
1427158101.548,-31.749592
1427158101.564,-29.833797
1427158101.579,-27.638336
1427158101.595,-25.599735
1427158101.611,-24.083107
1427158101.626,-23.17229
1427158101.642,-22.480003
1427158101.658,-21.342934
1427158101.673,-19.024055
1427158101.689,-15.068272
1427158101.704,-9.523663
1427158101.72,-2.9358177
1427158101.736,3.8558502
1427158101.751,10.043869
1427158101.767,15.19696
1427158101.783,19.3834
1427158101.798,23.13911
1427158101.814,27.233799
1427158101.829,32.464874
1427158101.845,39.330814
1427158101.861,47.86532
1427158101.876,57.40359
1427158101.892,66.53849
1427158101.908,73.27579
1427158101.923,75.57968
1427158101.939,71.98895
1427158101.954,62.257744
1427158101.97,47.514774
1427158101.986,29.935448
1427158102.001,12.029957
1427158102.017,-4.1646614
1427158102.033,-17.512741
1427158102.048,-27.748814
1427158102.064,-35.13385
1427158102.079,-40.048683
1427158102.095,-42.76304
1427158102.111,-43.48362
1427158102.126,-42.524014
1427158102.142,-40.42437
1427158102.158,-37.879158
1427158102.173,-35.539745
1427158102.189,-33.79909
1427158102.204,-32.695915
1427158102.22,-31.96484
1427158102.236,-31.220737
1427158102.251,-30.198418
1427158102.267,-28.88435
1427158102.283,-27.514893
1427158102.298,-26.40018
1427158102.314,-25.716476
1427158102.329,-25.28706
1427158102.345,-24.576454
1427158102.361,-22.84658
1427158102.376,-19.481731
1427158102.392,-14.269016
1427158102.408,-7.584694
1427158102.423,-0.24751663
1427158102.439,6.7800694
1427158102.454,12.791536
1427158102.47,17.618778
1427158102.486,21.669151
1427158102.501,25.733139
1427158102.517,30.725853
1427158102.533,37.29169
1427158102.548,45.584213
1427158102.564,55.05471
1427158102.579,64.436134
1427158102.595,71.86772
1427158102.611,75.39121
1427158102.626,73.444534
1427158102.642,65.47574
1427158102.658,52.206894
1427158102.673,35.482582
1427158102.689,17.694109
1427158102.704,1.0581837
1427158102.72,-12.974672
1427158102.736,-23.893993
1427158102.751,-31.880508
1427158102.767,-37.39701
1427158102.783,-40.821823
1427158102.798,-42.330666
1427158102.814,-42.048492
1427158102.829,-40.210243
1427158102.845,-37.283337
1427158102.861,-33.83996
1427158102.876,-30.433
1427158102.892,-27.373846
1427158102.908,-24.75175
1427158102.923,-22.49908
1427158102.939,-20.535234
1427158102.954,-18.860397
1427158102.97,-17.509417
1427158102.986,-16.416489
1427158103.001,-15.367979
1427158103.017,-14.001217
1427158103.033,-11.914938
1427158103.048,-8.838142
1427158103.064,-4.7303505
1427158103.08,0.20955467
1427158103.095,5.6187515
1427158103.111,11.072747
1427158103.126,16.243038
1427158103.142,20.990486
1427158103.158,25.4445
1427158103.173,30.046957
1427158103.189,35.405434
1427158103.204,42.0243
1427158103.22,49.890835
1427158103.236,58.181236
1427158103.251,65.19723
1427158103.267,68.80225
1427158103.283,67.129265
1427158103.298,59.333878
1427158103.314,46.013042
1427158103.33,29.08448
1427158103.345,11.113291
1427158103.361,-5.491306
1427158103.376,-19.175026
1427158103.392,-29.430029
1427158103.408,-36.580326
1427158103.423,-41.287212
1427158103.439,-44.136726
1427158103.455,-45.37667
1427158103.47,-45.063454
1427158103.486,-43.24056
1427158103.501,-40.190346
1427158103.517,-36.457
1427158103.533,-32.738365
1427158103.548,-29.637129
1427158103.564,-27.49951
1427158103.58,-26.294254
1427158103.595,-25.711718
1427158103.611,-25.279549
1427158103.626,-24.562004
1427158103.642,-23.221336
1427158103.658,-21.09128
1427158103.673,-18.130886
1427158103.689,-14.410326
1427158103.705,-10.103497
1427158103.72,-5.4307547
1427158103.736,-0.5856657
1427158103.751,4.2992105
1427158103.767,9.239214
1427158103.783,14.379777
1427158103.798,20.021816
1427158103.814,26.522995
1427158103.83,34.231796
1427158103.845,43.25288
1427158103.861,53.22152
1427158103.876,63.036022
1427158103.892,70.95419
1427158103.908,74.924385
1427158103.923,73.275955
1427158103.939,65.37621
1427158103.955,51.9747
1427158103.97,35.03032
1427158103.986,17.082596
1427158104.001,0.42499924
1427158104.017,-13.469736
1427158104.033,-24.126442
1427158104.048,-31.775
1427158104.064,-36.928165
1427158104.08,-40.005127
1427158104.095,-41.271915
1427158104.111,-40.92366
1427158104.126,-39.263878
1427158104.142,-36.7455
1427158104.158,-33.945877
1427158104.173,-31.372763
1427158104.189,-29.351967
1427158104.205,-27.964758
1427158104.22,-27.0879
1427158104.236,-26.506418
1427158104.251,-25.992323
1427158104.267,-25.357584
1427158104.283,-24.44653
1427158104.298,-23.026344
1427158104.314,-20.840221
1427158104.33,-17.638435
1427158104.345,-13.315296
1427158104.361,-7.9969025
1427158104.376,-2.036377
1427158104.392,4.105854
1427158104.408,10.025654
1427158104.423,15.565556
1427158104.439,20.853207
1427158104.455,26.325325
1427158104.47,32.551693
1427158104.486,40.081364
1427158104.501,49.10137
1427158104.517,59.163944
1427158104.533,68.97665
1427158104.548,76.56271
1427158104.564,79.73795
1427158104.58,76.83358
1427158104.595,67.39433
1427158104.611,52.446815
1427158104.626,34.1944
1427158104.642,15.278324
1427158104.658,-2.084465
1427158104.673,-16.59208
1427158104.689,-27.978157
1427158104.705,-36.571472
1427158104.72,-42.837826
1427158104.736,-46.99935
1427158104.751,-49.083244
1427158104.767,-49.133274
1427158104.783,-47.49956
1427158104.798,-44.931046
1427158104.814,-42.38401
1427158104.83,-40.657444
1427158104.845,-40.060307
1427158104.861,-40.28001
1427158104.876,-40.600037
1427158104.892,-40.258083
1427158104.908,-38.894787
1427158104.923,-36.707985
1427158104.939,-34.32579
1427158104.955,-32.347656
1427158104.97,-30.985512
1427158104.986,-29.850319
1427158105.001,-28.121956
1427158105.017,-24.956383
1427158105.033,-19.929695
1427158105.048,-13.218567
1427158105.064,-5.524704
1427158105.08,2.2420044
1427158105.095,9.326843
1427158105.111,15.426582
1427158105.126,20.733612
1427158105.142,25.81559
1427158105.158,31.416306
1427158105.173,38.221916
1427158105.189,46.625267
1427158105.205,56.529747
1427158105.22,67.149475
1427158105.236,77.026245
1427158105.251,84.187355
1427158105.267,86.65773
1427158105.283,83.065765
1427158105.298,73.161385
1427158105.314,57.99916
1427158105.33,39.664238
1427158105.345,20.611336
1427158105.361,2.9448318
1427158105.376,-12.056038
1427158105.392,-24.043945
1427158105.408,-33.24923
1427158105.423,-40.038185
1427158105.439,-44.648056
1427158105.455,-47.118233
1427158105.47,-47.53823
1427158105.486,-46.255966
1427158105.501,-43.96366
1427158105.517,-41.487778
1427158105.533,-39.525948
1427158105.548,-38.352158
1427158105.564,-37.746643
1427158105.58,-37.178497
1427158105.595,-36.15776
1427158105.611,-34.4718
1427158105.626,-32.320847
1427158105.642,-30.107918
1427158105.658,-28.153984
1427158105.673,-26.42939
1427158105.689,-24.4822
1427158105.705,-21.6176
1427158105.72,-17.260788
1427158105.736,-11.289001
1427158105.751,-4.161705
1427158105.767,3.2538757
1427158105.783,10.05117
1427158105.798,15.749512
1427158105.814,20.426651
1427158105.83,24.709946
1427158105.845,29.434395
1427158105.861,35.345535
1427158105.876,42.844345
1427158105.892,51.84709
1427158105.908,61.711494
1427158105.923,71.20801
1427158105.939,78.59296
1427158105.955,81.92629
1427158105.97,79.57946
1427158105.986,70.9034
1427158106.002,56.559814
1427158106.017,38.49273
1427158106.033,19.279228
1427158106.048,1.3257065
1427158106.064,-13.841843
1427158106.08,-25.774307
1427158106.095,-34.840034
1427158106.111,-41.625465
1427158106.127,-46.53691
1427158106.142,-49.63356
1427158106.158,-50.828186
1427158106.173,-50.17527
1427158106.189,-48.068466
1427158106.205,-45.185776
1427158106.22,-42.27704
1427158106.236,-39.90123
1427158106.252,-38.27384
1427158106.267,-37.271202
1427158106.283,-36.56172
1427158106.298,-35.78425
1427158106.314,-34.6873
1427158106.33,-33.141365
1427158106.345,-31.07949
1427158106.361,-28.409515
1427158106.377,-24.984901
1427158106.392,-20.672714
1427158106.408,-15.478149
1427158106.423,-9.594856
1427158106.439,-3.4183578
1427158106.455,2.6504593
1427158106.47,8.33847
1427158106.486,13.716827
1427158106.502,19.174095
1427158106.517,25.34121
1427158106.533,32.76645
1427158106.548,41.573097
1427158106.564,51.141502
1427158106.58,60.022858
1427158106.595,66.20456
1427158106.611,67.7207
1427158106.627,63.310616
1427158106.642,52.978706
1427158106.658,38.061317
1427158106.673,20.82341
1427158106.689,3.7032242
1427158106.705,-11.398338
1427158106.72,-23.533638
1427158106.736,-32.620346
1427158106.752,-39.10238
1427158106.767,-43.48755
1427158106.783,-46.08349
1427158106.798,-46.956818
1427158106.814,-46.13851
1427158106.83,-43.78662
1427158106.845,-40.316536
1427158106.861,-36.32412
1427158106.877,-32.450172
1427158106.892,-29.197731
1427158106.908,-26.807716
1427158106.923,-25.216316
1427158106.939,-24.153587
1427158106.955,-23.199707
1427158106.97,-21.96939
1427158106.986,-20.11361
1427158107.002,-17.456917
1427158107.017,-13.93602
1427158107.033,-9.629883
1427158107.048,-4.728775
1427158107.064,0.50868225
1427158107.08,5.8359756
1427158107.095,11.079704
1427158107.111,16.24456
1427158107.127,21.538445
1427158107.142,27.371101
1427158107.158,34.235565
1427158107.173,42.51085
1427158107.189,52.11252
1427158107.205,62.250793
1427158107.22,71.31521
1427158107.236,77.19905
1427158107.252,77.88901
1427158107.267,72.242836
1427158107.283,60.478584
1427158107.298,44.210457
1427158107.314,25.894753
1427158107.33,8.051605
1427158107.345,-7.540024
1427158107.361,-20.128578
1427158107.377,-29.848259
1427158107.392,-37.208847
1427158107.408,-42.65799
1427158107.423,-46.325882
1427158107.439,-48.135124
1427158107.455,-48.048492
1427158107.47,-46.306633
1427158107.486,-43.424355
1427158107.502,-40.118675
1427158107.517,-37.03884
1427158107.533,-34.597885
1427158107.548,-32.856865
1427158107.564,-31.573242
1427158107.58,-30.323654
1427158107.595,-28.693909
1427158107.611,-26.392342
1427158107.627,-23.35099
1427158107.642,-19.701622
1427158107.658,-15.689331
1427158107.673,-11.53347
1427158107.689,-7.352661
1427158107.705,-3.06456
1427158107.72,1.5210648
1427158107.736,6.688141
1427158107.752,12.663452
1427158107.767,19.6809
1427158107.783,27.89824
1427158107.798,37.325745
1427158107.814,47.607857
1427158107.83,57.804535
1427158107.845,66.336914
1427158107.861,71.275696
1427158107.877,70.90501
1427158107.892,64.43625
1427158107.908,52.41481
1427158107.923,36.61734
1427158107.939,19.46965
1427158107.955,3.201332
1427158107.97,-10.79203
1427158107.986,-22.093742
1427158108.002,-30.983429
1427158108.017,-37.876846
1427158108.033,-42.91156
1427158108.048,-45.86136
1427158108.064,-46.43548
1427158108.08,-44.59355
1427158108.095,-40.83927
1427158108.111,-36.134995
1427158108.127,-31.626648
1427158108.142,-28.213852
1427158108.158,-26.246078
1427158108.173,-25.445805
1427158108.189,-25.104801
1427158108.205,-24.423641
1427158108.22,-22.864216
1427158108.236,-20.267124
1427158108.252,-16.86678
1427158108.267,-13.044765
1427158108.283,-9.138725
1427158108.298,-5.275955
1427158108.314,-1.364048
1427158108.33,2.8393211
1427158108.345,7.5735855
1427158108.361,13.036598
1427158108.377,19.40036
1427158108.392,26.81044
1427158108.408,35.30806
1427158108.423,44.65855
1427158108.439,54.049114
1427158108.455,62.01708
1427158108.47,66.647766
1427158108.486,66.16208
1427158108.502,59.61791
1427158108.517,47.39803
1427158108.533,31.228508
1427158108.548,13.61351
1427158108.564,-2.9937515
1427158108.58,-16.930946
1427158108.595,-27.579079
1427158108.611,-35.11833
1427158108.627,-40.10271
1427158108.642,-43.001728
1427158108.658,-44.10688
1427158108.674,-43.615517
1427158108.689,-41.857674
1427158108.705,-39.30864
1427158108.72,-36.536118
1427158108.736,-33.98661
1427158108.752,-31.911398
1427158108.767,-30.323315
1427158108.783,-29.108194
1427158108.799,-28.123613
1427158108.814,-27.238197
1427158108.83,-26.327675
1427158108.845,-25.22082
1427158108.861,-23.659788
1427158108.877,-21.385475
1427158108.892,-18.180641
1427158108.908,-14.009747
1427158108.924,-9.015328
1427158108.939,-3.5663939
1427158108.955,1.9418526
1427158108.97,7.1431646
1427158108.986,11.947128
1427158109.002,16.528976
1427158109.017,21.381397
1427158109.033,27.136944
1427158109.049,34.366833
1427158109.064,43.24691
1427158109.08,53.240437
1427158109.095,62.96352
1427158109.111,70.36776
1427158109.127,73.29045
1427158109.142,70.17651
1427158109.158,60.74585
1427158109.174,46.23249
1427158109.189,28.943542
1427158109.205,11.514681
1427158109.22,-4.0225487
1427158109.236,-16.647799
1427158109.252,-26.346956
1427158109.267,-33.54474
1427158109.283,-38.66236
1427158109.299,-41.76662
1427158109.314,-42.779015
1427158109.33,-41.778385
1427158109.345,-39.23267
1427158109.361,-35.94873
1427158109.377,-32.811005
1427158109.392,-30.374613
1427158109.408,-28.730556
1427158109.424,-27.574677
1427158109.439,-26.459518
1427158109.455,-25.100842
1427158109.47,-23.537792
1427158109.486,-22.019695
1427158109.502,-20.80558
1427158109.517,-19.915226
1427158109.533,-19.069496
1427158109.549,-17.693684
1427158109.564,-15.217724
1427158109.58,-11.277767
1427158109.595,-5.9385376
1427158109.611,0.3388481
1427158109.627,6.8489723
1427158109.642,12.930328
1427158109.658,18.171963
1427158109.674,22.574516
1427158109.689,26.518288
1427158109.705,30.649399
1427158109.72,35.66983
1427158109.736,42.112892
1427158109.752,50.049698
1427158109.767,58.89219
1427158109.783,67.2525
1427158109.799,73.20971
1427158109.814,74.80345
1427158109.83,70.72228
1427158109.845,60.822586
1427158109.861,46.254112
1427158109.877,29.129303
1427158109.892,11.824478
1427158109.908,-3.7387924
1427158109.924,-16.459488
1427158109.939,-26.073486
1427158109.955,-32.783035
1427158109.97,-36.93541
1427158109.986,-38.799637
1427158110.002,-38.623047
1427158110.017,-36.80387
1427158110.033,-33.984314
1427158110.049,-30.96254
1427158110.064,-28.466927
1427158110.08,-26.882645
1427158110.095,-26.157272
1427158110.111,-25.840958
1427158110.127,-25.394508
1427158110.142,-24.462372
1427158110.158,-23.088455
1427158110.174,-21.609947
1427158110.189,-20.43824
1427158110.205,-19.702934
1427158110.22,-19.098572
1427158110.236,-17.971535
1427158110.252,-15.611618
1427158110.267,-11.613167
1427158110.283,-6.085739
1427158110.299,0.38487244
1427158110.314,6.968338
1427158110.33,12.956612
1427158110.345,18.008461
1427158110.361,22.251556
1427158110.377,26.16967
1427158110.392,30.490013
1427158110.408,35.886765
1427158110.424,42.759056
1427158110.439,50.929474
1427158110.455,59.487373
1427158110.47,66.77081
1427158110.486,70.807465
1427158110.502,69.89167
1427158110.517,63.2696
1427158110.533,51.471115
1427158110.549,36.207077
1427158110.564,19.739937
1427158110.58,4.1792145
1427158110.595,-9.157562
1427158110.611,-19.864052
1427158110.627,-28.154015
1427158110.642,-34.37983
1427158110.658,-38.691772
1427158110.674,-40.9283
1427158110.689,-40.95958
1427158110.705,-38.967575
1427158110.72,-35.656982
1427158110.736,-32.058304
1427158110.752,-29.182846
1427158110.767,-27.600052
1427158110.783,-27.258453
1427158110.799,-27.574646
1427158110.814,-27.790329
1427158110.83,-27.350922
1427158110.845,-26.161469
1427158110.861,-24.531693
1427158110.877,-22.961838
1427158110.892,-21.781296
1427158110.908,-20.952637
1427158110.924,-20.006271
1427158110.939,-18.27565
1427158110.955,-15.169449
1427158110.97,-10.496933
1427158110.986,-4.55925
1427158111.002,1.931778
1427158111.017,8.15213
1427158111.033,13.479263
1427158111.049,17.802078
1427158111.064,21.484604
1427158111.08,25.200684
1427158111.095,29.639908
1427158111.111,35.28018
1427158111.127,42.273026
1427158111.142,50.444702
1427158111.158,59.19632
1427158111.174,67.49478
1427158111.189,73.85779
1427158111.205,76.620895
1427158111.22,74.38609
1427158111.236,66.604065
1427158111.252,53.885498
1427158111.267,37.939606
1427158111.283,21.035797
1427158111.299,5.27211
1427158111.314,-8.019653
1427158111.33,-18.433792
1427158111.346,-26.277145
1427158111.361,-32.05484
1427158111.377,-36.11299
1427158111.392,-38.513107
1427158111.408,-39.220215
1427158111.424,-38.34407
1427158111.439,-36.31154
1427158111.455,-33.799377
1427158111.47,-31.530884
1427158111.486,-29.992432
1427158111.502,-29.28453
1427158111.517,-29.15274
1427158111.533,-29.175537
1427158111.549,-28.991867
1427158111.564,-28.455002
1427158111.58,-27.627808
1427158111.596,-26.684921
1427158111.611,-25.734985
1427158111.627,-24.74739
1427158111.642,-23.535858
1427158111.658,-21.828598
1427158111.674,-19.34555
1427158111.689,-15.921005
1427158111.705,-11.524109
1427158111.721,-6.3309784
1427158111.736,-0.66833496
1427158111.752,5.0469055
1427158111.767,10.443329
1427158111.783,15.312241
1427158111.799,19.69957
1427158111.814,23.889175
1427158111.83,28.277008
1427158111.846,33.27942
1427158111.861,39.22635
1427158111.877,46.236206
1427158111.892,54.125946
1427158111.908,62.215454
1427158111.924,69.3121
1427158111.939,73.79573
1427158111.955,74.077805
1427158111.971,69.159256
1427158111.986,59.09926
1427158112.002,45.108368
1427158112.017,29.193985
1427158112.033,13.4683075
1427158112.049,-0.48849487
1427158112.064,-11.951477
1427158112.08,-20.912796
1427158112.096,-27.684082
1427158112.111,-32.51541
1427158112.127,-35.428955
1427158112.142,-36.34381
1427158112.158,-35.371185
1427158112.174,-32.942947
1427158112.189,-29.78273
1427158112.205,-26.70192
1427158112.221,-24.328995
1427158112.236,-22.930923
1427158112.252,-22.440964
1427158112.267,-22.501572
1427158112.283,-22.698639
1427158112.299,-22.707657
1427158112.314,-22.390198
1427158112.33,-21.807983
1427158112.346,-21.127075
1427158112.361,-20.435883
1427158112.377,-19.63588
1427158112.392,-18.41185
1427158112.408,-16.341904
1427158112.424,-13.105347
1427158112.439,-8.655914
1427158112.455,-3.2695007
1427158112.471,2.4904327
1427158112.486,8.02388
1427158112.502,12.883728
1427158112.517,16.95108
1427158112.533,20.423157
1427158112.549,23.770172
1427158112.564,27.533905
1427158112.58,32.204056
1427158112.596,38.102707
1427158112.611,45.264282
1427158112.627,53.27487
1427158112.642,61.194748
1427158112.658,67.55954
1427158112.674,70.670166
1427158112.689,69.06348
1427158112.705,62.103683
1427158112.721,50.30243
1427158112.736,35.26909
1427158112.752,19.178558
1427158112.767,4.0822296
1427158112.783,-8.688461
1427158112.799,-18.691574
1427158112.814,-26.139923
1427158112.83,-31.43077
1427158112.846,-34.803513
1427158112.861,-36.281403
1427158112.877,-35.88629
1427158112.892,-33.89084
1427158112.908,-30.91687
1427158112.924,-27.822952
1427158112.939,-25.416336
1427158112.955,-24.195435
1427158112.971,-24.2527
1427158112.986,-25.2193
1427158113.002,-26.540344
1427158113.017,-27.623123
1427158113.033,-28.082764
1427158113.049,-27.80803
1427158113.064,-26.975632
1427158113.08,-25.863327
1427158113.096,-24.680756
1427158113.111,-23.374588
1427158113.127,-21.664932
1427158113.142,-19.142593
1427158113.158,-15.518097
1427158113.174,-10.741791
1427158113.189,-5.094269
1427158113.205,0.9407501
1427158113.221,6.841858
1427158113.236,12.230698
1427158113.252,16.947525
1427158113.267,21.108063
1427158113.283,25.012009
1427158113.299,29.112534
1427158113.314,33.869354
1427158113.33,39.682816
1427158113.346,46.738953
1427158113.361,54.864716
1427158113.377,63.361893
1427158113.392,70.99832
1427158113.408,76.13046
1427158113.424,77.102325
1427158113.439,72.75874
1427158113.455,62.95555
1427158113.471,48.685715
1427158113.486,31.90561
1427158113.502,14.908264
1427158113.517,-0.37031555
1427158113.533,-12.83783
1427158113.549,-22.288605
1427158113.564,-29.133362
1427158113.58,-33.923798
1427158113.596,-37.080597
1427158113.611,-38.78856
1427158113.627,-39.17006
1427158113.642,-38.44603
1427158113.658,-37.039963
1427158113.674,-35.44722
1427158113.689,-34.11525
1427158113.705,-33.301804
1427158113.721,-33.035507
1427158113.736,-33.1913
1427158113.752,-33.59839
1427158113.767,-34.100327
1427158113.783,-34.57347
1427158113.799,-34.92662
1427158113.814,-35.05818
1427158113.83,-34.79534
1427158113.846,-33.96408
1427158113.861,-32.347534
1427158113.877,-29.818443
1427158113.892,-26.353477
1427158113.908,-22.09565
1427158113.924,-17.258743
1427158113.939,-12.091591
1427158113.955,-6.7426605
1427158113.971,-1.2840958
1427158113.986,4.2623444
1427158114.002,9.852478
1427158114.018,15.376518
1427158114.033,20.696236
1427158114.049,25.759224
1427158114.064,30.621353
1427158114.08,35.485474
1427158114.096,40.61487
1427158114.111,46.35179
1427158114.127,52.960228
1427158114.142,60.550682
1427158114.158,68.79651
1427158114.174,76.76241
1427158114.189,82.85493
1427158114.205,85.18505
1427158114.221,82.17496
1427158114.236,73.29082
1427158114.252,59.3545
1427158114.268,42.364807
1427158114.283,24.768639
1427158114.299,8.620773
1427158114.314,-4.9877243
1427158114.33,-15.915886
1427158114.346,-24.604332
1427158114.361,-31.4785
1427158114.377,-36.70526
1427158114.393,-40.205795
1427158114.408,-41.947746
1427158114.424,-42.14106
1427158114.439,-41.299004
1427158114.455,-40.06086
1427158114.471,-38.9899
1427158114.486,-38.39424
1427158114.502,-38.3303
1427158114.518,-38.669724
1427158114.533,-39.2386
1427158114.549,-39.89705
1427158114.564,-40.591194
1427158114.58,-41.29181
1427158114.596,-41.94168
1427158114.611,-42.363533
1427158114.627,-42.285004
1427158114.643,-41.343002
1427158114.658,-39.2899
1427158114.674,-36.065628
1427158114.689,-31.882614
1427158114.705,-27.129868
1427158114.721,-22.230194
1427158114.736,-17.398354
1427158114.752,-12.610214
1427158114.768,-7.605171
1427158114.783,-2.1114578
1427158114.799,4.000572
1427158114.814,10.583061
1427158114.83,17.257553
1427158114.846,23.555332
1427158114.861,29.124535
1427158114.877,33.845875
1427158114.893,37.912163
1427158114.908,41.757763
1427158114.924,45.96881
1427158114.939,51.107773
1427158114.955,57.54203
1427158114.971,65.14241
1427158114.986,73.11728
1427158115.002,79.9594
1427158115.018,83.759254
1427158115.033,82.74704
1427158115.049,76.00423
1427158115.064,63.85973
1427158115.08,47.849304
1427158115.096,30.223175
1427158115.111,13.169189
1427158115.127,-1.8065186
1427158115.143,-14.065121
1427158115.158,-23.654324
1427158115.174,-30.88924
1427158115.189,-36.00696
1427158115.205,-39.072815
1427158115.221,-40.12012
1427158115.236,-39.34616
1427158115.252,-37.277935
1427158115.268,-34.65043
1427158115.283,-32.247364
1427158115.299,-30.658188
1427158115.314,-30.138176
1427158115.33,-30.564568
1427158115.346,-31.519226
1427158115.361,-32.476837
1427158115.377,-32.990524
1427158115.393,-32.837402
1427158115.408,-32.075737
1427158115.424,-30.922869
1427158115.439,-29.603601
1427158115.455,-28.176535
1427158115.471,-26.476334
1427158115.486,-24.182606
1427158115.502,-20.990484
1427158115.518,-16.745754
1427158115.533,-11.560719
1427158115.549,-5.771825
1427158115.564,0.1693759
1427158115.58,5.850752
1427158115.596,11.034335
1427158115.611,15.712808
1427158115.627,20.099876
1427158115.643,24.504341
1427158115.658,29.256756
1427158115.674,34.676926
1427158115.689,41.000263
1427158115.705,48.336586
1427158115.721,56.45156
1427158115.736,64.61955
1427158115.752,71.501976
1427158115.768,75.3726
1427158115.783,74.585205
1427158115.799,68.22115
1427158115.814,56.501846
1427158115.83,40.856667
1427158115.846,23.465479
1427158115.861,6.55719
1427158115.877,-8.25741
1427158115.893,-20.275043
1427158115.908,-29.57985
1427158115.924,-36.619267
1427158115.939,-41.821785
1427158115.955,-45.351013
1427158115.971,-47.219437
1427158115.986,-47.46872
1427158116.002,-46.369156
1427158116.018,-44.441593
1427158116.033,-42.340424
1427158116.049,-40.643917
1427158116.064,-39.67928
1427158116.08,-39.450985
1427158116.096,-39.708286
1427158116.111,-40.050694
1427158116.127,-40.110157
1427158116.143,-39.630848
1427158116.158,-38.51766
1427158116.174,-36.82427
1427158116.189,-34.67692
1427158116.205,-32.189575
1427158116.221,-29.427052
1427158116.236,-26.349087
1427158116.252,-22.825844
1427158116.268,-18.70506
1427158116.283,-13.864449
1427158116.299,-8.3099785
1427158116.314,-2.2327652
1427158116.33,4.0615425
1427158116.346,10.195576
1427158116.361,15.895996
1427158116.377,21.043293
1427158116.393,25.739147
1427158116.408,30.253452
1427158116.424,34.95701
1427158116.439,40.2763
1427158116.455,46.610172
1427158116.471,54.198616
1427158116.486,62.930695
1427158116.502,72.06107
1427158116.518,80.18479
1427158116.533,85.379616
1427158116.549,85.778046
1427158116.564,80.21697
1427158116.58,68.73415
1427158116.596,52.666054
1427158116.611,34.211838
1427158116.627,15.706886
1427158116.643,-1.0238876
1427158116.658,-15.064804
1427158116.674,-26.284752
1427158116.689,-35.00235
1427158116.705,-41.570946
1427158116.721,-46.18701
1427158116.736,-48.937737
1427158116.752,-49.99073
1427158116.768,-49.729195
1427158116.783,-48.780968
1427158116.799,-47.8348
1427158116.814,-47.38424
1427158116.83,-47.596283
1427158116.846,-48.27392
1427158116.861,-49.028107
1427158116.877,-49.535988
1427158116.893,-49.68521
1427158116.908,-49.61869
1427158116.924,-49.54133
1427158116.94,-49.520752
1427158116.955,-49.324837
1427158116.971,-48.488304
1427158116.986,-46.48725
1427158117.002,-43.039856
1427158117.018,-38.229248
1427158117.033,-32.531227
1427158117.049,-26.587288
1427158117.065,-20.956078
1427158117.08,-15.877609
1427158117.096,-11.23613
1427158117.111,-6.628357
1427158117.127,-1.6048355
1427158117.143,4.149925
1427158117.158,10.625679
1427158117.174,17.517555
1427158117.19,24.281548
1427158117.205,30.369926
1427158117.221,35.42054
1427158117.236,39.442238
1427158117.252,42.823418
1427158117.268,46.283783
1427158117.283,50.651123
1427158117.299,56.623863
1427158117.315,64.48123
1427158117.33,73.81324
1427158117.346,83.375084
1427158117.361,91.228584
1427158117.377,95.17211
1427158117.393,93.441605
1427158117.408,85.343346
1427158117.424,71.58738
1427158117.44,54.054474
1427158117.455,35.196716
1427158117.471,17.181694
1427158117.486,1.3898697
1427158117.502,-11.772469
1427158117.518,-22.49347
1427158117.533,-31.140892
1427158117.549,-37.90084
1427158117.565,-42.767906
1427158117.58,-45.73768
1427158117.596,-47.05272
1427158117.611,-47.24314
1427158117.627,-47.011322
1427158117.643,-46.976357
1427158117.658,-47.46498
1427158117.674,-48.450867
1427158117.69,-49.634476
1427158117.705,-50.612076
1427158117.721,-51.100792
1427158117.736,-51.033653
1427158117.752,-50.579483
1427158117.768,-49.998634
1427158117.783,-49.464363
1427158117.799,-48.911224
1427158117.815,-48.02323
1427158117.83,-46.317223
1427158117.846,-43.393005
1427158117.861,-39.101395
1427158117.877,-33.700523
1427158117.893,-27.774132
1427158117.908,-22.037682
1427158117.924,-17.01001
1427158117.94,-12.818268
1427158117.955,-9.136238
1427158117.971,-5.369972
1427158117.986,-0.90847015
1427158118.002,4.526184
1427158118.018,10.794731
1427158118.033,17.388
1427158118.049,23.666275
1427158118.065,29.136581
1427158118.08,33.685646
1427158118.096,37.583946
1427158118.111,41.379936
1427158118.127,45.693573
1427158118.143,51.052177
1427158118.158,57.78459
1427158118.174,65.87283
1427158118.19,74.793945
1427158118.205,83.436386
1427158118.221,90.11085
1427158118.236,92.92534
1427158118.252,90.33614
1427158118.268,81.747375
1427158118.283,67.83829
1427158118.299,50.436394
1427158118.315,31.936752
1427158118.33,14.54734
1427158118.346,-0.31529236
1427158118.361,-12.185776
1427158118.377,-21.343796
1427158118.393,-28.319199
1427158118.408,-33.515434
1427158118.424,-37.031822
1427158118.44,-38.844955
1427158118.455,-39.030365
1427158118.471,-38.01004
1427158118.486,-36.49949
1427158118.502,-35.298874
1427158118.518,-34.99582
1427158118.533,-35.73085
1427158118.549,-37.152412
1427158118.565,-38.614403
1427158118.58,-39.480537
1427158118.596,-39.3882
1427158118.611,-38.358353
1427158118.627,-36.74533
1427158118.643,-34.948303
1427158118.658,-33.189934
1427158118.674,-31.385025
1427158118.69,-29.18087
1427158118.705,-26.127083
1427158118.721,-21.933678
1427158118.736,-16.587463
1427158118.752,-10.404533
1427158118.768,-3.9304657
1427158118.783,2.293106
1427158118.799,7.887047
1427158118.815,12.776703
1427158118.83,17.160034
1427158118.846,21.385017
1427158118.861,25.828323
1427158118.877,30.83989
1427158118.893,36.700905
1427158118.908,43.61022
1427158118.924,51.557823
1427158118.94,60.071228
1427158118.955,68.04343
1427158118.971,73.80251
1427158118.986,75.50646
1427158119.002,71.79336
1427158119.018,62.39302
1427158119.033,48.302315
1427158119.049,31.53122
1427158119.065,14.3997345
1427158119.08,-1.1957474
1427158119.096,-14.263115
1427158119.111,-24.661842
1427158119.127,-32.80607
1427158119.143,-39.159447
1427158119.158,-43.942825
1427158119.174,-47.131073
1427158119.19,-48.65895
1427158119.205,-48.621178
1427158119.221,-47.46534
1427158119.236,-45.861298
1427158119.252,-44.503952
1427158119.268,-43.845596
1427158119.283,-43.90818
1427158119.299,-44.292686
1427158119.315,-44.403755
1427158119.33,-43.742706
1427158119.346,-42.169518
1427158119.361,-39.943947
1427158119.377,-37.518463
1427158119.393,-35.25775
1427158119.408,-33.21682
1427158119.424,-31.080688
1427158119.44,-28.300697
1427158119.455,-24.380455
1427158119.471,-19.12719
1427158119.486,-12.740936
1427158119.502,-5.7825623
1427158119.518,1.0895615
1427158119.533,7.356125
1427158119.549,12.822617
1427158119.565,17.670525
1427158119.58,22.371925
1427158119.596,27.480873
1427158119.612,33.46319
1427158119.627,40.608376
1427158119.643,48.92585
1427158119.658,58.069603
1427158119.674,67.21963
1427158119.69,75.0391
1427158119.705,79.857956
1427158119.721,80.0587
1427158119.737,74.679436
1427158119.752,63.87365
1427158119.768,49.001205
1427158119.783,32.235603
1427158119.799,15.819939
1427158119.815,1.3697815
1427158119.83,-10.485954
1427158119.846,-19.961891
1427158119.862,-27.644592
1427158119.877,-33.98842
1427158119.893,-39.083054
1427158119.908,-42.748062
1427158119.924,-44.85125
1427158119.94,-45.523293
1427158119.955,-45.200157
1427158119.971,-44.46723
1427158119.987,-43.828842
1427158120.002,-43.565834
1427158120.018,-43.68544
1427158120.033,-44.029076
1427158120.049,-44.375473
1427158120.065,-44.566223
1427158120.08,-44.461548
1427158120.096,-43.940437
1427158120.112,-42.872467
1427158120.127,-41.10527
1427158120.143,-38.54403
1427158120.158,-35.185562
1427158120.174,-31.168121
1427158120.19,-26.734673
1427158120.205,-22.141632
1427158120.221,-17.572578
1427158120.237,-13.055008
1427158120.252,-8.464149
1427158120.268,-3.587822
1427158120.283,1.7552643
1427158120.299,7.5845337
1427158120.315,13.719032
1427158120.33,19.832008
1427158120.346,25.55825
1427158120.362,30.672195
1427158120.377,35.19787
1427158120.393,39.445152
1427158120.408,43.959557
1427158120.424,49.360443
1427158120.44,56.127678
1427158120.455,64.26369
1427158120.471,73.09494
1427158120.487,81.156906
1427158120.502,86.50313
1427158120.518,87.24823
1427158120.533,82.28057
1427158120.549,71.74976
1427158120.565,57.082756
1427158120.58,40.472946
1427158120.596,24.090126
1427158120.612,9.432098
1427158120.627,-2.9555054
1427158120.643,-13.23539
1427158120.658,-21.81887
1427158120.674,-28.920715
1427158120.69,-34.455963
1427158120.705,-38.2388
1427158120.721,-40.286324
1427158120.737,-40.991608
1427158120.752,-41.027588
1427158120.768,-41.063515
1427158120.783,-41.502197
1427158120.799,-42.312347
1427158120.815,-43.19742
1427158120.83,-43.784023
1427158120.846,-43.9154
1427158120.862,-43.671227
1427158120.877,-43.298027
1427158120.893,-42.966324
1427158120.908,-42.605526
1427158120.924,-41.890472
1427158120.94,-40.383026
1427158120.955,-37.786396
1427158120.971,-34.094437
1427158120.987,-29.607666
1427158121.002,-24.803833
1427158121.018,-20.07344
1427158121.033,-15.576729
1427158121.049,-11.169197
1427158121.065,-6.537182
1427158121.08,-1.351368
1427158121.096,4.529167
1427158121.112,10.952724
1427158121.127,17.519024
1427158121.143,23.70826
1427158121.158,29.095692
1427158121.174,33.52254
1427158121.19,37.167336
1427158121.205,40.53875
1427158121.221,44.308968
1427158121.237,49.16534
1427158121.252,55.51718
1427158121.268,63.280037
1427158121.283,71.6488
1427158121.299,79.10717
1427158121.315,83.76471
1427158121.33,83.88635
1427158121.346,78.52422
1427158121.362,67.93314
1427158121.377,53.527485
1427158121.393,37.405163
1427158121.408,21.625622
1427158121.424,7.6284637
1427158121.44,-4.00766
1427158121.455,-13.372433
1427158121.471,-20.83796
1427158121.487,-26.704163
1427158121.502,-31.08284
1427158121.518,-33.98053
1427158121.533,-35.491745
1427158121.549,-35.902916
1427158121.565,-35.671116
1427158121.58,-35.29589
1427158121.596,-35.16665
1427158121.612,-35.481834
1427158121.627,-36.25601
1427158121.643,-37.345047
1427158121.658,-38.555775
1427158121.674,-39.669094
1427158121.69,-40.48181
1427158121.705,-40.812737
1427158121.721,-40.531715
1427158121.737,-39.552505
1427158121.752,-37.889935
1427158121.768,-35.623566
1427158121.783,-32.89447
1427158121.799,-29.845867
1427158121.815,-26.547869
1427158121.83,-22.958633
1427158121.846,-18.911247
1427158121.862,-14.20537
1427158121.877,-8.701418
1427158121.893,-2.4295006
1427158121.908,4.3454285
1427158121.924,11.203316
1427158121.94,17.663494
1427158121.955,23.398373
1427158121.971,28.294426
1427158121.987,32.56337
1427158122.002,36.636124
1427158122.018,41.10991
1427158122.033,46.53192
1427158122.049,53.193226
1427158122.065,60.82634
1427158122.08,68.51871
1427158122.096,74.7391
1427158122.112,77.73024
1427158122.127,76.082054
1427158122.143,69.28949
1427158122.158,57.98977
1427158122.174,43.82273
1427158122.19,28.824303
1427158122.205,14.751176
1427158122.221,2.6078596
1427158122.237,-7.3805265
1427158122.252,-15.511566
1427158122.268,-22.133299
1427158122.284,-27.39043
1427158122.299,-31.239645
1427158122.315,-33.64219
1427158122.33,-34.782574
1427158122.346,-35.12753
1427158122.362,-35.220646
1427158122.377,-35.5012
1427158122.393,-36.106956
1427158122.409,-36.913082
1427158122.424,-37.67457
1427158122.44,-38.21042
1427158122.455,-38.461227
1427158122.471,-38.496853
1427158122.487,-38.411587
1427158122.502,-38.28816
1427158122.518,-38.172485
1427158122.534,-38.085102
1427158122.549,-37.972622
1427158122.565,-37.672096
1427158122.58,-36.89844
1427158122.596,-35.338886
1427158122.612,-32.762753
1427158122.627,-29.144537
1427158122.643,-24.605825
1427158122.659,-19.35094
1427158122.674,-13.504921
1427158122.69,-7.1221714
1427158122.705,-0.2511034
1427158122.721,6.887621
1427158122.737,13.915639
1427158122.752,20.340416
1427158122.768,25.825218
1427158122.784,30.389328
1427158122.799,34.501606
1427158122.815,38.971012
1427158122.83,44.6444
1427158122.846,51.98572
1427158122.862,60.765064
1427158122.877,69.83825
1427158122.893,77.34399
1427158122.909,81.15064
1427158122.924,79.62144
1427158122.94,72.15159
1427158122.955,59.51848
1427158122.971,43.58648
1427158122.987,26.67936
1427158123.002,10.804749
1427158123.018,-2.8774376
1427158123.034,-14.135111
1427158123.049,-23.372215
1427158123.065,-31.106682
1427158123.08,-37.618126
1427158123.096,-42.787422
1427158123.112,-46.21919
1427158123.127,-47.52044
1427158123.143,-46.542126
1427158123.159,-43.52926
1427158123.174,-39.13868
1427158123.19,-34.29635
1427158123.205,-29.928356
1427158123.221,-26.710758
1427158123.237,-24.876316
1427158123.252,-24.179165
1427158123.268,-24.067974
1427158123.284,-23.917072
1427158123.299,-23.252934
1427158123.315,-21.833183
1427158123.33,-19.55252
1427158123.346,-16.362114
1427158123.362,-12.139896
1427158123.377,-6.7210083
1427158123.393,-0.010665894
1427158123.409,7.8613396
1427158123.424,16.495995
1427158123.44,25.181313
1427158123.455,33.047554
1427158123.471,39.27772
1427158123.487,43.320263
1427158123.502,45.04122
1427158123.518,44.75103
1427158123.534,43.094723
1427158123.549,40.865353
1427158123.565,38.861996
1427158123.58,37.70162
1427158123.596,37.744686
1427158123.612,39.04793
1427158123.627,41.23209
1427158123.643,43.452797
1427158123.659,44.443886
1427158123.674,42.746998
1427158123.69,37.179695
1427158123.705,27.345764
1427158123.721,13.819107
1427158123.737,-1.9293518
1427158123.752,-18.044502
1427158123.768,-32.86287
1427158123.784,-45.341785
1427158123.799,-55.060265
1427158123.815,-61.986885
1427158123.83,-66.059944
1427158123.846,-67.0313
1427158123.862,-64.584595
1427158123.877,-58.710842
1427158123.893,-50.02132
1427158123.909,-39.89516
1427158123.924,-30.121162
1427158123.94,-22.43826
1427158123.955,-17.938492
1427158123.971,-16.740627
1427158123.987,-18.004223
1427158124.002,-20.281559
1427158124.018,-22.00032
1427158124.034,-22.00161
1427158124.049,-19.810253
1427158124.065,-15.625526
1427158124.08,-10.133667
1427158124.096,-4.136223
1427158124.112,1.7385635
1427158124.127,7.1587524
1427158124.143,12.056717
1427158124.159,16.463524
1427158124.174,20.345222
1427158124.19,23.493881
1427158124.205,25.632744
1427158124.221,26.539925
1427158124.237,26.310417
1427158124.252,25.36399
1427158124.268,24.3863
1427158124.284,24.046768
1427158124.299,24.727371
1427158124.315,26.47541
1427158124.33,29.108559
1427158124.346,32.442238
1427158124.362,36.40664
1427158124.377,40.89734
1427158124.393,45.454445
1427158124.409,49.031616
1427158124.424,50.15751
1427158124.44,47.385643
1427158124.455,40.004303
1427158124.471,28.42414
1427158124.487,14.203796
1427158124.502,-0.5252762
1427158124.518,-13.76622
1427158124.534,-24.232475
1427158124.549,-31.51094
1427158124.565,-35.816
1427158124.58,-37.6183
1427158124.596,-37.357307
1427158124.612,-35.381355
1427158124.627,-32.065063
1427158124.643,-27.907578
1427158124.659,-23.546173
1427158124.674,-19.627579
1427158124.69,-16.609192
1427158124.705,-14.594238
1427158124.721,-13.323555
1427158124.737,-12.29995
1427158124.752,-11.116585
1427158124.768,-9.669052
1427158124.784,-8.276489
1427158124.799,-7.475006
1427158124.815,-7.672058
1427158124.83,-8.798264
1427158124.846,-10.245476
1427158124.862,-11.081039
1427158124.877,-10.510468
1427158124.893,-8.304047
1427158124.909,-4.9297028
1427158124.924,-1.3032379
1427158124.94,1.6845398
1427158124.956,3.6210709
1427158124.971,4.7397003
1427158124.987,5.714775
1427158125.002,7.2833557
1427158125.018,9.842148
1427158125.034,13.263329
1427158125.049,17.04882
1427158125.065,20.597832
1427158125.08,23.533745
1427158125.096,25.865265
1427158125.112,27.97754
1427158125.127,30.438293
1427158125.143,33.827545
1427158125.159,38.562653
1427158125.174,44.74022
1427158125.19,52.04957
1427158125.206,59.622482
1427158125.221,66.064735
1427158125.237,69.6531
1427158125.252,68.81258
1427158125.268,62.674232
1427158125.284,51.45269
1427158125.299,36.479218
1427158125.315,19.775345
1427158125.331,3.3958054
1427158125.346,-11.158455
1427158125.362,-23.199425
1427158125.377,-32.743713
1427158125.393,-40.15255
1427158125.409,-45.784805
1427158125.424,-49.820534
1427158125.44,-52.33529
1427158125.456,-53.465225
1427158125.471,-53.52964
1427158125.487,-52.990623
1427158125.502,-52.334373
1427158125.518,-51.891373
1427158125.534,-51.766518
1427158125.549,-51.791718
1427158125.565,-51.65609
1427158125.581,-51.026283
1427158125.596,-49.66932
1427158125.612,-47.503387
1427158125.627,-44.578514
1427158125.643,-41.003395
1427158125.659,-36.87052
1427158125.674,-32.25444
1427158125.69,-27.2267
1427158125.706,-21.930511
1427158125.721,-16.561302
1427158125.737,-11.35614
1427158125.752,-6.4782333
1427158125.768,-1.9680481
1427158125.784,2.2938004
1427158125.799,6.534088
1427158125.815,10.972931
1427158125.831,15.732498
1427158125.846,20.79847
1427158125.862,26.019737
1427158125.877,31.182846
1427158125.893,36.18074
1427158125.909,41.048874
1427158125.924,46.011055
1427158125.94,51.453064
1427158125.956,57.698097
1427158125.971,64.76949
1427158125.987,72.14574
1427158126.002,78.65538
1427158126.018,82.69952
1427158126.034,82.73163
1427158126.049,77.837654
1427158126.065,68.12241
1427158126.081,54.787758
1427158126.096,39.674126
1427158126.112,24.735916
1427158126.127,11.407768
1427158126.143,0.39282227
1427158126.159,-8.282539
1427158126.174,-14.893364
1427158126.19,-19.760803
1427158126.206,-23.07412
1427158126.221,-24.949455
1427158126.237,-25.583199
1427158126.252,-25.337921
1427158126.268,-24.718315
1427158126.284,-24.208138
1427158126.299,-24.137596
1427158126.315,-24.610237
1427158126.331,-25.56073
1427158126.346,-26.869438
1427158126.362,-28.445305
1427158126.377,-30.268456
1427158126.393,-32.275925
1427158126.409,-34.313766
1427158126.424,-36.09449
1427158126.44,-37.26613
1427158126.456,-37.533493
1427158126.471,-36.80771
1427158126.487,-35.185516
1427158126.502,-32.90074
1427158126.518,-30.13115
1427158126.534,-26.935455
1427158126.549,-23.217957
1427158126.565,-18.852287
1427158126.581,-13.79071
1427158126.596,-8.160812
1427158126.612,-2.2317352
1427158126.627,3.6539383
1427158126.643,9.246773
1427158126.659,14.425636
1427158126.674,19.30101
1427158126.69,24.138626
1427158126.706,29.328598
1427158126.721,35.25042
1427158126.737,42.111748
1427158126.752,49.76599
1427158126.768,57.522804
1427158126.784,64.1369
1427158126.799,68.063416
1427158126.815,67.87455
1427158126.831,62.793404
1427158126.846,53.042274
1427158126.862,39.82241
1427158126.877,24.934937
1427158126.893,10.217865
1427158126.909,-3.0105133
1427158126.924,-14.116837
1427158126.94,-23.091782
1427158126.956,-30.181778
1427158126.971,-35.620407
1427158126.987,-39.446213
1427158127.002,-41.644646
1427158127.018,-42.287636
1427158127.034,-41.70539
1427158127.049,-40.47985
1427158127.065,-39.229004
1427158127.081,-38.40811
1427158127.096,-38.172752
1427158127.112,-38.324677
1427158127.127,-38.527367
1427158127.143,-38.460693
1427158127.159,-38.041298
1427158127.174,-37.40419
1427158127.19,-36.8256
1427158127.206,-36.492416
1427158127.221,-36.362434
1427158127.237,-36.121407
1427158127.252,-35.273544
1427158127.268,-33.382477
1427158127.284,-30.275589
1427158127.299,-26.134033
1427158127.315,-21.44741
1427158127.331,-16.829773
1427158127.346,-12.750595
1427158127.362,-9.3374405
1427158127.377,-6.336769
1427158127.393,-3.217682
1427158127.409,0.54681396
1427158127.424,5.288185
1427158127.44,10.9290085
1427158127.456,17.043945
1427158127.471,23.020363
1427158127.487,28.286186
1427158127.502,32.571457
1427158127.518,35.974815
1427158127.534,38.95112
1427158127.549,42.1633
1427158127.565,46.279327
1427158127.581,51.783585
1427158127.596,58.767128
1427158127.612,66.79395
1427158127.627,74.75595
1427158127.643,81.069725
1427158127.659,83.936195
1427158127.674,81.92456
1427158127.69,74.43151
1427158127.706,62.00495
1427158127.721,46.212097
1427158127.737,29.183533
1427158127.752,12.97612
1427158127.768,-1.0030441
1427158127.784,-12.2155075
1427158127.799,-20.871101
1427158127.815,-27.521782
1427158127.831,-32.6709
1427158127.846,-36.589195
1427158127.862,-39.285164
1427158127.878,-40.741913
1427158127.893,-41.062347
1427158127.909,-40.603043
1427158127.924,-39.843407
1427158127.94,-39.279533
1427158127.956,-39.206345
1427158127.971,-39.654503
1427158127.987,-40.39335
1427158128.003,-41.067917
1427158128.018,-41.39604
1427158128.034,-41.301003
1427158128.049,-40.917564
1427158128.065,-40.479225
1427158128.081,-40.158234
1427158128.096,-39.91091
1427158128.112,-39.43286
1427158128.128,-38.305923
1427158128.143,-36.1519
1427158128.159,-32.855156
1427158128.174,-28.61148
1427158128.19,-23.878311
1427158128.206,-19.125076
1427158128.221,-14.714508
1427158128.237,-10.768433
1427158128.253,-7.1548615
1427158128.268,-3.6052933
1427158128.284,0.1727829
1427158128.299,4.3755875
1427158128.315,9.045174
1427158128.331,14.055084
1427158128.346,19.146217
1427158128.362,24.043076
1427158128.378,28.549393
1427158128.393,32.623955
1427158128.409,36.401146
1427158128.424,40.120544
1427158128.44,44.039406
1427158128.456,48.44571
1427158128.471,53.5867
1427158128.487,59.617256
1427158128.503,66.3996
1427158128.518,73.317604
1427158128.534,79.16055
1427158128.549,82.34159
1427158128.565,81.3297
1427158128.581,75.26019
1427158128.596,64.331375
1427158128.612,49.811188
1427158128.628,33.618332
1427158128.643,17.692047
1427158128.659,3.4812927
1427158128.674,-8.288055
1427158128.69,-17.50232
1427158128.706,-24.340004
1427158128.721,-29.061867
1427158128.737,-31.870178
1427158128.753,-32.986084
1427158128.768,-32.71705
1427158128.784,-31.51603
1427158128.799,-29.893974
1427158128.815,-28.33319
1427158128.831,-27.175781
1427158128.846,-26.598892
1427158128.862,-26.585648
1427158128.878,-27.013367
1427158128.893,-27.713951
1427158128.909,-28.52819
1427158128.924,-29.31147
1427158128.94,-29.921997
1427158128.956,-30.211548
1427158128.971,-30.028488
1427158128.987,-29.258194
1427158129.003,-27.8947
1427158129.018,-26.005417
1427158129.034,-23.710442
1427158129.049,-21.094986
1427158129.065,-18.152588
1427158129.081,-14.759445
1427158129.096,-10.770355
1427158129.112,-6.0588455
1427158129.128,-0.67269135
1427158129.143,5.1849365
1427158129.159,11.180557
1427158129.174,16.919983
1427158129.19,22.079247
1427158129.206,26.5168
1427158129.221,30.333313
1427158129.237,33.87349
1427158129.253,37.679947
1427158129.268,42.341583
1427158129.284,48.23767
1427158129.299,55.295258
1427158129.315,62.781067
1427158129.331,69.32376
1427158129.346,73.18428
1427158129.362,72.77235
1427158129.378,67.197914
1427158129.393,56.65454
1427158129.409,42.402153
1427158129.424,26.416023
1427158129.44,10.734734
1427158129.456,-3.086998
1427158129.471,-14.279137
1427158129.487,-22.77562
1427158129.503,-28.923698
1427158129.518,-33.122177
1427158129.534,-35.67797
1427158129.549,-36.81407
1427158129.565,-36.80658
1427158129.581,-36.06063
1427158129.596,-35.045654
1427158129.612,-34.16105
1427158129.628,-33.60395
1427158129.643,-33.34413
1427158129.659,-33.210487
1427158129.674,-33.043625
1427158129.69,-32.81462
1427158129.706,-32.61396
1427158129.721,-32.5737
1427158129.737,-32.71125
1427158129.753,-32.873245
1427158129.768,-32.746017
1427158129.784,-32.00081
1427158129.799,-30.39888
1427158129.815,-27.933289
1427158129.831,-24.761711
1427158129.846,-21.149513
1427158129.862,-17.279907
1427158129.878,-13.191498
1427158129.893,-8.761581
1427158129.909,-3.8113098
1427158129.924,1.7631989
1427158129.94,7.877014
1427158129.956,14.216431
1427158129.971,20.333382
1427158129.987,25.82309
1427158130.003,30.465843
1427158130.018,34.383682
1427158130.034,37.967285
1427158130.049,41.837746
1427158130.065,46.643845
1427158130.081,52.826904
1427158130.096,60.341644
1427158130.112,68.47027
1427158130.128,75.79144
1427158130.143,80.44755
1427158130.159,80.64193
1427158130.174,75.317856
1427158130.19,64.54765
1427158130.206,49.63495
1427158130.221,32.67633
1427158130.237,15.886169
1427158130.253,0.93585205
1427158130.268,-11.356033
1427158130.284,-20.971397
1427158130.299,-28.271309
1427158130.315,-33.67225
1427158130.331,-37.391914
1427158130.346,-39.543037
1427158130.362,-40.27124
1427158130.378,-39.920753
1427158130.393,-38.99752
1427158130.409,-38.02639
1427158130.424,-37.39039
1427158130.44,-37.18766
1427158130.456,-37.296104
1427158130.471,-37.49604
1427158130.487,-37.624622
1427158130.503,-37.697773
1427158130.518,-37.869453
1427158130.534,-38.32244
1427158130.55,-39.10123
1427158130.565,-39.987267
1427158130.581,-40.50029
1427158130.596,-40.060783
1427158130.612,-38.189342
1427158130.628,-34.751106
1427158130.643,-30.030663
1427158130.659,-24.671513
1427158130.675,-19.40908
1427158130.69,-14.791695
1427158130.706,-10.916286
1427158130.721,-7.4372063
1427158130.737,-3.7237015
1427158130.753,0.7878113
1427158130.768,6.3080482
1427158130.784,12.57806
1427158130.8,18.968376
1427158130.815,24.793446
1427158130.831,29.621899
1427158130.846,33.46506
1427158130.862,36.744144
1427158130.878,40.148586
1427158130.893,44.382027
1427158130.909,49.96944
1427158130.925,57.10211
1427158130.94,65.45122
1427158130.956,74.07741
1427158130.971,81.380295
1427158130.987,85.42236
1427158131.003,84.46344
1427158131.018,77.59748
1427158131.034,65.19878
1427158131.05,48.895893
1427158131.065,31.047722
1427158131.081,13.9533
1427158131.096,-0.81428146
1427158131.112,-12.671614
1427158131.128,-21.859175
1427158131.143,-28.907475
1427158131.159,-34.277836
1427158131.175,-38.125587
1427158131.19,-40.427193
1427158131.206,-41.195152
1427158131.221,-40.720306
1427158131.237,-39.540215
1427158131.253,-38.32744
1427158131.268,-37.639748
1427158131.284,-37.698032
1427158131.3,-38.34756
1427158131.315,-39.19119
1427158131.331,-39.813248
1427158131.346,-40.003616
1427158131.362,-39.847054
1427158131.378,-39.61515
1427158131.393,-39.536903
1427158131.409,-39.616993
1427158131.425,-39.54558
1427158131.44,-38.854767
1427158131.456,-37.133934
1427158131.471,-34.253075
1427158131.487,-30.406319
1427158131.503,-26.032516
1427158131.518,-21.580841
1427158131.534,-17.33432
1427158131.55,-13.291188
1427158131.565,-9.209032
1427158131.581,-4.7393723
1427158131.596,0.38085556
1427158131.612,6.2137203
1427158131.628,12.524768
1427158131.643,18.879757
1427158131.659,24.768791
1427158131.675,29.81699
1427158131.69,33.932915
1427158131.706,37.34774
1427158131.721,40.591656
1427158131.737,44.348747
1427158131.753,49.254
1427158131.768,55.685505
1427158131.784,63.493973
1427158131.8,71.79286
1427158131.815,79.012184
1427158131.831,83.1754
1427158131.846,82.49696
1427158131.862,76.028885
1427158131.878,64.08284
1427158131.893,48.23206
1427158131.909,30.770226
1427158131.925,14.01429
1427158131.94,-0.41252947
1427158131.956,-11.840645
1427158131.971,-20.45584
1427158131.987,-26.829031
1427158132.003,-31.509327
1427158132.018,-34.768227
1427158132.034,-36.63137
1427158132.05,-37.09633
1427158132.065,-36.31737
1427158132.081,-34.72206
1427158132.096,-32.919052
1427158132.112,-31.533535
1427158132.128,-30.97453
1427158132.143,-31.335157
1427158132.159,-32.40684
1427158132.175,-33.780853
1427158132.19,-35.067352
1427158132.206,-35.95915
1427158132.221,-36.323784
1427158132.237,-36.095947
1427158132.253,-35.28637
1427158132.268,-33.86546
1427158132.284,-31.819578
1427158132.3,-29.135729
1427158132.315,-25.81588
1427158132.331,-21.85451
1427158132.346,-17.226927
1427158132.362,-11.915504
1427158132.378,-5.9783096
1427158132.393,0.40307236
1427158132.409,6.904331
1427158132.425,13.1401825
1427158132.44,18.79317
1427158132.456,23.766521
1427158132.471,28.202042
1427158132.487,32.49233
1427158132.503,37.179695
1427158132.518,42.824696
1427158132.534,49.76661
1427158132.55,57.931282
1427158132.565,66.62691
1427158132.581,74.48805
1427158132.596,79.70396
1427158132.612,80.48273
1427158132.628,75.65831
1427158132.643,65.179535
1427158132.659,50.19857
1427158132.675,32.753853
1427158132.69,15.124119
1427158132.706,-0.8339348
1427158132.721,-14.094837
1427158132.737,-24.446194
1427158132.753,-32.264202
1427158132.768,-38.041313
1427158132.784,-42.147743
1427158132.8,-44.73929
1427158132.815,-45.897087
1427158132.831,-45.75847
1427158132.846,-44.669586
1427158132.862,-43.064545
1427158132.878,-41.41326
1427158132.893,-40.066437
1427158132.909,-39.19742
1427158132.925,-38.81205
1427158132.94,-38.83811
1427158132.956,-39.164436
1427158132.971,-39.660385
1427158132.987,-40.16098
1427158133.003,-40.431175
1427158133.018,-40.15387
1427158133.034,-39.044495
1427158133.05,-36.898994
1427158133.065,-33.700203
1427158133.081,-29.604599
1427158133.096,-24.911331
1427158133.112,-19.882057
1427158133.128,-14.687645
1427158133.143,-9.332497
1427158133.159,-3.7418137
1427158133.175,2.167633
1427158133.19,8.366875
1427158133.206,14.680756
1427158133.222,20.827858
1427158133.237,26.550766
1427158133.253,31.728554
1427158133.268,36.460045
1427158133.284,41.08088
1427158133.3,46.11708
1427158133.315,52.133453
1427158133.331,59.500076
1427158133.347,68.09234
1427158133.362,77.056404
1427158133.378,84.765335
1427158133.393,89.149994
1427158133.409,88.32009
1427158133.425,81.28902
1427158133.44,68.42623
1427158133.456,51.419327
1427158133.472,32.7063
1427158133.487,14.627975
1427158133.503,-1.2295761
1427158133.518,-14.281235
1427158133.534,-24.727425
1427158133.55,-33.017662
1427158133.565,-39.469727
1427158133.581,-44.129684
1427158133.597,-46.950478
1427158133.612,-48.041542
1427158133.628,-47.822372
1427158133.643,-46.931213
1427158133.659,-46.028572
1427158133.675,-45.543823
1427158133.69,-45.584686
1427158133.706,-45.983727
1427158133.722,-46.49156
1427158133.737,-46.923134
1427158133.753,-47.231537
1427158133.768,-47.464027
1427158133.784,-47.664886
1427158133.8,-47.742134
1427158133.815,-47.410507
1427158133.831,-46.248398
1427158133.847,-43.875946
1427158133.862,-40.133064
1427158133.878,-35.25126
1427158133.893,-29.811584
1427158133.909,-24.539856
1427158133.925,-19.944725
1427158133.94,-16.107018
1427158133.956,-12.585487
1427158133.972,-8.664101
1427158133.987,-3.7057343
1427158134.003,2.5285263
1427158134.018,9.745613
1427158134.034,17.278755
1427158134.05,24.377243
1427158134.065,30.531227
1427158134.081,35.630775
1427158134.097,39.962944
1427158134.112,44.11409
1427158134.128,48.79206
1427158134.143,54.652946
1427158134.159,62.035446
1427158134.175,70.695526
1427158134.19,79.5845
1427158134.206,86.94986
1427158134.222,90.64844
1427158134.237,88.90082
1427158134.253,80.89852
1427158134.268,67.22661
1427158134.284,49.686325
1427158134.3,30.746674
1427158134.315,12.736572
1427158134.331,-2.739685
1427158134.347,-15.077652
1427158134.362,-24.47548
1427158134.378,-31.503586
1427158134.393,-36.73619
1427158134.409,-40.52791
1427158134.425,-43.00592
1427158134.44,-44.26512
1427158134.456,-44.469162
1427158134.472,-43.96791
1427158134.487,-43.20662
1427158134.503,-42.62915
1427158134.518,-42.517654
1427158134.534,-42.951538
1427158134.55,-43.769485
1427158134.565,-44.713608
1427158134.581,-45.50522
1427158134.597,-45.95175
1427158134.612,-45.934967
1427158134.628,-45.415543
1427158134.643,-44.304047
1427158134.659,-42.509064
1427158134.675,-39.943756
1427158134.69,-36.58725
1427158134.706,-32.504684
1427158134.722,-27.855759
1427158134.737,-22.804443
1427158134.753,-17.445862
1427158134.768,-11.797241
1427158134.784,-5.826416
1427158134.8,0.46261597
1427158134.815,6.9472656
1427158134.831,13.407272
1427158134.847,19.576004
1427158134.862,25.227798
1427158134.878,30.305313
1427158134.893,34.949844
1427158134.909,39.509613
1427158134.925,44.497208
1427158134.94,50.423798
1427158134.956,57.563507
1427158134.972,65.65364
1427158134.987,73.71864
1427158135.003,80.08243
1427158135.018,82.81433
1427158135.034,80.33565
1427158135.05,72.02931
1427158135.065,58.54915
1427158135.081,41.665863
1427158135.097,23.665634
1427158135.112,6.6552734
1427158135.128,-7.951599
1427158135.143,-19.613953
1427158135.159,-28.441055
1427158135.175,-34.83026
1427158135.19,-39.17372
1427158135.206,-41.722046
1427158135.222,-42.69098
1427158135.237,-42.368195
1427158135.253,-41.236618
1427158135.268,-39.872604
1427158135.284,-38.838425
1427158135.3,-38.484222
1427158135.315,-38.85382
1427158135.331,-39.705475
1427158135.347,-40.673004
1427158135.362,-41.40657
1427158135.378,-41.71582
1427158135.393,-41.564606
1427158135.409,-41.021744
1427158135.425,-40.120667
1427158135.44,-38.82364
1427158135.456,-37.023804
1427158135.472,-34.624496
1427158135.487,-31.573593
1427158135.503,-27.898987
1427158135.518,-23.611954
1427158135.534,-18.714981
1427158135.55,-13.181259
1427158135.565,-7.0361633
1427158135.581,-0.4264984
1427158135.597,6.385208
1427158135.612,13.055359
1427158135.628,19.278732
1427158135.643,24.908066
1427158135.659,30.000473
1427158135.675,34.867783
1427158135.69,39.987076
1427158135.706,45.88826
1427158135.722,52.958252
1427158135.737,61.170547
1427158135.753,69.85344
1427158135.768,77.67137
1427158135.784,82.79874
1427158135.8,83.48692
1427158135.815,78.62146
1427158135.831,68.20126
1427158135.847,53.394287
1427158135.862,36.17488
1427158135.878,18.711868
1427158135.894,2.7409515
1427158135.909,-10.776825
1427158135.925,-21.651917
1427158135.94,-30.171844
1427158135.956,-36.734177
1427158135.972,-41.60742
1427158135.987,-44.885773
1427158136.003,-46.64084
1427158136.018,-47.06906
1427158136.034,-46.593582
1427158136.05,-45.758606
1427158136.065,-45.116974
1427158136.081,-44.99202
1427158136.097,-45.378403
1427158136.112,-45.986763
1427158136.128,-46.43949
1427158136.144,-46.477585
1427158136.159,-46.114082
1427158136.175,-45.612907
1427158136.19,-45.29171
1427158136.206,-45.294662
1427158136.222,-45.42968
1427158136.237,-45.1845
1427158136.253,-43.961372
1427158136.269,-41.293167
1427158136.284,-37.094643
1427158136.3,-31.708519
1427158136.315,-25.816338
1427158136.331,-20.13826
1427158136.347,-15.202621
1427158136.362,-11.094032
1427158136.378,-7.4726334
1427158136.394,-3.7410202
1427158136.409,0.7055054
1427158136.425,6.142708
1427158136.44,12.428963
1427158136.456,19.047653
1427158136.472,25.330597
1427158136.487,30.76265
1427158136.503,35.16253
1427158136.519,38.747803
1427158136.534,42.005157
1427158136.55,45.56282
1427158136.565,50.03708
1427158136.581,55.943542
1427158136.597,63.515602
1427158136.612,72.52008
1427158136.628,82.027466
1427158136.644,90.38081
1427158136.659,95.507545
1427158136.675,95.49494
1427158136.69,89.33336
1427158136.706,77.323364
1427158136.722,61.0615
1427158136.737,42.893654
1427158136.753,25.088142
1427158136.769,9.254768
1427158136.784,-3.9463959
1427158136.8,-14.575157
1427158136.815,-23.042305
1427158136.831,-29.706688
1427158136.847,-34.776398
1427158136.862,-38.347237
1427158136.878,-40.60166
1427158136.894,-41.88749
1427158136.909,-42.66369
1427158136.925,-43.399307
1427158136.94,-44.389633
1427158136.956,-45.715473
1427158136.972,-47.241917
1427158136.987,-48.713852
1427158137.003,-49.876118
1427158137.019,-50.591946
1427158137.034,-50.868355
1427158137.05,-50.819885
1427158137.065,-50.59011
1427158137.081,-50.20805
1427158137.097,-49.55779
1427158137.112,-48.372017
1427158137.128,-46.38235
1427158137.144,-43.389412
1427158137.159,-39.41676
1427158137.175,-34.690636
1427158137.19,-29.564072
1427158137.206,-24.425426
1427158137.222,-19.56374
1427158137.237,-15.117947
1427158137.253,-11.09346
1427158137.269,-7.3754463
1427158137.284,-3.805893
1427158137.3,-0.2111702
1427158137.315,3.582449
1427158137.331,7.7265778
1427158137.347,12.3046875
1427158137.362,17.3031
1427158137.378,22.559816
1427158137.394,27.796156
1427158137.409,32.666275
1427158137.425,36.949562
1427158137.44,40.65409
1427158137.456,44.104973
1427158137.472,47.881554
1427158137.487,52.658382
1427158137.503,58.974636
1427158137.519,66.92184
1427158137.534,75.91317
1427158137.55,84.63333
1427158137.565,91.21735
1427158137.581,93.72545
1427158137.597,90.73984
1427158137.612,81.90315
1427158137.628,68.08749
1427158137.644,51.184643
1427158137.659,33.488453
1427158137.675,17.027697
1427158137.69,3.0613441
1427158137.706,-8.040323
1427158137.722,-16.565144
1427158137.737,-23.002007
1427158137.753,-27.76762
1427158137.769,-31.046314
1427158137.784,-32.941666
1427158137.8,-33.64578
1427158137.815,-33.570225
1427158137.831,-33.278194
1427158137.847,-33.29756
1427158137.862,-33.891376
1427158137.878,-34.980633
1427158137.894,-36.20022
1427158137.909,-37.145187
1427158137.925,-37.592144
1427158137.94,-37.594315
1427158137.956,-37.413902
1427158137.972,-37.30355
1427158137.987,-37.27207
1427158138.003,-37.027485
1427158138.019,-36.08312
1427158138.034,-33.99862
1427158138.05,-30.628918
1427158138.065,-26.199137
1427158138.081,-21.229729
1427158138.097,-16.29848
1427158138.112,-11.7373905
1427158138.128,-7.525319
1427158138.144,-3.3291492
1427158138.159,1.2545853
1427158138.175,6.4699917
1427158138.19,12.206892
1427158138.206,18.04977
1427158138.222,23.430788
1427158138.237,27.925167
1427158138.253,31.418339
1427158138.269,34.1865
1427158138.284,36.78569
1427158138.3,39.928898
1427158138.315,44.260727
1427158138.331,50.15062
1427158138.347,57.470387
1427158138.362,65.453896
1427158138.378,72.69103
1427158138.394,77.38427
1427158138.409,77.85217
1427158138.425,73.09235
1427158138.44,63.167336
1427158138.456,49.24916
1427158138.472,33.20485
1427158138.487,17.052649
1427158138.503,2.3706589
1427158138.519,-9.950193
1427158138.534,-19.721199
1427158138.55,-27.181004
1427158138.565,-32.67918
1427158138.581,-36.533997
1427158138.597,-38.965958
1427158138.612,-40.176567
1427158138.628,-40.44223
1427158138.644,-40.133152
1427158138.659,-39.666225
1427158138.675,-39.371418
1427158138.69,-39.377834
1427158138.706,-39.60389
1427158138.722,-39.832474
1427158138.737,-39.873665
1427158138.753,-39.67843
1427158138.769,-39.35694
1427158138.784,-39.079144
1427158138.8,-38.888947
1427158138.816,-38.616974
1427158138.831,-37.89048
1427158138.847,-36.28752
1427158138.862,-33.52951
1427158138.878,-29.632223
1427158138.894,-24.89319
1427158138.909,-19.82195
1427158138.925,-14.92296
1427158138.941,-10.52599
1427158138.956,-6.6432095
1427158138.972,-3.005413
1427158138.987,0.7982025
1427158139.003,5.1109123
1427158139.019,10.039974
1427158139.034,15.361248
1427158139.05,20.66518
1427158139.066,25.568207
1427158139.081,29.921947
1427158139.097,33.887035
1427158139.112,37.87519
1427158139.128,42.387856
1427158139.144,47.85687
1427158139.159,54.48867
1427158139.175,62.11323
1427158139.191,70.031044
1427158139.206,76.973236
1427158139.222,81.2628
1427158139.237,81.28715
1427158139.253,76.09368
1427158139.269,65.83446
1427158139.284,51.80741
1427158139.3,36.028675
1427158139.316,20.51065
1427158139.331,6.633484
1427158139.347,-5.0691986
1427158139.362,-14.715885
1427158139.378,-22.659084
1427158139.394,-29.121262
1427158139.409,-34.083134
1427158139.425,-37.46268
1427158139.441,-39.30807
1427158139.456,-39.915604
1427158139.472,-39.789837
1427158139.487,-39.458904
1427158139.503,-39.363537
1427158139.519,-39.696606
1427158139.534,-40.41809
1427158139.55,-41.290867
1427158139.566,-41.992153
1427158139.581,-42.260445
1427158139.597,-41.993546
1427158139.612,-41.319824
1427158139.628,-40.48262
1427158139.644,-39.7055
1427158139.659,-39.043415
1427158139.675,-38.26629
1427158139.691,-36.987923
1427158139.706,-34.81491
1427158139.722,-31.549015
1427158139.737,-27.308578
1427158139.753,-22.490799
1427158139.769,-17.596111
1427158139.784,-13.040577
1427158139.8,-8.936951
1427158139.816,-5.0914726
1427158139.831,-1.0858498
1427158139.847,3.4873466
1427158139.862,8.8232765
1427158139.878,14.742603
1427158139.894,20.772686
1427158139.909,26.323948
1427158139.925,30.958004
1427158139.941,34.572342
1427158139.956,37.474937
1427158139.972,40.215916
1427158139.987,43.47661
1427158140.003,47.826973
1427158140.019,53.643913
1427158140.034,60.93838
1427158140.05,69.25084
1427158140.066,77.53472
1427158140.081,84.2073
1427158140.097,87.4751
1427158140.112,85.823135
1427158140.128,78.602295
1427158140.144,66.35237
1427158140.159,50.70683
1427158140.175,33.865517
1427158140.191,17.90067
1427158140.206,4.1591682
1427158140.222,-6.93919
1427158140.237,-15.68811
1427158140.253,-22.66351
1427158140.269,-28.281757
1427158140.284,-32.672638
1427158140.3,-35.751385
1427158140.316,-37.5161
1427158140.331,-38.184376
1427158140.347,-38.251827
1427158140.362,-38.32151
1427158140.378,-38.84887
1427158140.394,-39.984455
1427158140.409,-41.530186
1427158140.425,-43.0697
1427158140.441,-44.188515
1427158140.456,-44.641495
1427158140.472,-44.484062
1427158140.487,-43.943565
1427158140.503,-43.341957
1427158140.519,-42.801662
1427158140.534,-42.181458
1427158140.55,-41.08648
1427158140.566,-39.03238
1427158140.581,-35.70805
1427158140.597,-31.1708
1427158140.612,-25.882023
1427158140.628,-20.54684
1427158140.644,-15.762455
1427158140.659,-11.783184
1427158140.675,-8.377293
1427158140.691,-5.012539
1427158140.706,-1.1117973
1427158140.722,3.623783
1427158140.737,9.084198
1427158140.753,14.804802
1427158140.769,20.23524
1427158140.784,24.973888
1427158140.8,28.936546
1427158140.816,32.345898
1427158140.831,35.632774
1427158140.847,39.290688
1427158140.862,43.75922
1427158140.878,49.3667
1427158140.894,56.20325
1427158140.909,63.98479
1427158140.925,71.88778
1427158140.941,78.52403
1427158140.956,82.20894
1427158140.972,81.385025
1427158140.987,75.27221
1427158141.003,64.170166
1427158141.019,49.50577
1427158141.034,33.34247
1427158141.05,17.708534
1427158141.066,4.005928
1427158141.081,-7.226475
1427158141.097,-16.12185
1427158141.112,-23.072792
1427158141.128,-28.374725
1427158141.144,-32.05937
1427158141.159,-34.109104
1427158141.175,-34.649467
1427158141.191,-34.095856
1427158141.206,-33.10767
1427158141.222,-32.36072
1427158141.237,-32.299896
1427158141.253,-33.01375
1427158141.269,-34.24318
1427158141.284,-35.578754
1427158141.3,-36.66814
1427158141.316,-37.330063
1427158141.331,-37.568718
1427158141.347,-37.4704
1427158141.362,-37.055386
1427158141.378,-36.18017
1427158141.394,-34.631687
1427158141.409,-32.211437
1427158141.425,-28.89098
1427158141.441,-24.898376
1427158141.456,-20.608658
1427158141.472,-16.362904
1427158141.488,-12.296024
1427158141.503,-8.277519
1427158141.519,-3.9879837
1427158141.534,0.8161583
1427158141.55,6.1486893
1427158141.566,11.749786
1427158141.581,17.180428
1427158141.597,22.09111
1427158141.613,26.351013
1427158141.628,30.154552
1427158141.644,33.928413
1427158141.659,38.207287
1427158141.675,43.47234
1427158141.691,49.998882
1427158141.706,57.681767
1427158141.722,65.859116
1427158141.738,73.250534
1427158141.753,78.11398
1427158141.769,78.75985
1427158141.784,74.09587
1427158141.8,64.16231
1427158141.816,50.141502
1427158141.831,34.048885
1427158141.847,17.990797
1427158141.863,3.559206
1427158141.878,-8.475534
1427158141.894,-18.099272
1427158141.909,-25.66738
1427158141.925,-31.568775
1427158141.941,-36.01287
1427158141.956,-39.09205
1427158141.972,-40.94226
1427158141.988,-41.846016
1427158142.003,-42.238052
1427158142.019,-42.55943
1427158142.034,-43.11038
1427158142.05,-43.93985
1427158142.066,-44.834267
1427158142.081,-45.45335
1427158142.097,-45.531464
1427158142.113,-45.017395
1427158142.128,-44.149612
1427158142.144,-43.31864
1427158142.159,-42.85446
1427158142.175,-42.766663
1427158142.191,-42.70532
1427158142.206,-42.033485
1427158142.222,-40.140186
1427158142.238,-36.713646
1427158142.253,-31.912935
1427158142.269,-26.293411
1427158142.284,-20.593365
1427158142.3,-15.379349
1427158142.316,-10.851135
1427158142.331,-6.7808075
1427158142.347,-2.6663952
1427158142.363,2.0149097
1427158142.378,7.534273
1427158142.394,13.791698
1427158142.409,20.345505
1427158142.425,26.599953
1427158142.441,32.083324
1427158142.456,36.596375
1427158142.472,40.31288
1427158142.488,43.696156
1427158142.503,47.387684
1427158142.519,52.04026
1427158142.534,58.112465
1427158142.55,65.643814
1427158142.566,74.00926
1427158142.581,81.859604
1427158142.597,87.30962
1427158142.613,88.47801
1427158142.628,84.13537
1427158142.644,74.22187
1427158142.659,59.916176
1427158142.675,43.240593
1427158142.691,26.371346
1427158142.706,10.967495
1427158142.722,-2.166645
1427158142.738,-12.968454
1427158142.753,-21.768454
1427158142.769,-28.872925
1427158142.784,-34.420055
1427158142.8,-38.410614
1427158142.816,-40.92546
1427158142.831,-42.217464
1427158142.847,-42.73961
1427158142.863,-43.011356
1427158142.878,-43.432365
1427158142.894,-44.178093
1427158142.909,-45.195095
1427158142.925,-46.257725
1427158142.941,-47.12671
1427158142.956,-47.66016
1427158142.972,-47.88184
1427158142.988,-47.92901
1427158143.003,-47.94368
1427158143.019,-47.94785
1427158143.034,-47.8058
1427158143.05,-47.238136
1427158143.066,-45.933403
1427158143.081,-43.62921
1427158143.097,-40.2419
1427158143.113,-35.874184
1427158143.128,-30.792633
1427158143.144,-25.362787
1427158143.159,-19.971697
1427158143.175,-14.934358
1427158143.191,-10.420425
1427158143.206,-6.378029
1427158143.222,-2.5882006
1427158143.238,1.2967892
1427158143.253,5.5821285
1427158143.269,10.430464
1427158143.284,15.771067
1427158143.3,21.348019
1427158143.316,26.769547
1427158143.331,31.698048
1427158143.347,35.92814
1427158143.363,39.49523
1427158143.378,42.68511
1427158143.394,46.01364
1427158143.409,50.104942
1427158143.425,55.579056
1427158143.441,62.78324
1427158143.456,71.50891
1427158143.472,80.787964
1427158143.488,88.9205
1427158143.503,93.825714
1427158143.519,93.68401
1427158143.534,87.526184
1427158143.55,75.65947
1427158143.566,59.580437
1427158143.581,41.513638
1427158143.597,23.674934
1427158143.613,7.6996164
1427158143.628,-5.6364174
1427158143.644,-16.27264
1427158143.659,-24.545628
1427158143.675,-30.818447
1427158143.691,-35.339493
1427158143.706,-38.27185
1427158143.722,-39.875225
1427158143.738,-40.57082
1427158143.753,-40.898834
1427158143.769,-41.332306
1427158143.784,-42.16958
1427158143.8,-43.39307
1427158143.816,-44.743332
1427158143.831,-45.871597
1427158143.847,-46.53342
1427158143.863,-46.696827
1427158143.878,-46.564686
1427158143.894,-46.430214
1427158143.909,-46.50968
1427158143.925,-46.760498
1427158143.941,-46.843796
1427158143.956,-46.19944
1427158143.972,-44.293797
1427158143.988,-40.807835
1427158144.003,-35.85813
1427158144.019,-29.9635
1427158144.034,-23.88497
1427158144.05,-18.326723
1427158144.066,-13.720154
1427158144.081,-10.012641
1427158144.097,-6.784164
1427158144.113,-3.401969
1427158144.128,0.688498
1427158144.144,5.7454042
1427158144.16,11.6052475
1427158144.175,17.78758
1427158144.191,23.674131
1427158144.206,28.78001
1427158144.222,32.94593
1427158144.238,36.3878
1427158144.253,39.63021
1427158144.269,43.320644
1427158144.285,48.0469
1427158144.3,54.16648
1427158144.316,61.624046
1427158144.331,69.82937
1427158144.347,77.58358
1427158144.363,83.21598
1427158144.378,84.96106
1427158144.394,81.498314
1427158144.41,72.5033
1427158144.425,58.82434
1427158144.441,42.329597
1427158144.456,25.255354
1427158144.472,9.555029
1427158144.488,-3.6248617
1427158144.503,-14.001731
1427158144.519,-21.88416
1427158144.535,-27.778316
1427158144.55,-31.99951
1427158144.566,-34.6546
1427158144.581,-35.753242
1427158144.597,-35.46843
1427158144.613,-34.223274
1427158144.628,-32.666862
1427158144.644,-31.48323
1427158144.66,-31.131758
1427158144.675,-31.71708
1427158144.691,-32.97866
1427158144.706,-34.42117
1427158144.722,-35.575233
1427158144.738,-36.111023
1427158144.753,-35.975563
1427158144.769,-35.271023
1427158144.785,-34.156578
1427158144.8,-32.705223
1427158144.816,-30.894516
1427158144.831,-28.623852
1427158144.847,-25.787706
1427158144.863,-22.314928
1427158144.878,-18.179913
1427158144.894,-13.402672
1427158144.91,-8.043274
1427158144.925,-2.2444363
1427158144.941,3.7594948
1427158144.956,9.66959
1427158144.972,15.205475
1427158144.988,20.225605
1427158145.003,24.795927
1427158145.019,29.204678
1427158145.035,33.861805
1427158145.05,39.203476
1427158145.066,45.550507
1427158145.081,52.957596
1427158145.097,61.015564
1427158145.113,68.767944
1427158145.128,74.74657
1427158145.144,77.27403
1427158145.16,74.9751
1427158145.175,67.33418
1427158145.191,54.96391
1427158145.206,39.509823
1427158145.222,23.111809
1427158145.238,7.7316704
1427158145.253,-5.38834
1427158145.269,-15.876587
1427158145.285,-24.020397
1427158145.3,-30.331821
1427158145.316,-35.24474
1427158145.331,-38.939056
1427158145.347,-41.475616
1427158145.363,-42.913815
1427158145.378,-43.486576
1427158145.394,-43.54263
1427158145.41,-43.453197
1427158145.425,-43.473423
1427158145.441,-43.655273
1427158145.456,-43.881554
1427158145.472,-43.987007
1427158145.488,-43.869717
1427158145.503,-43.55231
1427158145.519,-43.136955
1427158145.535,-42.706688
1427158145.55,-42.169292
1427158145.566,-41.29261
1427158145.581,-39.73339
1427158145.597,-37.2293
1427158145.613,-33.7031
1427158145.628,-29.309643
1427158145.644,-24.349316
1427158145.66,-19.147682
1427158145.675,-13.950172
1427158145.691,-8.797012
1427158145.706,-3.5917358
1427158145.722,1.8115845
1427158145.738,7.4845886
1427158145.753,13.318951
1427158145.769,19.060959
1427158145.785,24.398026
1427158145.8,29.181229
1427158145.816,33.533676
1427158145.831,37.89546
1427158145.847,42.90374
1427158145.863,49.140686
1427158145.878,56.904392
1427158145.894,65.94698
1427158145.91,75.35303
1427158145.925,83.607704
1427158145.941,88.86824
1427158145.956,89.426216
1427158145.972,84.31738
1427158145.988,73.66426
1427158146.003,58.780716
1427158146.019,41.76165
1427158146.035,24.797073
1427158146.05,9.547485
1427158146.066,-3.2659225
1427158146.081,-13.743233
1427158146.097,-22.414429
1427158146.113,-29.730263
1427158146.128,-35.837166
1427158146.144,-40.580154
1427158146.16,-43.787354
1427158146.175,-45.542793
1427158146.191,-46.270187
1427158146.206,-46.586967
1427158146.222,-47.07274
1427158146.238,-48.01233
1427158146.253,-49.291687
1427158146.269,-50.53225
1427158146.285,-51.3293
1427158146.3,-51.48974
1427158146.316,-51.12834
1427158146.331,-50.579346
1427158146.347,-50.132225
1427158146.363,-49.81086
1427158146.378,-49.269684
1427158146.394,-47.932327
1427158146.41,-45.28495
1427158146.425,-41.130737
1427158146.441,-35.74881
1427158146.456,-29.789162
1427158146.472,-23.995728
1427158146.488,-18.916313
1427158146.503,-14.696739
1427158146.519,-11.055923
1427158146.535,-7.436592
1427158146.55,-3.2789993
1427158146.566,1.785965
1427158146.581,7.761688
1427158146.597,14.328522
1427158146.613,20.94632
1427158146.628,27.098984
1427158146.644,32.45311
1427158146.66,36.977295
1427158146.675,40.97615
1427158146.691,44.99405
1427158146.706,49.728615
1427158146.722,55.797188
1427158146.738,63.47258
1427158146.753,72.36839
1427158146.769,81.27896
1427158146.785,88.26848
1427158146.8,91.20326
1427158146.816,88.46242
1427158146.832,79.56107
1427158146.847,65.44294
1427158146.863,48.155952
1427158146.878,30.145958
1427158146.894,13.456047
1427158146.91,-0.76116943
1427158146.925,-12.296936
1427158146.941,-21.508469
1427158146.956,-28.883965
1427158146.972,-34.727684
1427158146.988,-39.12098
1427158147.003,-42.114998
1427158147.019,-43.871986
1427158147.035,-44.782158
1427158147.05,-45.32949
1427158147.066,-45.961365
1427158147.082,-46.85424
1427158147.097,-47.934563
1427158147.113,-48.899635
1427158147.128,-49.391693
1427158147.144,-49.22682
1427158147.16,-48.47522
1427158147.175,-47.448685
1427158147.191,-46.51999
1427158147.207,-45.878136
1427158147.222,-45.397224
1427158147.238,-44.61097
1427158147.253,-42.93911
1427158147.269,-39.957596
1427158147.285,-35.660767
1427158147.3,-30.454185
1427158147.316,-25.006264
1427158147.332,-19.91954
1427158147.347,-15.455971
1427158147.363,-11.433327
1427158147.378,-7.35923
1427158147.394,-2.6909332
1427158147.41,2.8375206
1427158147.425,9.100731
1427158147.441,15.589546
1427158147.457,21.657345
1427158147.472,26.78157
1427158147.488,30.800293
1427158147.503,33.97842
1427158147.519,36.924904
1427158147.535,40.40834
1427158147.55,45.14488
1427158147.566,51.561146
1427158147.582,59.5779
1427158147.597,68.4409
1427158147.613,76.69684
1427158147.628,82.43956
1427158147.644,83.8168
1427158147.66,79.65717
1427158147.675,69.92946
1427158147.691,55.84536
1427158147.707,39.47996
1427158147.722,23.051723
1427158147.738,8.266666
1427158147.753,-4.0401077
1427158147.769,-13.844513
1427158147.785,-21.570301
1427158147.8,-27.617493
1427158147.816,-32.179222
1427158147.832,-35.23116
1427158147.847,-36.731495
1427158147.863,-36.85027
1427158147.878,-35.99564
1427158147.894,-34.764835
1427158147.91,-33.753933
1427158147.925,-33.374744
1427158147.941,-33.754116
1427158147.957,-34.732903
1427158147.972,-36.009014
1427158147.988,-37.199684
1427158148.003,-38.026665
1427158148.019,-38.295128
1427158148.035,-37.942837
1427158148.05,-36.94859
1427158148.066,-35.329777
1427158148.082,-33.103577
1427158148.097,-30.317318
1427158148.113,-27.026703
1427158148.128,-23.309074
1427158148.144,-19.212143
1427158148.16,-14.757355
1427158148.175,-9.931122
1427158148.191,-4.7403984
1427158148.207,0.7611351
1427158148.222,6.4243507
1427158148.238,12.036732
1427158148.253,17.402035
1427158148.269,22.416454
1427158148.285,27.140728
1427158148.3,31.792004
1427158148.316,36.761154
1427158148.332,42.513683
1427158148.347,49.393948
1427158148.363,57.402454
1427158148.378,65.951324
1427158148.394,73.77208
1427158148.41,79.11773
1427158148.425,80.221725
1427158148.441,75.945045
1427158148.457,66.25285
1427158148.472,52.309086
1427158148.488,36.146076
1427158148.503,19.953297
1427158148.519,5.442543
1427158148.535,-6.552681
1427158148.55,-16.004429
1427158148.566,-23.362125
1427158148.582,-29.101597
1427158148.597,-33.528522
1427158148.613,-36.738422
1427158148.628,-38.786198
1427158148.644,-39.842636
1427158148.66,-40.224274
1427158148.675,-40.32911
1427158148.691,-40.50837
1427158148.707,-40.910995
1427158148.722,-41.53695
1427158148.738,-42.21945
1427158148.753,-42.796825
1427158148.769,-43.153885
1427158148.785,-43.247295
1427158148.8,-43.050488
1427158148.816,-42.49651
1427158148.832,-41.42022
1427158148.847,-39.61479
1427158148.863,-36.918694
1427158148.878,-33.304127
1427158148.894,-28.936522
1427158148.91,-24.09655
1427158148.925,-19.070381
1427158148.941,-14.004158
1427158148.957,-8.854969
1427158148.972,-3.4743252
1427158148.988,2.2849274
1427158149.003,8.400715
1427158149.019,14.680748
1427158149.035,20.792097
1427158149.05,26.45001
1427158149.066,31.487469
1427158149.082,35.983994
1427158149.097,40.232452
1427158149.113,44.728134
1427158149.128,50.024086
1427158149.144,56.558174
1427158149.16,64.33746
1427158149.175,72.68817
1427158149.191,80.1614
1427158149.207,84.8088
1427158149.222,84.766945
1427158149.238,78.98727
1427158149.253,67.70624
1427158149.269,52.452675
1427158149.285,35.479816
1427158149.3,18.991941
1427158149.316,4.4552174
1427158149.332,-7.6094513
1427158149.347,-17.422083
1427158149.363,-25.446705
1427158149.378,-31.968788
1427158149.394,-37.020092
1427158149.41,-40.50643
1427158149.425,-42.489532
1427158149.441,-43.304398
1427158149.457,-43.523865
1427158149.472,-43.71064
1427158149.488,-44.151306
1427158149.504,-44.825092
1427158149.519,-45.434395
1427158149.535,-45.682816
1427158149.55,-45.42486
1427158149.566,-44.796787
1427158149.582,-44.06891
1427158149.597,-43.48173
1427158149.613,-43.043396
1427158149.628,-42.462357
1427158149.644,-41.25215
1427158149.66,-38.97032
1427158149.675,-35.467766
1427158149.691,-30.970871
1427158149.707,-25.995802
1427158149.722,-21.116444
1427158149.738,-16.6927
1427158149.754,-12.694992
1427158149.769,-8.776806
1427158149.785,-4.451757
1427158149.8,0.6052252
1427158149.816,6.3923063
1427158149.832,12.545446
1427158149.847,18.52965
1427158149.863,23.89912
1427158149.879,28.483381
1427158149.894,32.488647
1427158149.91,36.354607
1427158149.925,40.675358
1427158149.941,45.993607
1427158149.957,52.67063
1427158149.972,60.678497
1427158149.988,69.42614
1427158150.004,77.632935
1427158150.019,83.49484
1427158150.035,85.15556
1427158150.05,81.3207
1427158150.066,71.841995
1427158150.082,57.86468
1427158150.097,41.44927
1427158150.113,24.861149
1427158150.129,9.831827
1427158150.144,-2.815465
1427158150.16,-13.076632
1427158150.175,-21.352598
1427158150.191,-28.036568
1427158150.207,-33.275085
1427158150.222,-37.05279
1427158150.238,-39.41428
1427158150.254,-40.589924
1427158150.269,-40.98577
1427158150.285,-41.04917
1427158150.3,-41.05332
1427158150.316,-41.09192
1427158150.332,-41.076965
1427158150.347,-40.922157
1427158150.363,-40.616756
1427158150.379,-40.28308
1427158150.394,-40.045433
1427158150.41,-39.935944
1427158150.425,-39.785538
1427158150.441,-39.24654
1427158150.457,-37.92753
1427158150.472,-35.603382
1427158150.488,-32.31087
1427158150.504,-28.367636
1427158150.519,-24.19066
1427158150.535,-20.079254
1427158150.55,-16.077148
1427158150.566,-11.976368
1427158150.582,-7.470045
1427158150.597,-2.3506317
1427158150.613,3.3353958
1427158150.629,9.276848
1427158150.644,15.0691185
1427158150.66,20.340649
1427158150.675,24.929588
1427158150.691,28.91454
1427158150.707,32.577736
1427158150.722,36.358124
1427158150.738,40.74615
1427158150.754,46.208736
1427158150.769,52.975826
1427158150.785,60.804188
1427158150.8,68.7736
1427158150.816,75.290825
1427158150.832,78.45151
1427158150.847,76.662605
1427158150.863,69.29584
1427158150.879,57.018192
1427158150.894,41.647453
1427158150.91,25.523464
1427158150.925,10.707882
1427158150.941,-1.6023331
1427158150.957,-11.191143
1427158150.972,-18.51247
1427158150.988,-24.183872
1427158151.004,-28.575989
1427158151.019,-31.705616
1427158151.035,-33.46572
1427158151.05,-33.87674
1427158151.066,-33.272503
1427158151.082,-32.256073
1427158151.097,-31.46616
1427158151.113,-31.324474
1427158151.129,-31.878937
1427158151.144,-32.84481
1427158151.16,-33.78072
1427158151.175,-34.296303
1427158151.191,-34.21655
1427158151.207,-33.584915
1427158151.222,-32.577103
1427158151.238,-31.36993
1427158151.254,-30.006939
1427158151.269,-28.395073
1427158151.285,-26.354599
1427158151.3,-23.683006
1427158151.316,-20.271137
1427158151.332,-16.08459
1427158151.347,-11.178745
1427158151.363,-5.704197
1427158151.379,0.12823105
1427158151.394,6.0350914
1427158151.41,11.73814
1427158151.425,17.022022
1427158151.441,21.79004
1427158151.457,26.135777
1427158151.472,30.313622
1427158151.488,34.708755
1427158151.504,39.74979
1427158151.519,45.834946
1427158151.535,53.08918
1427158151.55,61.210148
1427158151.566,69.243935
1427158151.582,75.66708
1427158151.597,78.71266
1427158151.613,76.93734
1427158151.629,69.792946
1427158151.644,57.8914
1427158151.66,42.860092
1427158151.675,26.778904
1427158151.691,11.5023
1427158151.707,-1.7824898
1427158151.722,-12.725029
1427158151.738,-21.488262
1427158151.754,-28.426655
1427158151.769,-33.735996
1427158151.785,-37.482903
1427158151.8,-39.6996
1427158151.816,-40.59606
1427158151.832,-40.57416
1427158151.847,-40.158257
1427158151.863,-39.820038
1427158151.879,-39.79628
1427158151.894,-40.07225
1427158151.91,-40.44295
1427158151.925,-40.67307
1427158151.941,-40.631153
1427158151.957,-40.34758
1427158151.972,-39.97023
1427158151.988,-39.606308
1427158152.004,-39.235035
1427158152.019,-38.588875
1427158152.035,-37.28337
1427158152.05,-34.961246
1427158152.066,-31.510437
1427158152.082,-27.12363
1427158152.097,-22.290752
1427158152.113,-17.547596
1427158152.129,-13.258167
1427158152.144,-9.427124
1427158152.16,-5.7040787
1427158152.175,-1.5646133
1427158152.191,3.4237366
1427158152.207,9.360252
1427158152.222,15.9422
1427158152.238,22.564316
1427158152.254,28.554207
1427158152.269,33.455338
1427158152.285,37.195084
1427158152.3,40.162514
1427158152.316,43.06167
1427158152.332,46.746193
1427158152.347,51.92521
1427158152.363,58.897545
1427158152.379,67.25941
1427158152.394,75.83404
1427158152.41,82.79649
1427158152.426,86.11761
1427158152.441,84.19972
1427158152.457,76.48039
1427158152.472,63.679176
1427158152.488,47.597763
1427158152.504,30.482231
1427158152.519,14.325859
1427158152.535,0.34802246
1427158152.551,-11.091873
1427158152.566,-20.226723
1427158152.582,-27.43814
1427158152.597,-33.01454
1427158152.613,-37.042442
1427158152.629,-39.570282
1427158152.644,-40.77633
1427158152.66,-41.05152
1427158152.676,-40.926506
1427158152.691,-40.911507
1427158152.707,-41.318024
1427158152.722,-42.16262
1427158152.738,-43.14148
1427158152.754,-43.79358
1427158152.769,-43.70804
1427158152.785,-42.798317
1427158152.801,-41.35002
1427158152.816,-39.914635
1427158152.832,-38.99417
1427158152.847,-38.74446
1427158152.863,-38.780983
1427158152.879,-38.379944
1427158152.894,-36.812294
1427158152.91,-33.729424
1427158152.926,-29.348602
1427158152.941,-24.3367
1427158152.957,-19.483063
1427158152.972,-15.2881775
1427158152.988,-11.759605
1427158153.004,-8.4861145
1427158153.019,-4.8474884
1427158153.035,-0.41338348
1427158153.051,4.896797
1427158153.066,10.759407
1427158153.082,16.643272
1427158153.097,22.059143
1427158153.113,26.750618
1427158153.129,30.797112
1427158153.144,34.53646
1427158153.16,38.459946
1427158153.176,43.03929
1427158153.191,48.666588
1427158153.207,55.54216
1427158153.222,63.51484
1427158153.238,71.96094
1427158153.254,79.60429
1427158153.269,84.72734
1427158153.285,85.571495
1427158153.301,81.00394
1427158153.316,70.95608
1427158153.332,56.626335
1427158153.347,40.057495
1427158153.363,23.464104
1427158153.379,8.530525
1427158153.394,-3.9433517
1427158153.41,-13.953697
1427158153.426,-21.890472
1427158153.441,-28.105827
1427158153.457,-32.718224
1427158153.472,-35.689148
1427158153.488,-37.043747
1427158153.504,-37.067436
1427158153.519,-36.266678
1427158153.535,-35.239433
1427158153.551,-34.456917
1427158153.566,-34.137054
1427158153.582,-34.237915
1427158153.597,-34.591957
1427158153.613,-34.97142
1427158153.629,-35.249176
1427158153.644,-35.349525
1427158153.66,-35.253113
1427158153.676,-34.896606
1427158153.691,-34.156616
1427158153.707,-32.849396
1427158153.722,-30.818497
1427158153.738,-27.996872
1427158153.754,-24.466347
1427158153.769,-20.423683
1427158153.785,-16.12056
1427158153.801,-11.702354
1427158153.816,-7.194702
1427158153.832,-2.4513092
1427158153.847,2.6647568
1427158153.863,8.192482
1427158153.879,13.975456
1427158153.894,19.68052
1427158153.91,24.914597
1427158153.926,29.452324
1427158153.941,33.322968
1427158153.957,36.88195
1427158153.972,40.71222
1427158153.988,45.438026
1427158154.004,51.44725
1427158154.019,58.632534
1427158154.035,66.208466
1427158154.051,72.73849
1427158154.066,76.43652
1427158154.082,75.7006
1427158154.097,69.65637
1427158154.113,58.584484
1427158154.129,43.83984
1427158154.144,27.475014
1427158154.16,11.526215
1427158154.176,-2.5066147
1427158154.191,-13.99958
1427158154.207,-22.997986
1427158154.222,-29.915989
1427158154.238,-35.091938
1427158154.254,-38.653538
1427158154.269,-40.550255
1427158154.285,-40.807365
1427158154.301,-39.721317
1427158154.316,-37.88101
1427158154.332,-36.014183
1427158154.347,-34.747345
1427158154.363,-34.38075
1427158154.379,-34.83322
1427158154.394,-35.709957
1427158154.41,-36.54985
1427158154.426,-36.959724
1427158154.441,-36.76766
1427158154.457,-35.989014
1427158154.472,-34.772915
1427158154.488,-33.251446
1427158154.504,-31.51344
1427158154.519,-29.522438
1427158154.535,-27.165401
1427158154.551,-24.253658
1427158154.566,-20.618683
1427158154.582,-16.141853
1427158154.597,-10.834278
1427158154.613,-4.830658
1427158154.629,1.6029053
1427158154.644,8.157856
1427158154.66,14.530842
1427158154.676,20.497257
1427158154.691,25.952442
1427158154.707,30.94009
1427158154.722,35.64451
1427158154.738,40.417686
1427158154.754,45.725773
1427158154.769,52.053043
1427158154.785,59.62523
1427158154.801,68.14757
1427158154.816,76.55463
1427158154.832,83.124535
1427158154.847,85.88968
1427158154.863,83.31774
1427158154.879,74.9034
1427158154.894,61.44596
1427158154.91,44.790527
1427158154.926,27.20135
1427158154.941,10.625364
1427158154.957,-3.7959576
1427158154.972,-15.735668
1427158154.988,-25.374561
1427158155.004,-33.00241
1427158155.019,-38.752113
1427158155.035,-42.638794
1427158155.051,-44.74259
1427158155.066,-45.397392
1427158155.082,-45.13559
1427158155.098,-44.586853
1427158155.113,-44.1683
1427158155.129,-44.02098
1427158155.144,-43.99447
1427158155.16,-43.84818
1427158155.176,-43.404846
1427158155.191,-42.73548
1427158155.207,-42.077694
1427158155.223,-41.69311
1427158155.238,-41.666035
1427158155.254,-41.777016
1427158155.269,-41.518543
1427158155.285,-40.31647
1427158155.301,-37.804573
1427158155.316,-33.997883
1427158155.332,-29.324226
1427158155.348,-24.401321
1427158155.363,-19.718939
1427158155.379,-15.403947
1427158155.394,-11.128197
1427158155.41,-6.372848
1427158155.426,-0.70405483
1427158155.441,5.901488
1427158155.457,13.040878
1427158155.473,20.041069
1427158155.488,26.31113
1427158155.504,31.613651
1427158155.519,36.129505
1427158155.535,40.39425
1427158155.551,45.071217
1427158155.566,50.761986
1427158155.582,57.824783
1427158155.598,66.200005
1427158155.613,75.234436
1427158155.629,83.61688
1427158155.644,89.54947
1427158155.66,91.12255
1427158155.676,87.03054
1427158155.691,77.03645
1427158155.707,62.22582
1427158155.723,44.635345
1427158155.738,26.635906
1427158155.754,10.12454
1427158155.769,-3.877491
1427158155.785,-15.264322
1427158155.801,-24.490791
1427158155.816,-32.089798
1427158155.832,-38.323246
1427158155.848,-43.13806
1427158155.863,-46.355637
1427158155.879,-47.975044
1427158155.894,-48.301147
1427158155.91,-47.9589
1427158155.926,-47.609272
1427158155.941,-47.71147
1427158155.957,-48.273087
1427158155.973,-48.95581
1427158155.988,-49.296074
1427158156.004,-49.050022
1427158156.019,-48.361553
1427158156.035,-47.67325
1427158156.051,-47.397354
1427158156.066,-47.58333
1427158156.082,-47.788742
1427158156.098,-47.242226
1427158156.113,-45.2404
1427158156.129,-41.507317
1427158156.144,-36.3363
1427158156.16,-30.459503
1427158156.176,-24.69144
1427158156.191,-19.59206
1427158156.207,-15.238264
1427158156.223,-11.293329
1427158156.238,-7.174082
1427158156.254,-2.385685
1427158156.269,3.2697544
1427158156.285,9.629181
1427158156.301,16.205524
1427158156.316,22.421164
1427158156.332,27.854706
1427158156.348,32.400707
1427158156.363,36.306778
1427158156.379,40.10868
1427158156.394,44.442776
1427158156.41,49.889755
1427158156.426,56.78945
1427158156.441,65.068565
1427158156.457,74.0517
1427158156.473,82.35916
1427158156.488,88.11818
1427158156.504,89.3986
1427158156.519,84.89937
1427158156.535,74.481384
1427158156.551,59.33906
1427158156.566,41.61168
1427158156.582,23.691647
1427158156.598,7.4033127
1427158156.613,-6.3463974
1427158156.629,-17.524246
1427158156.644,-26.53656
1427158156.66,-33.751232
1427158156.676,-39.23443
1427158156.691,-42.857513
1427158156.707,-44.54183
1427158156.723,-44.521805
1427158156.738,-43.367573
1427158156.754,-41.805622
1427158156.769,-40.476917
1427158156.785,-39.730274
1427158156.801,-39.571575
1427158156.816,-39.795937
1427158156.832,-40.105793
1427158156.848,-40.288197
1427158156.863,-40.220127
1427158156.879,-39.870247
1427158156.894,-39.199368
1427158156.91,-38.117973
1427158156.926,-36.493507
1427158156.941,-34.20464
1427158156.957,-31.196194
1427158156.973,-27.546776
1427158156.988,-23.432411
1427158157.004,-19.056946
1427158157.019,-14.563988
1427158157.035,-9.963863
1427158157.051,-5.1367264
1427158157.066,0.097278595
1427158157.082,5.841362
1427158157.098,12.016453
1427158157.113,18.335629
1427158157.129,24.43536
1427158157.144,30.04248
1427158157.16,35.103607
1427158157.176,39.87375
1427158157.191,44.826054
1427158157.207,50.48957
1427158157.223,57.235523
1427158157.238,65.098114
1427158157.254,73.53427
1427158157.269,81.374954
1427158157.285,86.951324
1427158157.301,88.480835
1427158157.316,84.630875
1427158157.332,75.071625
1427158157.348,60.69298
1427158157.363,43.40466
1427158157.379,25.505917
1427158157.394,8.95694
1427158157.41,-5.111393
1427158157.426,-16.465446
1427158157.441,-25.4338
1427158157.457,-32.398773
1427158157.473,-37.528946
1427158157.488,-40.74744
1427158157.504,-42.013283
1427158157.519,-41.556828
1427158157.535,-40.022903
1427158157.551,-38.28444
1427158157.566,-37.171684
1427158157.582,-37.14395
1427158157.598,-38.14463
1427158157.613,-39.672745
1427158157.629,-41.003
1427158157.644,-41.515167
1427158157.66,-40.914886
1427158157.676,-39.32187
1427158157.691,-37.161636
1427158157.707,-34.899574
1427158157.723,-32.794044
1427158157.738,-30.714546
1427158157.754,-28.225868
1427158157.77,-24.788673
1427158157.785,-20.082863
1427158157.801,-14.133545
1427158157.816,-7.3712616
1427158157.832,-0.39157867
1427158157.848,6.2800217
1427158157.863,12.403946
1427158157.879,18.042656
1427158157.894,23.46453
1427158157.91,28.994331
1427158157.926,34.935493
1427158157.941,41.5418
1427158157.957,49.024353
1427158157.973,57.430717
1427158157.988,66.41082
1427158158.004,75.00968
1427158158.02,81.66474
1427158158.035,84.542435
1427158158.051,82.177376
1427158158.066,74.053566
1427158158.082,60.931763
1427158158.098,44.60385
1427158158.113,27.297066
1427158158.129,10.8980255
1427158158.145,-3.48098
1427158158.16,-15.585846
1427158158.176,-25.66449
1427158158.191,-34.023605
1427158158.207,-40.755684
1427158158.223,-45.734543
1427158158.238,-48.82183
1427158158.254,-50.119102
1427158158.27,-50.045387
1427158158.285,-49.248474
1427158158.301,-48.395752
1427158158.316,-47.968536
1427158158.332,-48.10869
1427158158.348,-48.66468
1427158158.363,-49.24154
1427158158.379,-49.39611
1427158158.395,-48.79429
1427158158.41,-47.322746
1427158158.426,-45.118637
1427158158.441,-42.48324
1427158158.457,-39.702217
1427158158.473,-36.91371
1427158158.488,-34.00522
1427158158.504,-30.65197
1427158158.52,-26.454384
1427158158.535,-21.12677
1427158158.551,-14.683044
1427158158.566,-7.4481125
1427158158.582,0.042869568
1427158158.598,7.208069
1427158158.613,13.67234
1427158158.629,19.349716
1427158158.645,24.47908
1427158158.66,29.479965
1427158158.676,34.829414
1427158158.691,40.971825
1427158158.707,48.250076
1427158158.723,56.78618
1427158158.738,66.3403
1427158158.754,76.11311
1427158158.77,84.67157
1427158158.785,90.11868
1427158158.801,90.63588
1427158158.816,85.11005
1427158158.832,73.67441
1427158158.848,57.7453
1427158158.863,39.587097
1427158158.879,21.497086
1427158158.895,5.1474304
1427158158.91,-8.7582245
1427158158.926,-20.311157
1427158158.941,-29.910706
1427158158.957,-37.86299
1427158158.973,-44.200226
1427158158.988,-48.804047
1427158159.004,-51.673737
1427158159.02,-53.10591
1427158159.035,-53.633804
1427158159.051,-53.836594
1427158159.066,-54.149643
1427158159.082,-54.70137
1427158159.098,-55.368195
1427158159.113,-55.886993
1427158159.129,-56.057587
1427158159.145,-55.80252
1427158159.16,-55.213104
1427158159.176,-54.437195
1427158159.191,-53.54361
1427158159.207,-52.428528
1427158159.223,-50.791504
1427158159.238,-48.2547
1427158159.254,-44.578888
1427158159.27,-39.796432
1427158159.285,-34.26477
1427158159.301,-28.528809
1427158159.316,-23.051422
1427158159.332,-17.972137
1427158159.348,-13.062546
1427158159.363,-7.8250885
1427158159.379,-1.8341217
1427158159.395,5.007614
1427158159.41,12.367966
1427158159.426,19.60434
1427158159.441,26.063583
1427158159.457,31.378044
1427158159.473,35.660736
1427158159.488,39.4849
1427158159.504,43.691605
1427158159.52,49.1223
1427158159.535,56.304924
1427158159.551,65.226814
1427158159.566,75.13207
1427158159.582,84.54041
1427158159.598,91.51714
1427158159.613,94.16227
1427158159.629,91.17135
1427158159.645,82.33298
1427158159.66,68.60111
1427158159.676,51.83117
1427158159.691,34.151817
1427158159.707,17.365143
1427158159.723,2.5182343
1427158159.738,-10.093529
1427158159.754,-20.683586
1427158159.77,-29.563522
1427158159.785,-36.876747
1427158159.801,-42.584328
1427158159.816,-46.593567
1427158159.832,-48.988113
1427158159.848,-50.137383
1427158159.863,-50.60927
1427158159.879,-50.984993
1427158159.895,-51.604736
1427158159.91,-52.502167
1427158159.926,-53.410904
1427158159.941,-53.999344
1427158159.957,-54.072098
1427158159.973,-53.651093
1427158159.988,-52.93319
1427158160.004,-52.10116
1427158160.02,-51.138885
1427158160.035,-49.778
1427158160.051,-47.6044
1427158160.066,-44.265854
1427158160.082,-39.674393
1427158160.098,-34.123665
1427158160.113,-28.179977
1427158160.129,-22.451141
1427158160.145,-17.34629
1427158160.16,-12.902298
1427158160.176,-8.760826
1427158160.191,-4.3840485
1427158160.207,0.67318726
1427158160.223,6.5302963
1427158160.238,12.921524
1427158160.254,19.308403
1427158160.27,25.10711
1427158160.285,29.993912
1427158160.301,34.003838
1427158160.316,37.557533
1427158160.332,41.327454
1427158160.348,46.051132
1427158160.363,52.294853
1427158160.379,60.171196
1427158160.395,69.13148
1427158160.41,77.85085
1427158160.426,84.46347
1427158160.442,87.01012
1427158160.457,84.14223
1427158160.473,75.57985
1427158160.488,62.32721
1427158160.504,46.28112
1427158160.52,29.609875
1427158160.535,14.066494
1427158160.551,0.60710907
1427158160.566,-10.603516
1427158160.582,-19.836468
1427158160.598,-27.393044
1427158160.613,-33.356297
1427158160.629,-37.59272
1427158160.645,-39.942345
1427158160.66,-40.50061
1427158160.676,-39.72148
1427158160.692,-38.33512
1427158160.707,-37.106525
1427158160.723,-36.572
1427158160.738,-36.811848
1427158160.754,-37.52012
1427158160.77,-38.172497
1427158160.785,-38.285473
1427158160.801,-37.642033
1427158160.817,-36.319027
1427158160.832,-34.570995
1427158160.848,-32.65272
1427158160.863,-30.654999
1427158160.879,-28.471413
1427158160.895,-25.875456
1427158160.91,-22.626822
1427158160.926,-18.572874
1427158160.942,-13.723927
1427158160.957,-8.235449
1427158160.973,-2.3932
1427158160.988,3.4609146
1427158161.004,9.031574
1427158161.02,14.178835
1427158161.035,18.942184
1427158161.051,23.579018
1427158161.067,28.437794
1427158161.082,33.889404
1427158161.098,40.22554
1427158161.113,47.54664
1427158161.129,55.633297
1427158161.145,63.77739
1427158161.16,70.82234
1427158161.176,75.27387
1427158161.192,75.737686
1427158161.207,71.3956
1427158161.223,62.333008
1427158161.238,49.59608
1427158161.254,34.83207
1427158161.27,19.76878
1427158161.285,5.6974144
1427158161.301,-6.6961083
1427158161.317,-17.249577
1427158161.332,-26.033304
1427158161.348,-33.1228
1427158161.363,-38.50175
1427158161.379,-42.15543
1427158161.395,-44.220913
1427158161.41,-45.03073
1427158161.426,-45.049583
1427158161.442,-44.749187
1427158161.457,-44.463745
1427158161.473,-44.337086
1427158161.488,-44.314987
1427158161.504,-44.27463
1427158161.52,-44.117138
1427158161.535,-43.859543
1427158161.551,-43.563908
1427158161.567,-43.26729
1427158161.582,-42.81543
1427158161.598,-41.895428
1427158161.613,-40.113533
1427158161.629,-37.211815
1427158161.645,-33.236034
1427158161.66,-28.545233
1427158161.676,-23.66334
1427158161.692,-19.022596
1427158161.707,-14.786198
1427158161.723,-10.7803955
1427158161.738,-6.6306953
1427158161.754,-1.9606895
1427158161.77,3.40514
1427158161.785,9.352577
1427158161.801,15.547062
1427158161.817,21.555664
1427158161.832,27.038834
1427158161.848,31.88491
1427158161.863,36.24109
1427158161.879,40.489216
1427158161.895,45.182896
1427158161.91,50.83899
1427158161.926,57.77665
1427158161.942,65.83711
1427158161.957,74.24864
1427158161.973,81.635956
1427158161.988,86.26183
1427158162.004,86.57141
1427158162.02,81.68311
1427158162.035,71.779305
1427158162.051,58.080086
1427158162.067,42.43177
1427158162.082,26.73645
1427158162.098,12.369644
1427158162.113,-0.0052108765
1427158162.129,-10.394173
1427158162.145,-19.083138
1427158162.16,-26.371468
1427158162.176,-32.354126
1427158162.192,-36.994118
1427158162.207,-40.219696
1427158162.223,-42.11535
1427158162.238,-42.966965
1427158162.254,-43.204475
1427158162.27,-43.291138
1427158162.285,-43.584206
1427158162.301,-44.210236
1427158162.317,-45.062683
1427158162.332,-45.890114
1427158162.348,-46.428627
1427158162.363,-46.491608
1427158162.379,-46.077774
1427158162.395,-45.26744
1427158162.41,-44.183342
1427158162.426,-42.849487
1427158162.442,-41.25068
1427158162.457,-39.29515
1427158162.473,-36.93828
1427158162.488,-34.172577
1427158162.504,-31.008377
1427158162.52,-27.457703
1427158162.535,-23.494942
1427158162.551,-19.143944
1427158162.567,-14.500526
1427158162.582,-9.743294
1427158162.598,-5.084503
1427158162.613,-0.6741791
1427158162.629,3.4675293
1427158162.645,7.493393
1427158162.66,11.607681
1427158162.676,15.967468
1427158162.692,20.541855
1427158162.707,25.18039
1427158162.723,29.652359
1427158162.738,33.798126
1427158162.754,37.584305
1427158162.77,41.100357
1427158162.785,44.538406
1427158162.801,48.14955
1427158162.817,52.232758
1427158162.832,57.14052
1427158162.848,63.065186
1427158162.863,69.84544
1427158162.879,76.72601
1427158162.895,82.36095
1427158162.91,85.10043
1427158162.926,83.551605
1427158162.942,77.10426
1427158162.957,66.18709
1427158162.973,52.147736
1427158162.988,36.76802
1427158163.004,21.680084
1427158163.02,8.020782
1427158163.035,-3.6870422
1427158163.051,-13.32843
1427158163.067,-21.011734
1427158163.082,-26.86322
1427158163.098,-31.035706
1427158163.113,-33.7162
1427158163.129,-35.221268
1427158163.145,-35.910812
1427158163.16,-36.14273
1427158163.176,-36.213623
1427158163.192,-36.302277
1427158163.207,-36.488876
1427158163.223,-36.77243
1427158163.238,-37.10388
1427158163.254,-37.40349
1427158163.27,-37.594727
1427158163.285,-37.62738
1427158163.301,-37.475082
1427158163.317,-37.147064
1427158163.332,-36.6167
1427158163.348,-35.833237
1427158163.364,-34.714645
1427158163.379,-33.191742
1427158163.395,-31.21904
1427158163.41,-28.828842
1427158163.426,-26.101929
1427158163.442,-23.143631
1427158163.457,-20.04596
1427158163.473,-16.88623
1427158163.489,-13.690079
1427158163.504,-10.5013275
1427158163.52,-7.348572
1427158163.535,-4.2483826
1427158163.551,-1.1649475
1427158163.567,1.9793854
1427158163.582,5.3131866
1427158163.598,8.95047
1427158163.614,12.957275
1427158163.629,17.273392
1427158163.645,21.75296
1427158163.66,26.18219
1427158163.676,30.329193
1427158163.692,34.02214
1427158163.707,37.248413
1427158163.723,40.17282
1427158163.739,43.178635
1427158163.754,46.792923
1427158163.77,51.5356
1427158163.785,57.653946
1427158163.801,64.84407
1427158163.817,72.13304
1427158163.832,77.972
1427158163.848,80.64552
1427158163.864,78.86389
1427158163.879,72.216156
1427158163.895,61.37538
1427158163.91,47.85144
1427158163.926,33.44809
1427158163.942,19.738434
1427158163.957,7.69252
1427158163.973,-2.343933
1427158163.989,-10.421738
1427158164.004,-16.712952
1427158164.02,-21.360641
1427158164.035,-24.47145
1427158164.051,-26.222076
1427158164.067,-26.919525
1427158164.082,-26.975754
1427158164.098,-26.795258
1427158164.114,-26.650635
1427158164.129,-26.66948
1427158164.145,-26.820602
1427158164.16,-27.027802
1427158164.176,-27.233932
1427158164.192,-27.444672
1427158164.207,-27.70076
1427158164.223,-28.055252
1427158164.239,-28.463745
1427158164.254,-28.813599
1427158164.27,-28.87558
1427158164.285,-28.37738
1427158164.301,-27.068222
1427158164.317,-24.83635
1427158164.332,-21.751038
1427158164.348,-18.07753
1427158164.364,-14.190979
1427158164.379,-10.413437
1427158164.395,-6.878952
1427158164.41,-3.5002747
1427158164.426,-0.021850586
1427158164.442,3.838272
1427158164.457,8.196991
1427158164.473,12.918777
1427158164.489,17.669525
1427158164.504,22.026627
1427158164.52,25.696121
1427158164.535,28.663696
1427158164.551,31.229141
1427158164.567,33.930984
1427158164.582,37.385773
1427158164.598,42.038437
1427158164.614,47.96428
1427158164.629,54.724335
1427158164.645,61.345444
1427158164.66,66.46875
1427158164.676,68.6685
1427158164.692,66.87088
1427158164.707,60.73935
1427158164.723,50.795807
1427158164.739,38.34659
1427158164.754,25.049423
1427158164.77,12.447388
1427158164.785,1.5636292
1427158164.801,-7.233719
1427158164.817,-14.073563
1427158164.832,-19.323135
1427158164.848,-23.300964
1427158164.864,-26.154984
1427158164.879,-27.921188
1427158164.895,-28.64473
1427158164.91,-28.50978
1427158164.926,-27.832397
1427158164.942,-26.971268
1427158164.957,-26.215927
1427158164.973,-25.719437
1427158164.989,-25.479034
1427158165.004,-25.413422
1427158165.02,-25.417404
1427158165.035,-25.41121
1427158165.051,-25.354584
1427158165.067,-25.218857
1427158165.082,-24.966568
1427158165.098,-24.514633
1427158165.114,-23.739838
1427158165.129,-22.442902
1427158165.145,-20.431671
1427158165.16,-17.558884
1427158165.176,-13.79277
1427158165.192,-9.291977
1427158165.207,-4.3386383
1427158165.223,0.70054626
1427158165.239,5.5234985
1427158165.254,9.957153
1427158165.27,14.046082
1427158165.285,17.98108
1427158165.301,22.031387
1427158165.317,26.47319
1427158165.332,31.51767
1427158165.348,37.34694
1427158165.364,44.017075
1427158165.379,51.338684
1427158165.395,58.748566
1427158165.41,65.22063
1427158165.426,69.431946
1427158165.442,70.08267
1427158165.457,66.398224
1427158165.473,58.423294
1427158165.489,47.099976
1427158165.504,33.931
1427158165.52,20.523163
1427158165.535,8.098846
1427158165.551,-2.6850586
1427158165.567,-11.717133
1427158165.582,-19.124847
1427158165.598,-25.087662
1427158165.614,-29.676376
1427158165.629,-32.92685
1427158165.645,-34.895737
1427158165.66,-35.763657
1427158165.676,-35.805573
1427158165.692,-35.33696
1427158165.707,-34.648605
1427158165.723,-33.986023
1427158165.739,-33.50174
1427158165.754,-33.29608
1427158165.77,-33.363358
1427158165.785,-33.63498
1427158165.801,-33.94771
1427158165.817,-34.12683
1427158165.832,-33.989
1427158165.848,-33.39737
1427158165.864,-32.22354
1427158165.879,-30.387802
1427158165.895,-27.862701
1427158165.91,-24.7314
1427158165.926,-21.158539
1427158165.942,-17.353539
1427158165.957,-13.47554
1427158165.973,-9.550667
1427158165.989,-5.446495
1427158166.004,-0.95557404
1427158166.02,4.087578
1427158166.036,9.680908
1427158166.051,15.643326
1427158166.067,21.60881
1427158166.082,27.20073
1427158166.098,32.16063
1427158166.114,36.508858
1427158166.129,40.567535
1427158166.145,44.935654
1427158166.161,50.27366
1427158166.176,56.99279
1427158166.192,64.86026
1427158166.207,72.8442
1427158166.223,79.19398
1427158166.239,81.97765
1427158166.254,79.74662
1427158166.27,72.10395
1427158166.286,59.871437
1427158166.301,44.8013
1427158166.317,28.908424
1427158166.332,13.893784
1427158166.348,0.7453232
1427158166.364,-10.244629
1427158166.379,-19.227806
1427158166.395,-26.486382
1427158166.411,-32.22869
1427158166.426,-36.579353
1427158166.442,-39.655876
1427158166.457,-41.641186
1427158166.473,-42.819305
1427158166.489,-43.49564
1427158166.504,-43.90297
1427158166.52,-44.200718
1427158166.536,-44.47951
1427158166.551,-44.772217
1427158166.567,-45.148975
1427158166.582,-45.688538
1427158166.598,-46.423115
1427158166.614,-47.263348
1427158166.629,-47.9104
1427158166.645,-47.920727
1427158166.661,-46.88393
1427158166.676,-44.557957
1427158166.692,-41.0435
1427158166.707,-36.70723
1427158166.723,-32.03639
1427158166.739,-27.406458
1427158166.754,-22.942528
1427158166.77,-18.50743
1427158166.786,-13.833057
1427158166.801,-8.696989
1427158166.817,-2.9950085
1427158166.832,3.171854
1427158166.848,9.559071
1427158166.864,15.856598
1427158166.879,21.772434
1427158166.895,27.124247
1427158166.911,31.941587
1427158166.926,36.520115
1427158166.942,41.36729
1427158166.957,47.072815
1427158166.973,53.97537
1427158166.989,61.87329
1427158167.004,69.858475
1427158167.02,76.37563
1427158167.036,79.59747
1427158167.051,78.00134
1427158167.067,70.93357
1427158167.082,58.891678
1427158167.098,43.417812
1427158167.114,26.605133
1427158167.129,10.448296
1427158167.145,-3.6992846
1427158167.161,-15.313098
1427158167.176,-24.491087
1427158167.192,-31.542734
1427158167.207,-36.665855
1427158167.223,-39.87372
1427158167.239,-41.161346
1427158167.254,-40.793236
1427158167.27,-39.377796
1427158167.286,-37.760345
1427158167.301,-36.709393
1427158167.317,-36.62207
1427158167.332,-37.366096
1427158167.348,-38.45275
1427158167.364,-39.280056
1427158167.379,-39.43974
1427158167.395,-38.821743
1427158167.411,-37.58097
1427158167.426,-35.989815
1427158167.442,-34.230328
1427158167.457,-32.307682
1427158167.473,-30.082985
1427158167.489,-27.309673
1427158167.504,-23.753334
1427158167.52,-19.27687
1427158167.536,-13.894798
1427158167.551,-7.815094
1427158167.567,-1.3637695
1427158167.582,5.0781746
1427158167.598,11.174576
1427158167.614,16.741745
1427158167.629,21.792679
1427158167.645,26.551952
1427158167.661,31.368526
1427158167.676,36.666435
1427158167.692,42.815178
1427158167.707,49.98828
1427158167.723,57.985176
1427158167.739,66.09392
1427158167.754,73.03823
1427158167.77,77.20366
1427158167.786,77.04248
1427158167.801,71.626976
1427158167.817,61.00849
1427158167.832,46.316452
1427158167.848,29.392166
1427158167.864,12.233826
1427158167.879,-3.5744781
1427158167.895,-17.157387
1427158167.911,-28.303223
1427158167.926,-37.16651
1427158167.942,-43.930847
1427158167.957,-48.608498
1427158167.973,-51.139168
1427158167.989,-51.584175
1427158168.004,-50.31698
1427158168.02,-48.065895
1427158168.036,-45.748604
1427158168.051,-44.13257
1427158168.067,-43.59742
1427158168.082,-43.964577
1427158168.098,-44.66433
1427158168.114,-45.008728
1427158168.129,-44.500893
1427158168.145,-43.062912
1427158168.161,-40.98314
1427158168.176,-38.687737
1427158168.192,-36.489952
1427158168.207,-34.362823
1427158168.223,-31.997711
1427158168.239,-28.931946
1427158168.254,-24.821129
1427158168.27,-19.562813
1427158168.286,-13.380997
1427158168.301,-6.700119
1427158168.317,-0.0047836304
1427158168.332,6.3356857
1427158168.348,12.184799
1427158168.364,17.593155
1427158168.379,22.835556
1427158168.395,28.25473
1427158168.411,34.217957
1427158168.426,41.06402
1427158168.442,48.943237
1427158168.457,57.711426
1427158168.473,66.74014
1427158168.489,74.89415
1427158168.504,80.62851
1427158168.52,82.40979
1427158168.536,79.127014
1427158168.551,70.559326
1427158168.567,57.489548
1427158168.582,41.523468
1427158168.598,24.562653
1427158168.614,8.305634
1427158168.629,-6.154785
1427158168.645,-18.38385
1427158168.661,-28.389801
1427158168.676,-36.297302
1427158168.692,-42.169754
1427158168.708,-45.999695
1427158168.723,-47.893005
1427158168.739,-48.231674
1427158168.754,-47.68315
1427158168.77,-47.04123
1427158168.786,-46.905716
1427158168.801,-47.479736
1427158168.817,-48.55385
1427158168.833,-49.65912
1427158168.848,-50.398758
1427158168.864,-50.646088
1427158168.879,-50.561676
1427158168.895,-50.38759
1427158168.911,-50.231323
1427158168.926,-49.889954
1427158168.942,-48.94548
1427158168.958,-46.961304
1427158168.973,-43.74626
1427158168.989,-39.459946
1427158169.004,-34.541626
1427158169.02,-29.477112
1427158169.036,-24.585037
1427158169.051,-19.894043
1427158169.067,-15.155289
1427158169.083,-10.015305
1427158169.098,-4.216278
1427158169.114,2.2533112
1427158169.129,9.132568
1427158169.145,16.011734
1427158169.161,22.425583
1427158169.176,28.069016
1427158169.192,32.872696
1427158169.208,37.073944
1427158169.223,41.117844
1427158169.239,45.639374
1427158169.254,51.27025
1427158169.27,58.423462
1427158169.286,67.02928
1427158169.301,76.31384
1427158169.317,84.73129
1427158169.333,90.28035
1427158169.348,91.063644
1427158169.364,85.9507
1427158169.379,75.01405
1427158169.395,59.591354
1427158169.411,41.794098
1427158169.426,23.842361
1427158169.442,7.4233246
1427158169.458,-6.613922
1427158169.473,-18.178848
1427158169.489,-27.596588
1427158169.504,-35.214767
1427158169.52,-41.217377
1427158169.536,-45.602646
1427158169.551,-48.383804
1427158169.567,-49.766922
1427158169.583,-50.207123
1427158169.598,-50.333847
1427158169.614,-50.66858
1427158169.629,-51.435516
1427158169.645,-52.44478
1427158169.661,-53.265717
1427158169.676,-53.480576
1427158169.692,-52.965424
1427158169.708,-51.957993
1427158169.723,-50.90525
1427158169.739,-50.15384
1427158169.754,-49.739365
1427158169.77,-49.28492
1427158169.786,-48.217094
1427158169.801,-46.02236
1427158169.817,-42.451653
1427158169.833,-37.61949
1427158169.848,-31.934341
1427158169.864,-25.917305
1427158169.879,-20.08831
1427158169.895,-14.772545
1427158169.911,-10.0755005
1427158169.926,-5.852173
1427158169.942,-1.7825317
1427158169.958,2.4923248
1427158169.973,7.2230835
1427158169.989,12.433922
1427158170.004,17.955002
1427158170.02,23.46389
1427158170.036,28.620346
1427158170.051,33.238174
1427158170.067,37.287964
1427158170.083,40.956665
1427158170.098,44.597466
1427158170.114,48.678253
1427158170.129,53.659477
1427158170.145,59.893677
1427158170.161,67.34753
1427158170.176,75.399025
1427158170.192,82.77138
1427158170.208,87.678604
1427158170.223,88.34091
1427158170.239,83.599236
1427158170.254,73.35961
1427158170.27,58.72821
1427158170.286,41.657936
1427158170.301,24.311104
1427158170.317,8.42057
1427158170.333,-5.035927
1427158170.348,-15.854774
1427158170.364,-24.236122
1427158170.379,-30.503922
1427158170.395,-34.85372
1427158170.411,-37.416267
1427158170.426,-38.38566
1427158170.442,-38.156464
1427158170.458,-37.267044
1427158170.473,-36.310806
1427158170.489,-35.679802
1427158170.504,-35.53
1427158170.52,-35.740128
1427158170.536,-36.0783
1427158170.551,-36.28341
1427158170.567,-36.171562
1427158170.583,-35.638443
1427158170.598,-34.64576
1427158170.614,-33.162926
1427158170.629,-31.156708
1427158170.645,-28.635193
1427158170.661,-25.623978
1427158170.676,-22.197838
1427158170.692,-18.440445
1427158170.708,-14.410927
1427158170.723,-10.157715
1427158170.739,-5.6577606
1427158170.754,-0.8964462
1427158170.77,4.147583
1427158170.786,9.397316
1427158170.801,14.660042
1427158170.817,19.610199
1427158170.833,23.925865
1427158170.848,27.400688
1427158170.864,30.056023
1427158170.879,32.18962
1427158170.895,34.293724
1427158170.911,36.95945
1427158170.926,40.658264
1427158170.942,45.5586
1427158170.958,51.30114
1427158170.973,56.91655
1427158170.989,60.92016
1427158171.004,61.65138
1427158171.02,57.868835
1427158171.036,49.19849
1427158171.051,36.427177
1427158171.067,21.251019
1427158171.083,5.729912
1427158171.098,-8.451176
1427158171.114,-20.371426
1427158171.129,-29.906853
1427158171.145,-37.407173
1427158171.161,-43.218605
1427158171.176,-47.465435
1427158171.192,-50.036903
1427158171.208,-50.842583
1427158171.223,-50.03209
1427158171.239,-48.097137
1427158171.254,-45.744045
1427158171.27,-43.69752
1427158171.286,-42.51709
1427158171.301,-42.406998
1427158171.317,-43.227016
1427158171.333,-44.46411
1427158171.348,-45.337826
1427158171.364,-44.962276
1427158171.38,-42.62573
1427158171.395,-38.00671
1427158171.411,-31.32919
1427158171.426,-23.312397
1427158171.442,-14.918213
1427158171.458,-7.083889
1427158171.473,-0.44529724
1427158171.489,4.692173
1427158171.504,8.308756
1427158171.52,10.490555
1427158171.536,11.315615
1427158171.551,10.903387
1427158171.567,9.505661
1427158171.583,7.6474304
1427158171.598,6.103731
1427158171.614,5.77931
1427158171.63,7.479477
1427158171.645,11.710333
1427158171.661,18.568075
1427158171.676,27.747427
1427158171.692,38.53771
1427158171.708,49.84236
1427158171.723,60.218945
1427158171.739,68.02582
1427158171.755,71.73138
1427158171.77,70.37017
1427158171.786,63.86965
1427158171.801,53.17287
1427158171.817,39.94466
1427158171.833,26.099237
1427158171.848,13.219665
1427158171.864,2.2627056
1427158171.88,-6.460697
1427158171.895,-13.057069
1427158171.911,-17.808384
1427158171.926,-20.984657
1427158171.942,-22.845629
1427158171.958,-23.656446
1427158171.973,-23.72966
1427158171.989,-23.402916
1427158172.005,-22.968456
1427158172.02,-22.667873
1427158172.036,-22.669205
1427158172.051,-23.089035
1427158172.067,-23.958572
1427158172.083,-25.192585
1427158172.098,-26.594837
1427158172.114,-27.890886
1427158172.13,-28.830812
1427158172.145,-29.230963
1427158172.161,-29.041254
1427158172.176,-28.253712
1427158172.192,-26.935503
1427158172.208,-25.129314
1427158172.223,-22.891563
1427158172.239,-20.264894
1427158172.255,-17.261232
1427158172.27,-13.858391
1427158172.286,-9.974033
1427158172.301,-5.5222397
1427158172.317,-0.47223473
1427158172.333,5.068516
1427158172.348,10.817783
1427158172.364,16.405739
1427158172.38,21.485199
1427158172.395,25.90435
1427158172.411,29.78175
1427158172.426,33.523926
1427158172.442,37.6808
1427158172.458,42.769497
1427158172.473,49.064323
1427158172.489,56.346813
1427158172.505,63.80649
1427158172.52,70.08807
1427158172.536,73.58426
1427158172.551,72.895096
1427158172.567,67.30324
1427158172.583,57.10366
1427158172.598,43.51415
1427158172.614,28.342949
1427158172.63,13.383915
1427158172.645,0.0057678223
1427158172.661,-11.145096
1427158172.676,-19.973942
1427158172.692,-26.716362
1427158172.708,-31.628197
1427158172.723,-34.88553
1427158172.739,-36.613697
1427158172.755,-36.9854
1427158172.77,-36.3009
1427158172.786,-34.978233
1427158172.801,-33.458416
1427158172.817,-32.100822
1427158172.833,-31.062012
1427158172.848,-30.320492
1427158172.864,-29.73029
1427158172.88,-29.108398
1427158172.895,-28.35566
1427158172.911,-27.466324
1427158172.926,-26.479969
1427158172.942,-25.426788
1427158172.958,-24.27827
1427158172.973,-22.930683
1427158172.989,-21.22194
1427158173.005,-18.994827
1427158173.02,-16.113304
1427158173.036,-12.500591
1427158173.051,-8.177677
1427158173.067,-3.275261
1427158173.083,1.9428177
1427158173.098,7.135849
1427158173.114,11.980095
1427158173.13,16.278664
1427158173.145,20.041023
1427158173.161,23.493378
1427158173.176,26.964577
1427158173.192,30.814545
1427158173.208,35.363396
1427158173.223,40.795143
1427158173.239,47.10643
1427158173.255,53.980637
1427158173.27,60.639748
1427158173.286,65.85071
1427158173.301,68.211006
1427158173.317,66.50179
1427158173.333,60.195747
1427158173.348,49.71196
1427158173.364,36.361893
1427158173.38,21.946838
1427158173.395,8.218468
1427158173.411,-3.6250153
1427158173.426,-13.077286
1427158173.442,-20.20092
1427158173.458,-25.351685
1427158173.473,-28.870132
1427158173.489,-30.963623
1427158173.505,-31.754654
1427158173.52,-31.388695
1427158173.536,-30.115578
1427158173.551,-28.288063
1427158173.567,-26.25058
1427158173.583,-24.278618
1427158173.598,-22.527245
1427158173.614,-21.033295
1427158173.63,-19.786148
1427158173.645,-18.73761
1427158173.661,-17.854553
1427158173.676,-17.054497
1427158173.692,-16.230194
1427158173.708,-15.151428
1427158173.723,-13.573662
1427158173.739,-11.286514
1427158173.755,-8.209602
1427158173.77,-4.4659195
1427158173.786,-0.37461853
1427158173.801,3.6541977
1427158173.817,7.3032074
1427158173.833,10.470749
1427158173.848,13.364883
1427158173.864,16.44448
1427158173.88,20.303688
1427158173.895,25.464535
1427158173.911,32.11321
1427158173.926,39.959488
1427158173.942,48.074688
1427158173.958,55.043747
1427158173.973,59.21952
1427158173.989,59.257877
1427158174.005,54.52398
1427158174.02,45.401157
1427158174.036,33.18229
1427158174.051,19.65635
1427158174.067,6.5436287
1427158174.083,-4.9409485
1427158174.098,-14.23703
1427158174.114,-21.28518
1427158174.13,-26.26752
1427158174.145,-29.376976
1427158174.161,-30.76611
1427158174.176,-30.630863
1427158174.192,-29.325645
1427158174.208,-27.365078
1427158174.223,-25.277512
1427158174.239,-23.47025
1427158174.255,-22.134018
1427158174.27,-21.19416
1427158174.286,-20.482136
1427158174.302,-19.860039
1427158174.317,-19.302288
1427158174.333,-18.89886
1427158174.348,-18.686333
1427158174.364,-18.56305
1427158174.38,-18.200249
1427158174.395,-17.144413
1427158174.411,-14.971962
1427158174.427,-11.474438
1427158174.442,-6.781334
1427158174.458,-1.2729416
1427158174.473,4.4923553
1427158174.489,10.052929
1427158174.505,15.16394
1427158174.52,19.879562
1427158174.536,24.510025
1427158174.552,29.589128
1427158174.567,35.662037
1427158174.583,43.1165
1427158174.598,51.88372
1427158174.614,61.262703
1427158174.63,69.84175
1427158174.645,75.7653
1427158174.661,77.28531
1427158174.677,73.33796
1427158174.692,64.01495
1427158174.708,50.516586
1427158174.723,34.784206
1427158174.739,18.824402
1427158174.755,4.1352377
1427158174.77,-8.532284
1427158174.786,-19.096851
1427158174.802,-27.739883
1427158174.817,-34.66202
1427158174.833,-39.884754
1427158174.848,-43.419834
1427158174.864,-45.362297
1427158174.88,-46.016666
1427158174.895,-45.852028
1427158174.911,-45.37033
1427158174.927,-44.939823
1427158174.942,-44.73065
1427158174.958,-44.681137
1427158174.973,-44.60488
1427158174.989,-44.268684
1427158175.005,-43.512302
1427158175.02,-42.29128
1427158175.036,-40.719418
1427158175.052,-38.932365
1427158175.067,-37.0644
1427158175.083,-35.08118
1427158175.098,-32.80957
1427158175.114,-29.919191
1427158175.13,-26.12621
1427158175.145,-21.296043
1427158175.161,-15.566891
1427158175.177,-9.322407
1427158175.192,-3.0790644
1427158175.208,2.70504
1427158175.223,7.756914
1427158175.239,12.112941
1427158175.255,16.066475
1427158175.27,20.093628
1427158175.286,24.729712
1427158175.302,30.45121
1427158175.317,37.488243
1427158175.333,45.638863
1427158175.348,54.092266
1427158175.364,61.40951
1427158175.38,65.719894
1427158175.395,65.26881
1427158175.411,58.97077
1427158175.427,46.92748
1427158175.442,30.487402
1427158175.458,11.885456
1427158175.473,-6.4566717
1427158175.489,-22.598442
1427158175.505,-35.489758
1427158175.52,-44.925266
1427158175.536,-51.243088
1427158175.552,-54.91278
1427158175.567,-56.342968
1427158175.583,-55.814617
1427158175.598,-53.687386
1427158175.614,-50.431053
1427158175.63,-46.668343
1427158175.645,-43.030334
1427158175.661,-40.019863
1427158175.677,-37.87785
1427158175.692,-36.58394
1427158175.708,-35.92677
1427158175.723,-35.631413
1427158175.739,-35.44792
1427158175.755,-35.227726
1427158175.77,-34.896107
1427158175.786,-34.448433
1427158175.802,-33.85339
1427158175.817,-33.045975
1427158175.833,-31.872252
1427158175.848,-30.132143
1427158175.864,-27.621708
1427158175.88,-24.25718
1427158175.895,-20.093933
1427158175.911,-15.400263
1427158175.927,-10.549255
1427158175.942,-5.954523
1427158175.958,-1.9250736
1427158175.973,1.4409657
1427158175.989,4.301998
1427158176.005,6.996372
1427158176.02,9.913689
1427158176.036,13.307976
1427158176.052,17.213833
1427158176.067,21.411861
1427158176.083,25.57674
1427158176.098,29.398289
1427158176.114,32.744736
1427158176.13,35.701332
1427158176.145,38.55965
1427158176.161,41.6902
1427158176.177,45.473526
1427158176.192,50.23094
1427158176.208,56.163433
1427158176.223,63.11022
1427158176.239,70.40186
1427158176.255,76.72983
1427158176.27,80.35471
1427158176.286,79.543076
1427158176.302,73.267136
1427158176.317,61.66362
1427158176.333,46.182137
1427158176.348,29.095856
1427158176.364,12.811256
1427158176.38,-0.95183563
1427158176.395,-11.465958
1427158176.411,-18.951775
1427158176.427,-24.06604
1427158176.442,-27.434952
1427158176.458,-29.367523
1427158176.473,-29.925156
1427158176.489,-29.150658
1427158176.505,-27.327133
1427158176.52,-24.99202
1427158176.536,-22.803299
1427158176.552,-21.27848
1427158176.567,-20.638115
1427158176.583,-20.761269
1427158176.598,-21.342896
1427158176.614,-22.040962
1427158176.63,-22.638405
1427158176.645,-23.020844
1427158176.661,-23.136978
1427158176.677,-22.918251
1427158176.692,-22.270409
1427158176.708,-21.115707
1427158176.723,-19.44114
1427158176.739,-17.311577
1427158176.755,-14.831612
1427158176.77,-12.047447
1427158176.786,-8.896027
1427158176.802,-5.226166
1427158176.817,-0.87992096
1427158176.833,4.1948547
1427158176.848,9.824806
1427158176.864,15.673439
1427158176.88,21.301521
1427158176.895,26.355782
1427158176.911,30.698967
1427158176.927,34.493065
1427158176.942,38.09352
1427158176.958,42.01783
1427158176.974,46.72741
1427158176.989,52.5064
1427158177.005,59.240616
1427158177.02,66.29908
1427158177.036,72.456345
1427158177.052,76.1037
1427158177.067,75.66541
1427158177.083,70.17516
1427158177.099,59.71518
1427158177.114,45.50097
1427158177.13,29.537277
1427158177.145,13.944946
1427158177.161,0.30686188
1427158177.177,-10.648628
1427158177.192,-18.941399
1427158177.208,-24.981659
1427158177.224,-29.111694
1427158177.239,-31.458427
1427158177.255,-32.050728
1427158177.27,-31.044266
1427158177.286,-28.93787
1427158177.302,-26.487217
1427158177.317,-24.497723
1427158177.333,-23.477768
1427158177.349,-23.520447
1427158177.364,-24.29095
1427158177.38,-25.28014
1427158177.395,-26.049286
1427158177.411,-26.436848
1427158177.427,-26.542755
1427158177.442,-26.600819
1427158177.458,-26.711891
1427158177.474,-26.739681
1427158177.489,-26.264889
1427158177.505,-24.741058
1427158177.52,-21.741547
1427158177.536,-17.183205
1427158177.552,-11.365971
1427158177.567,-4.900734
1427158177.583,1.536766
1427158177.599,7.426136
1427158177.614,12.604622
1427158177.63,17.249504
1427158177.645,21.843502
1427158177.661,26.947296
1427158177.677,33.06304
1427158177.692,40.453934
1427158177.708,48.9199
1427158177.724,57.668167
1427158177.739,65.3014
1427158177.755,70.04543
1427158177.77,70.257095
1427158177.786,64.98784
1427158177.802,54.403233
1427158177.817,39.792503
1427158177.833,23.20785
1427158177.849,6.796693
1427158177.864,-7.7913685
1427158177.88,-19.730927
1427158177.895,-28.934837
1427158177.911,-35.729828
1427158177.927,-40.505955
1427158177.942,-43.527798
1427158177.958,-44.911144
1427158177.974,-44.762962
1427158177.989,-43.31877
1427158178.005,-41.019005
1427158178.02,-38.44951
1427158178.036,-36.23463
1427158178.052,-34.85649
1427158178.067,-34.5381
1427158178.083,-35.161503
1427158178.099,-36.34416
1427158178.114,-37.571445
1427158178.13,-38.374763
1427158178.145,-38.44732
1427158178.161,-37.704823
1427158178.177,-36.20324
1427158178.192,-34.098175
1427158178.208,-31.526525
1427158178.224,-28.559341
1427158178.239,-25.180325
1427158178.255,-21.324635
1427158178.27,-16.908014
1427158178.286,-11.8663
1427158178.302,-6.2263603
1427158178.317,-0.13336658
1427158178.333,6.167655
1427158178.349,12.3703785
1427158178.364,18.205618
1427158178.38,23.525246
1427158178.395,28.36634
1427158178.411,32.954422
1427158178.427,37.691437
1427158178.442,43.02723
1427158178.458,49.39001
1427158178.474,56.899826
1427158178.489,65.16971
1427158178.505,73.092834
1427158178.52,78.9565
1427158178.536,80.84687
1427158178.552,77.30618
1427158178.567,67.922356
1427158178.583,53.61802
1427158178.599,36.369522
1427158178.614,18.569292
1427158178.63,2.2583618
1427158178.645,-11.367926
1427158178.661,-22.031305
1427158178.677,-30.025629
1427158178.692,-35.79014
1427158178.708,-39.64482
1427158178.724,-41.74645
1427158178.739,-42.288254
1427158178.755,-41.64587
1427158178.77,-40.395203
1427158178.786,-39.167793
1427158178.802,-38.444
1427158178.817,-38.39562
1427158178.833,-38.894783
1427158178.849,-39.635124
1427158178.864,-40.31977
1427158178.88,-40.819893
1427158178.895,-41.21118
1427158178.911,-41.62535
1427158178.927,-42.118225
1427158178.942,-42.498337
1427158178.958,-42.35182
1427158178.974,-41.20983
1427158178.989,-38.753952
1427158179.005,-35.016037
1427158179.02,-30.359865
1427158179.036,-25.34063
1427158179.052,-20.41241
1427158179.067,-15.7415695
1427158179.083,-11.142176
1427158179.099,-6.2377987
1427158179.114,-0.70511436
1427158179.13,5.4547825
1427158179.145,11.93014
1427158179.161,18.152552
1427158179.177,23.611012
1427158179.192,28.08021
1427158179.208,31.7095
1427158179.224,34.96958
1427158179.239,38.474846
1427158179.255,42.805405
1427158179.27,48.377808
1427158179.286,55.300606
1427158179.302,63.209236
1427158179.317,71.12908
1427158179.333,77.500114
1427158179.349,80.44266
1427158179.364,78.367744
1427158179.38,70.605606
1427158179.395,57.79159
1427158179.411,41.704525
1427158179.427,24.697346
1427158179.442,8.861183
1427158179.458,-4.538006
1427158179.474,-15.176006
1427158179.489,-23.37072
1427158179.505,-29.586489
1427158179.52,-34.085735
1427158179.536,-36.89192
1427158179.552,-37.96235
1427158179.567,-37.40666
1427158179.583,-35.623463
1427158179.599,-33.26234
1427158179.614,-31.020542
1427158179.63,-29.514187
1427158179.646,-29.077785
1427158179.661,-29.719875
1427158179.677,-31.168339
1427158179.692,-32.95488
1427158179.708,-34.552147
1427158179.724,-35.520584
1427158179.739,-35.61248
1427158179.755,-34.772648
1427158179.771,-33.068886
1427158179.786,-30.656502
1427158179.802,-27.66716
1427158179.817,-24.214607
1427158179.833,-20.35168
1427158179.849,-16.115864
1427158179.864,-11.530769
1427158179.88,-6.63443
1427158179.896,-1.4882088
1427158179.911,3.7967987
1427158179.927,9.071388
1427158179.942,14.170723
1427158179.958,18.951443
1427158179.974,23.33878
1427158179.989,27.379642
1427158180.005,31.248825
1427158180.021,35.294968
1427158180.036,39.98313
1427158180.052,45.690086
1427158180.067,52.43537
1427158180.083,59.60777
1427158180.099,65.87611
1427158180.114,69.44318
1427158180.13,68.57105
1427158180.146,62.25451
1427158180.161,50.67189
1427158180.177,35.254803
1427158180.192,18.190083
1427158180.208,1.7811279
1427158180.224,-12.264198
1427158180.239,-23.163258
1427158180.255,-30.974258
1427158180.271,-36.19858
1427158180.286,-39.39193
1427158180.302,-40.897152
1427158180.317,-40.87888
1427158180.333,-39.493587
1427158180.349,-37.062294
1427158180.364,-34.164474
1427158180.38,-31.495228
1427158180.396,-29.6515
1427158180.411,-28.933594
1427158180.427,-29.223087
1427158180.442,-30.097279
1427158180.458,-30.94075
1427158180.474,-31.25874
1427158180.489,-30.79583
1427158180.505,-29.654884
1427158180.521,-28.14864
1427158180.536,-26.594055
1427158180.552,-25.04615
1427158180.567,-23.223
1427158180.583,-20.604511
1427158180.599,-16.68589
1427158180.614,-11.281399
1427158180.63,-4.707691
1427158180.646,2.3384666
1427158180.661,9.056854
1427158180.677,14.870132
1427158180.692,19.643948
1427158180.708,23.6764
1427158180.724,27.451378
1427158180.739,31.474026
1427158180.755,36.10515
1427158180.771,41.58273
1427158180.786,48.038677
1427158180.802,55.427456
1427158180.817,63.267834
1427158180.833,70.52162
1427158180.849,75.60231
1427158180.864,76.79469
1427158180.88,72.85336
1427158180.896,63.568996
1427158180.911,49.965775
1427158180.927,34.015247
1427158180.942,17.926144
1427158180.958,3.4541855
1427158180.974,-8.554604
1427158180.989,-18.089916
1427158181.005,-25.639107
1427158181.021,-31.628315
1427158181.036,-36.205284
1427158181.052,-39.21345
1427158181.067,-40.47581
1427158181.083,-40.06272
1427158181.099,-38.443733
1427158181.114,-36.364216
1427158181.13,-34.616894
1427158181.146,-33.73955
1427158181.161,-33.87913
1427158181.177,-34.79505
1427158181.192,-36.03335
1427158181.208,-37.135414
1427158181.224,-37.822144
1427158181.239,-37.984646
1427158181.255,-37.64785
1427158181.271,-36.82956
1427158181.286,-35.514534
1427158181.302,-33.591972
1427158181.317,-30.96431
1427158181.333,-27.550613
1427158181.349,-23.353882
1427158181.364,-18.460125
1427158181.38,-13.028622
1427158181.396,-7.275158
1427158181.411,-1.4785767
1427158181.427,4.0982513
1427158181.442,9.275436
1427158181.458,13.996155
1427158181.474,18.341675
1427158181.489,22.539536
1427158181.505,26.863285
1427158181.521,31.676773
1427158181.536,37.33076
1427158181.552,44.062298
1427158181.567,51.74623
1427158181.583,59.730774
1427158181.599,66.67875
1427158181.614,70.84703
1427158181.63,70.62314
1427158181.646,65.1427
1427158181.661,54.719048
1427158181.677,40.82692
1427158181.692,25.563797
1427158181.708,10.965744
1427158181.724,-1.6173553
1427158181.739,-11.733398
1427158181.755,-19.604366
1427158181.771,-25.71177
1427158181.786,-30.411068
1427158181.802,-33.79143
1427158181.817,-35.799194
1427158181.833,-36.437927
1427158181.849,-35.94751
1427158181.864,-34.798737
1427158181.88,-33.60376
1427158181.896,-32.871094
1427158181.911,-32.904114
1427158181.927,-33.693584
1427158181.942,-35.001404
1427158181.958,-36.42122
1427158181.974,-37.56536
1427158181.989,-38.159657
1427158182.005,-38.087437
1427158182.021,-37.342808
1427158182.036,-36.011948
1427158182.052,-34.172375
1427158182.067,-31.865173
1427158182.083,-29.085598
1427158182.099,-25.783241
1427158182.114,-21.921413
1427158182.13,-17.481533
1427158182.146,-12.504639
1427158182.161,-7.1207123
1427158182.177,-1.5072212
1427158182.192,4.128582
1427158182.208,9.604191
1427158182.224,14.7795105
1427158182.239,19.602661
1427158182.255,24.07896
1427158182.271,28.303719
1427158182.286,32.451614
1427158182.302,36.83763
1427158182.318,41.845596
1427158182.333,47.784256
1427158182.349,54.559715
1427158182.364,61.44715
1427158182.38,67.04087
1427158182.396,69.596436
1427158182.411,67.60664
1427158182.427,60.43777
1427158182.442,48.67081
1427158182.458,33.969486
1427158182.474,18.493664
1427158182.489,4.187725
1427158182.505,-7.768265
1427158182.521,-17.05632
1427158182.536,-23.950333
1427158182.552,-28.913078
1427158182.568,-32.26512
1427158182.583,-34.1366
1427158182.599,-34.647816
1427158182.614,-34.053585
1427158182.63,-32.828045
1427158182.646,-31.547634
1427158182.661,-30.713081
1427158182.677,-30.575573
1427158182.693,-31.095802
1427158182.708,-32.000317
1427158182.724,-32.944977
1427158182.739,-33.624092
1427158182.755,-33.853973
1427158182.771,-33.5549
1427158182.786,-32.73566
1427158182.802,-31.42138
1427158182.818,-29.652103
1427158182.833,-27.464434
1427158182.849,-24.913546
1427158182.864,-22.044834
1427158182.88,-18.90535
1427158182.896,-15.493523
1427158182.911,-11.748035
1427158182.927,-7.562069
1427158182.943,-2.8413105
1427158182.958,2.3637638
1427158182.974,7.84186
1427158182.989,13.229084
1427158183.005,18.163834
1427158183.021,22.425308
1427158183.036,26.05119
1427158183.052,29.357931
1427158183.068,32.832314
1427158183.083,37.056007
1427158183.099,42.466415
1427158183.114,49.206085
1427158183.13,56.90602
1427158183.146,64.56516
1427158183.161,70.621346
1427158183.177,73.33879
1427158183.193,71.34082
1427158183.208,64.187805
1427158183.224,52.597042
1427158183.239,38.257942
1427158183.255,23.21761
1427158183.271,9.229172
1427158183.286,-2.7099438
1427158183.302,-12.376195
1427158183.318,-19.970482
1427158183.333,-25.746883
1427158183.349,-29.843426
1427158183.364,-32.309006
1427158183.38,-33.34279
1427158183.396,-33.423862
1427158183.411,-33.229523
1427158183.427,-33.352478
1427158183.443,-34.07609
1427158183.458,-35.266415
1427158183.474,-36.511547
1427158183.489,-37.399273
1427158183.505,-37.715286
1427158183.521,-37.53391
1427158183.536,-37.12342
1427158183.552,-36.753822
1427158183.568,-36.55805
1427158183.583,-36.4667
1427158183.599,-36.208687
1427158183.614,-35.414333
1427158183.63,-33.742374
1427158183.646,-30.982248
1427158183.661,-27.195625
1427158183.677,-22.718569
1427158183.693,-18.084166
1427158183.708,-13.821071
1427158183.724,-10.2463455
1427158183.739,-7.2833476
1427158183.755,-4.5033464
1427158183.771,-1.3101234
1427158183.786,2.754322
1427158183.802,7.7833843
1427158183.818,13.427993
1427158183.833,19.079456
1427158183.849,24.12786
1427158183.864,28.217636
1427158183.88,31.415018
1427158183.896,34.14113
1427158183.911,37.052727
1427158183.927,40.853607
1427158183.943,46.05375
1427158183.958,52.799957
1427158183.974,60.61135
1427158183.989,68.344696
1427158184.005,74.29999
1427158184.021,76.672035
1427158184.036,74.12828
1427158184.052,66.36468
1427158184.068,54.298073
1427158184.083,39.788628
1427158184.099,24.9643
1427158184.114,11.531141
1427158184.13,0.3286705
1427158184.146,-8.650482
1427158184.161,-15.891966
1427158184.177,-21.886368
1427158184.193,-26.853518
1427158184.208,-30.701704
1427158184.224,-33.27875
1427158184.239,-34.55378
1427158184.255,-34.766792
1427158184.271,-34.365158
1427158184.286,-33.86587
1427158184.302,-33.667477
1427158184.318,-33.929832
1427158184.333,-34.57237
1427158184.349,-35.359962
1427158184.364,-36.054714
1427158184.38,-36.540066
1427158184.396,-36.839413
1427158184.411,-37.072212
1427158184.427,-37.312798
1427158184.443,-37.525143
1427158184.458,-37.48391
1427158184.474,-36.892723
1427158184.489,-35.460617
1427158184.505,-33.03422
1427158184.521,-29.666729
1427158184.536,-25.591469
1427158184.552,-21.15638
1427158184.568,-16.736103
1427158184.583,-12.611496
1427158184.599,-8.858997
1427158184.614,-5.3345337
1427158184.63,-1.7223053
1427158184.646,2.3581696
1427158184.661,7.09037
1427158184.677,12.368851
1427158184.693,17.791042
1427158184.708,22.840218
1427158184.724,27.084633
1427158184.739,30.390694
1427158184.755,32.93535
1427158184.771,35.153484
1427158184.786,37.59344
1427158184.802,40.783592
1427158184.818,45.11935
1427158184.833,50.778893
1427158184.849,57.537506
1427158184.864,64.66568
1427158184.88,70.898186
1427158184.896,74.648384
1427158184.911,74.45384
1427158184.927,69.486916
1427158184.943,59.897766
1427158184.958,46.852142
1427158184.974,32.133194
1427158184.989,17.614998
1427158185.005,4.7355576
1427158185.021,-5.742935
1427158185.036,-13.725838
1427158185.052,-19.507446
1427158185.068,-23.52147
1427158185.083,-26.150452
1427158185.099,-27.697624
1427158185.114,-28.410873
1427158185.13,-28.570625
1427158185.146,-28.492615
1427158185.161,-28.497505
1427158185.177,-28.815224
1427158185.193,-29.502686
1427158185.208,-30.461182
1427158185.224,-31.509125
1427158185.24,-32.488083
1427158185.255,-33.35396
1427158185.271,-34.152695
1427158185.286,-34.876686
1427158185.302,-35.399475
1427158185.318,-35.387695
1427158185.333,-34.457542
1427158185.349,-32.35466
1427158185.365,-29.122017
1427158185.38,-25.126266
1427158185.396,-20.872543
1427158185.411,-16.806084
1427158185.427,-13.046684
1427158185.443,-9.425423
1427158185.458,-5.585182
1427158185.474,-1.2645721
1427158185.49,3.5852509
1427158185.505,8.73922
1427158185.521,13.827026
1427158185.536,18.543442
1427158185.552,22.746803
1427158185.568,26.55223
1427158185.583,30.218025
1427158185.599,34.106636
1427158185.615,38.581406
1427158185.63,43.904602
1427158185.646,50.13587
1427158185.661,56.924713
1427158185.677,63.395706
1427158185.693,68.178894
1427158185.708,69.77572
1427158185.724,67.021286
1427158185.74,59.630646
1427158185.755,48.33329
1427158185.771,34.718185
1427158185.786,20.640839
1427158185.802,7.6269226
1427158185.818,-3.46167
1427158185.833,-12.458038
1427158185.849,-19.565163
1427158185.865,-25.063423
1427158185.88,-29.057632
1427158185.896,-31.568611
1427158185.911,-32.650032
1427158185.927,-32.530624
1427158185.943,-31.647911
1427158185.958,-30.51767
1427158185.974,-29.597
1427158185.99,-29.103493
1427158186.005,-29.062119
1427158186.021,-29.30307
1427158186.036,-29.622978
1427158186.052,-29.889565
1427158186.068,-30.110802
1427158186.083,-30.335114
1427158186.099,-30.575516
1427158186.115,-30.695168
1427158186.13,-30.378784
1427158186.146,-29.260635
1427158186.161,-27.088158
1427158186.177,-23.860428
1427158186.193,-19.855698
1427158186.208,-15.482437
1427158186.224,-11.07148
1427158186.24,-6.735115
1427158186.255,-2.3656693
1427158186.271,2.2613983
1427158186.286,7.260063
1427158186.302,12.572594
1427158186.318,17.966354
1427158186.333,23.118446
1427158186.349,27.783813
1427158186.365,31.87777
1427158186.38,35.489998
1427158186.396,38.89538
1427158186.411,42.489143
1427158186.427,46.73255
1427158186.443,51.998543
1427158186.458,58.370598
1427158186.474,65.35225
1427158186.49,71.81925
1427158186.505,76.15494
1427158186.521,76.72249
1427158186.536,72.48043
1427158186.552,63.423523
1427158186.568,50.651352
1427158186.583,36.024544
1427158186.599,21.488075
1427158186.615,8.476555
1427158186.63,-2.3893394
1427158186.646,-11.222805
1427158186.661,-18.509289
1427158186.677,-24.662487
1427158186.693,-29.780914
1427158186.708,-33.6886
1427158186.724,-36.177517
1427158186.74,-37.253315
1427158186.755,-37.268795
1427158186.771,-36.82243
1427158186.786,-36.538204
1427158186.802,-36.81939
1427158186.818,-37.729546
1427158186.833,-39.0468
1427158186.849,-40.4337
1427158186.865,-41.58363
1427158186.88,-42.35091
1427158186.896,-42.712997
1427158186.911,-42.744778
1427158186.927,-42.483986
1427158186.943,-41.88152
1427158186.958,-40.808033
1427158186.974,-39.09104
1427158186.99,-36.557384
1427158187.005,-33.180073
1427158187.021,-29.084347
1427158187.036,-24.586449
1427158187.052,-20.08707
1427158187.068,-15.886639
1427158187.083,-12.049168
1427158187.099,-8.362598
1427158187.115,-4.424057
1427158187.13,0.13446426
1427158187.146,5.47097
1427158187.161,11.410904
1427158187.177,17.54121
1427158187.193,23.338127
1427158187.208,28.397522
1427158187.224,32.53916
1427158187.24,35.91657
1427158187.255,38.925716
1427158187.271,42.133793
1427158187.286,46.071754
1427158187.302,51.151047
1427158187.318,57.49915
1427158187.333,64.884636
1427158187.349,72.56112
1427158187.365,79.3461
1427158187.38,83.71201
1427158187.396,84.22074
1427158187.411,79.91797
1427158187.427,70.70561
1427158187.443,57.47288
1427158187.458,41.868084
1427158187.474,25.74672
1427158187.49,10.698395
1427158187.505,-2.3635693
1427158187.521,-13.167255
1427158187.536,-21.87356
1427158187.552,-28.730637
1427158187.568,-33.904175
1427158187.583,-37.44716
1427158187.599,-39.45347
1427158187.615,-40.20063
1427158187.63,-40.171997
1427158187.646,-39.93638
1427158187.661,-39.988808
1427158187.677,-40.5689
1427158187.693,-41.633335
1427158187.708,-42.90458
1427158187.724,-44.03457
1427158187.74,-44.724407
1427158187.755,-44.897385
1427158187.771,-44.633617
1427158187.786,-44.129814
1427158187.802,-43.55307
1427158187.818,-42.96917
1427158187.833,-42.255466
1427158187.849,-41.173218
1427158187.865,-39.4322
1427158187.88,-36.802525
1427158187.896,-33.215733
1427158187.912,-28.811668
1427158187.927,-23.928612
1427158187.943,-19.040503
1427158187.958,-14.54233
1427158187.974,-10.628143
1427158187.99,-7.152873
1427158188.005,-3.6765308
1427158188.021,0.35898018
1427158188.037,5.3153973
1427158188.052,11.181456
1427158188.068,17.482841
1427158188.083,23.530647
1427158188.099,28.70242
1427158188.115,32.768227
1427158188.13,35.958538
1427158188.146,38.880215
1427158188.162,42.243385
1427158188.177,46.644043
1427158188.193,52.39728
1427158188.208,59.485233
1427158188.224,67.47479
1427158188.24,75.49383
1427158188.255,82.216805
1427158188.271,86.06621
1427158188.287,85.582954
1427158188.302,79.946815
1427158188.318,69.313736
1427158188.333,54.90619
1427158188.349,38.637012
1427158188.365,22.53368
1427158188.38,8.154451
1427158188.396,-3.7037058
1427158188.412,-12.994427
1427158188.427,-20.07314
1427158188.443,-25.387625
1427158188.458,-29.221645
1427158188.474,-31.729927
1427158188.49,-33.0837
1427158188.505,-33.605377
1427158188.521,-33.757942
1427158188.537,-34.029488
1427158188.552,-34.725975
1427158188.568,-35.84456
1427158188.583,-37.12656
1427158188.599,-38.2595
1427158188.615,-39.062206
1427158188.63,-39.59006
1427158188.646,-40.039948
1427158188.662,-40.58005
1427158188.677,-41.140347
1427158188.693,-41.421856
1427158188.708,-40.969723
1427158188.724,-39.45506
1427158188.74,-36.78008
1427158188.755,-33.126457
1427158188.771,-28.84547
1427158188.787,-24.277637
1427158188.802,-19.6456
1427158188.818,-14.9737015
1427158188.833,-10.151764
1427158188.849,-5.0035133
1427158188.865,0.5698204
1427158188.88,6.4916763
1427158188.896,12.495365
1427158188.912,18.199104
1427158188.927,23.33731
1427158188.943,27.833366
1427158188.958,31.969852
1427158188.974,36.251823
1427158188.99,41.285084
1427158189.005,47.499336
1427158189.021,54.97311
1427158189.037,63.224907
1427158189.052,71.20086
1427158189.068,77.34218
1427158189.083,79.95781
1427158189.099,77.67007
1427158189.115,69.92896
1427158189.13,57.348633
1427158189.146,41.584747
1427158189.162,24.809937
1427158189.177,9.021179
1427158189.193,-4.556381
1427158189.208,-15.5952835
1427158189.224,-24.428925
1427158189.24,-31.521088
1427158189.255,-37.140038
1427158189.271,-41.231552
1427158189.287,-43.691048
1427158189.302,-44.574486
1427158189.318,-44.24317
1427158189.333,-43.304016
1427158189.349,-42.379845
1427158189.365,-41.91658
1427158189.38,-42.021454
1427158189.396,-42.5571
1427158189.412,-43.263046
1427158189.427,-43.91591
1427158189.443,-44.4348
1427158189.458,-44.845474
1427158189.474,-45.181213
1427158189.49,-45.295532
1427158189.505,-44.79796
1427158189.521,-43.135788
1427158189.537,-39.868614
1427158189.552,-34.94555
1427158189.568,-28.863876
1427158189.583,-22.486763
1427158189.599,-16.702324
1427158189.615,-11.948074
1427158189.63,-8.083183
1427158189.646,-4.446533
1427158189.662,-0.26529694
1427158189.677,4.9454956
1427158189.693,11.213516
1427158189.708,18.088287
1427158189.724,24.904083
1427158189.74,31.059608
1427158189.755,36.247353
1427158189.771,40.508392
1427158189.787,44.228653
1427158189.802,48.063866
1427158189.818,52.76503
1427158189.833,58.95053
1427158189.849,66.80711
1427158189.865,75.76393
1427158189.88,84.41697
1427158189.896,90.75819
1427158189.912,92.7048
1427158189.927,88.83693
1427158189.943,78.901115
1427158189.958,63.992645
1427158189.974,46.16648
1427158189.99,27.781052
1427158190.005,10.731369
1427158190.021,-3.9457397
1427158190.037,-16.05169
1427158190.052,-25.921509
1427158190.068,-33.91687
1427158190.083,-40.16462
1427158190.099,-44.60888
1427158190.115,-47.17177
1427158190.13,-48.076065
1427158190.146,-47.87201
1427158190.162,-47.34703
1427158190.177,-47.20659
1427158190.193,-47.860413
1427158190.208,-49.21866
1427158190.224,-50.861084
1427158190.24,-52.231827
1427158190.255,-52.916916
1427158190.271,-52.830765
1427158190.287,-52.20172
1427158190.302,-51.390305
1427158190.318,-50.6344
1427158190.333,-49.89235
1427158190.349,-48.785812
1427158190.365,-46.820206
1427158190.38,-43.60263
1427158190.396,-39.0912
1427158190.412,-33.637817
1427158190.427,-27.821075
1427158190.443,-22.214523
1427158190.458,-17.148254
1427158190.474,-12.633102
1427158190.49,-8.380005
1427158190.505,-4.006546
1427158190.521,0.82341003
1427158190.537,6.271347
1427158190.552,12.266434
1427158190.568,18.504593
1427158190.584,24.576553
1427158190.599,30.06659
1427158190.615,34.740845
1427158190.63,38.66388
1427158190.646,42.23561
1427158190.662,46.076706
1427158190.677,50.898224
1427158190.693,57.258286
1427158190.709,65.3732
1427158190.724,74.8813
1427158190.74,84.714966
1427158190.755,93.12463
1427158190.771,98.0099
1427158190.787,97.48619
1427158190.802,90.57831
1427158190.818,77.686264
1427158190.834,60.580475
1427158190.849,41.764175
1427158190.865,23.69188
1427158190.88,7.960022
1427158190.896,-4.942444
1427158190.912,-15.401947
1427158190.927,-24.084732
1427158190.943,-31.447937
1427158190.959,-37.556625
1427158190.974,-42.23889
1427158190.99,-45.376495
1427158191.005,-47.147156
1427158191.021,-48.011887
1427158191.037,-48.546005
1427158191.052,-49.1929
1427158191.068,-50.116516
1427158191.084,-51.206207
1427158191.099,-52.189713
1427158191.115,-52.8311
1427158191.13,-53.07881
1427158191.146,-53.015366
1427158191.162,-52.78624
1427158191.177,-52.385895
1427158191.193,-51.59758
1427158191.209,-49.991455
1427158191.224,-47.175125
1427158191.24,-43.024994
1427158191.255,-37.817596
1427158191.271,-32.16469
1427158191.287,-26.735062
1427158191.302,-21.937454
1427158191.318,-17.754608
1427158191.334,-13.767181
1427158191.349,-9.411377
1427158191.365,-4.2574005
1427158191.38,1.7812805
1427158191.396,8.435913
1427158191.412,15.1957245
1427158191.427,21.542587
1427158191.443,27.142914
1427158191.459,31.985062
1427158191.474,36.35225
1427158191.49,40.784607
1427158191.505,45.921707
1427158191.521,52.296387
1427158191.537,60.071854
1427158191.552,68.79855
1427158191.568,77.29883
1427158191.584,83.79297
1427158191.599,86.29883
1427158191.615,83.293945
1427158191.63,74.250946
1427158191.646,59.97403
1427158191.662,42.371933
1427158191.677,23.900253
1427158191.693,6.76532
1427158191.709,-7.6840363
1427158191.724,-19.108047
1427158191.74,-27.908432
1427158191.755,-34.685455
1427158191.771,-39.81041
1427158191.787,-43.32405
1427158191.802,-45.11618
1427158191.818,-45.30046
1427158191.834,-44.35887
1427158191.849,-43.13472
1427158191.865,-42.45903
1427158191.88,-42.831573
1427158191.896,-44.18962
1427158191.912,-46.00453
1427158191.927,-47.540756
1427158191.943,-48.206696
1427158191.959,-47.77649
1427158191.974,-46.399704
1427158191.99,-44.446518
1427158192.005,-42.282578
1427158192.021,-40.074265
1427158192.037,-37.694717
1427158192.052,-34.808487
1427158192.068,-30.978775
1427158192.084,-25.911697
1427158192.099,-19.605377
1427158192.115,-12.3780365
1427158192.13,-4.8165436
1427158192.146,2.4685974
1427158192.162,9.0121765
1427158192.177,14.678558
1427158192.193,19.66278
1427158192.209,24.399048
1427158192.224,29.374023
1427158192.24,35.068726
1427158192.255,41.83809
1427158192.271,49.827698
1427158192.287,58.777817
1427158192.302,67.8831
1427158192.318,75.74953
1427158192.334,80.63228
1427158192.349,80.875946
1427158192.365,75.55708
1427158192.38,64.86316
1427158192.396,50.12343
1427158192.412,33.393494
1427158192.427,16.768723
1427158192.443,1.7613983
1427158192.459,-10.945755
1427158192.474,-21.414383
1427158192.49,-30.008179
1427158192.505,-36.986465
1427158192.521,-42.35634
1427158192.537,-45.98146
1427158192.552,-47.844833
1427158192.568,-48.249527
1427158192.584,-47.809433
1427158192.599,-47.227264
1427158192.615,-47.003036
1427158192.63,-47.30806
1427158192.646,-47.933105
1427158192.662,-48.518005
1427158192.677,-48.766388
1427158192.693,-48.58905
1427158192.709,-48.08139
1427158192.724,-47.43535
1427158192.74,-46.72815
1427158192.755,-45.82582
1427158192.771,-44.383682
1427158192.787,-42.020813
1427158192.802,-38.46115
1427158192.818,-33.764877
1427158192.834,-28.301788
1427158192.849,-22.669724
1427158192.865,-17.392807
1427158192.88,-12.667023
1427158192.896,-8.261032
1427158192.912,-3.652542
1427158192.927,1.679596
1427158192.943,7.9103546
1427158192.959,14.744537
1427158192.974,21.5307
1427158192.99,27.577713
1427158193.005,32.48671
1427158193.021,36.35228
1427158193.037,39.690414
1427158193.052,43.238007
1427158193.068,47.74341
1427158193.084,53.750443
1427158193.099,61.45038
1427158193.115,70.50809
1427158193.13,79.91142
1427158193.146,87.99637
1427158193.162,92.709625
1427158193.177,92.217896
1427158193.193,85.54819
1427158193.209,73.06554
1427158193.224,56.39807
1427158193.24,37.917953
1427158193.256,19.94574
1427158193.271,4.067169
1427158193.287,-9.13443
1427158193.302,-19.839615
1427158193.318,-28.552994
1427158193.334,-35.642517
1427158193.349,-41.198975
1427158193.365,-45.16513
1427158193.38,-47.594162
1427158193.396,-48.750854
1427158193.412,-49.15291
1427158193.427,-49.352493
1427158193.443,-49.7202
1427158193.459,-50.3721
1427158193.474,-51.193726
1427158193.49,-51.974106
1427158193.506,-52.58531
1427158193.521,-52.988007
1427158193.537,-53.254898
1427158193.552,-53.416763
1427158193.568,-53.44684
1427158193.584,-53.164886
1427158193.599,-52.333405
1427158193.615,-50.698456
1427158193.631,-48.095673
1427158193.646,-44.4728
1427158193.662,-39.943947
1427158193.677,-34.75699
1427158193.693,-29.23922
1427158193.709,-23.733856
1427158193.724,-18.5271
1427158193.74,-13.772705
1427158193.756,-9.526321
1427158193.771,-5.6734543
1427158193.787,-2.0308151
1427158193.802,1.6828918
1427158193.818,5.754219
1427158193.834,10.41758
1427158193.849,15.697556
1427158193.865,21.388062
1427158193.881,27.08358
1427158193.896,32.339554
1427158193.912,36.880898
1427158193.927,40.76577
1427158193.943,44.3608
1427158193.959,48.24682
1427158193.974,53.009033
1427158193.99,59.0961
1427158194.006,66.674995
1427158194.021,75.47086
1427158194.037,84.604774
1427158194.052,92.59842
1427158194.068,97.54879
1427158194.084,97.65848
1427158194.099,91.841385
1427158194.115,80.23495
1427158194.131,64.225655
1427158194.146,46.03706
1427158194.162,27.973064
1427158194.177,11.749142
1427158194.193,-1.8093376
1427158194.209,-12.667175
1427158194.224,-21.195457
1427158194.24,-27.769138
1427158194.256,-32.60802
1427158194.271,-35.80828
1427158194.287,-37.51972
1427158194.302,-38.03703
1427158194.318,-37.832417
1427158194.334,-37.411304
1427158194.349,-37.169895
1427158194.365,-37.312756
1427158194.381,-37.823723
1427158194.396,-38.54185
1427158194.412,-39.289387
1427158194.427,-39.95869
1427158194.443,-40.51216
1427158194.459,-40.926712
1427158194.474,-41.088737
1427158194.49,-40.747753
1427158194.506,-39.575302
1427158194.521,-37.303722
1427158194.537,-33.92048
1427158194.552,-29.676575
1427158194.568,-25.016796
1427158194.584,-20.34621
1427158194.599,-15.878092
1427158194.615,-11.525362
1427158194.631,-7.014061
1427158194.646,-2.0790482
1427158194.662,3.3752365
1427158194.677,9.207958
1427158194.693,15.069654
1427158194.709,20.567308
1427158194.724,25.411152
1427158194.74,29.548744
1427158194.756,33.200394
1427158194.771,36.867523
1427158194.787,41.184193
1427158194.802,46.755333
1427158194.818,53.846893
1427158194.834,62.124527
1427158194.849,70.497635
1427158194.865,77.24585
1427158194.881,80.473404
1427158194.896,78.736664
1427158194.912,71.56204
1427158194.927,59.666733
1427158194.943,44.71634
1427158194.959,28.761587
1427158194.974,13.5685425
1427158194.99,0.19174004
1427158195.006,-11.091932
1427158195.021,-20.491184
1427158195.037,-28.349392
1427158195.052,-34.800957
1427158195.068,-39.750004
1427158195.084,-43.005848
1427158195.099,-44.570107
1427158195.115,-44.75182
1427158195.131,-44.118614
1427158195.146,-43.33357
1427158195.162,-42.918186
1427158195.177,-43.068966
1427158195.193,-43.668633
1427158195.209,-44.385677
1427158195.224,-44.896843
1427158195.24,-45.026855
1427158195.256,-44.825783
1427158195.271,-44.44172
1427158195.287,-44.008183
1427158195.302,-43.450317
1427158195.318,-42.48315
1427158195.334,-40.679745
1427158195.349,-37.673203
1427158195.365,-33.377346
1427158195.381,-28.09852
1427158195.396,-22.445063
1427158195.412,-17.10484
1427158195.427,-12.537962
1427158195.443,-8.766117
1427158195.459,-5.3485336
1427158195.474,-1.6105385
1427158195.49,3.0111885
1427158195.506,8.686157
1427158195.521,15.10083
1427158195.537,21.576302
1427158195.552,27.401127
1427158195.568,32.108315
1427158195.584,35.717636
1427158195.599,38.683628
1427158195.615,41.732582
1427158195.631,45.62984
1427158195.646,50.97777
1427158195.662,58.009148
1427158195.677,66.43254
1427158195.693,75.33893
1427158195.709,83.18366
1427158195.724,88.10379
1427158195.74,88.39905
1427158195.756,83.11762
1427158195.771,72.47624
1427158195.787,57.83377
1427158195.802,41.278294
1427158195.818,24.928299
1427158195.834,10.306183
1427158195.849,-1.944191
1427158195.865,-11.899033
1427158195.881,-19.993912
1427158195.896,-26.593666
1427158195.912,-31.824715
1427158195.928,-35.61058
1427158195.943,-37.8889
1427158195.959,-38.79194
1427158195.974,-38.72541
1427158195.99,-38.25663
1427158196.006,-37.949226
1427158196.021,-38.1558
1427158196.037,-38.943268
1427158196.052,-40.08953
1427158196.068,-41.2118
1427158196.084,-41.988823
1427158196.099,-42.26758
1427158196.115,-42.12011
1427158196.131,-41.7491
1427158196.146,-41.30201
1427158196.162,-40.73358
1427158196.178,-39.804237
1427158196.193,-38.167236
1427158196.209,-35.540886
1427158196.224,-31.857178
1427158196.24,-27.304749
1427158196.256,-22.245056
1427158196.271,-17.10225
1427158196.287,-12.254425
1427158196.303,-7.9110184
1427158196.318,-4.084244
1427158196.334,-0.610672
1427158196.349,2.813774
1427158196.365,6.503006
1427158196.381,10.661232
1427158196.396,15.276764
1427158196.412,20.10392
1427158196.428,24.776627
1427158196.443,28.95874
1427158196.459,32.540596
1427158196.474,35.65541
1427158196.49,38.65143
1427158196.506,41.97439
1427158196.521,46.065025
1427158196.537,51.2753
1427158196.553,57.761757
1427158196.568,65.34072
1427158196.584,73.25354
1427158196.599,80.138695
1427158196.615,84.23373
1427158196.631,83.8876
1427158196.646,78.207886
1427158196.662,67.462524
1427158196.678,53.097916
1427158196.693,37.23793
1427158196.709,21.968918
1427158196.724,8.714218
1427158196.74,-1.961441
1427158196.756,-10.224472
1427158196.771,-16.511017
1427158196.787,-21.225143
1427158196.803,-24.56955
1427158196.818,-26.633972
1427158196.834,-27.557953
1427158196.849,-27.648972
1427158196.865,-27.330322
1427158196.881,-27.020279
1427158196.896,-27.008026
1427158196.912,-27.382172
1427158196.928,-28.07692
1427158196.943,-28.986633
1427158196.959,-30.039917
1427158196.974,-31.235916
1427158196.99,-32.552765
1427158197.006,-33.869446
1427158197.021,-34.904785
1427158197.037,-35.2809
1427158197.053,-34.66591
1427158197.068,-32.899277
1427158197.084,-30.104935
1427158197.099,-26.62117
1427158197.115,-22.839859
1427158197.131,-19.030518
1427158197.146,-15.247711
1427158197.162,-11.375595
1427158197.178,-7.1846924
1427158197.193,-2.4988556
1427158197.209,2.7482605
1427158197.224,8.437805
1427158197.24,14.311676
1427158197.256,20.014923
1427158197.271,25.2388
1427158197.287,29.788483
1427158197.303,33.724564
1427158197.318,37.370132
1427158197.334,41.276123
1427158197.349,46.055405
1427158197.365,52.12654
1427158197.381,59.39061
1427158197.396,67.02832
1427158197.412,73.4854
1427158197.428,76.84169
1427158197.443,75.440506
1427158197.459,68.55742
1427158197.474,56.727997
1427158197.49,41.672012
1427158197.506,25.648926
1427158197.521,10.726524
1427158197.537,-1.8714294
1427158197.553,-11.875549
1427158197.568,-19.689896
1427158197.584,-25.87062
1427158197.599,-30.76213
1427158197.615,-34.376266
1427158197.631,-36.62288
1427158197.646,-37.542816
1427158197.662,-37.50328
1427158197.678,-37.05458
1427158197.693,-36.78457
1427158197.709,-37.01835
1427158197.724,-37.742943
1427158197.74,-38.64463
1427158197.756,-39.335213
1427158197.771,-39.526108
1427158197.787,-39.203506
1427158197.803,-38.583267
1427158197.818,-38.003006
1427158197.834,-37.690193
1427158197.849,-37.648537
1427158197.865,-37.565933
1427158197.881,-36.970207
1427158197.896,-35.368507
1427158197.912,-32.504555
1427158197.928,-28.452843
1427158197.943,-23.601974
1427158197.959,-18.51049
1427158197.974,-13.716904
1427158197.99,-9.513184
1427158198.006,-5.888237
1427158198.021,-2.5050888
1427158198.037,1.1051407
1427158198.053,5.337921
1427158198.068,10.325714
1427158198.084,15.841042
1427158198.099,21.405998
1427158198.115,26.506737
1427158198.131,30.82817
1427158198.146,34.39862
1427158198.162,37.542755
1427158198.178,40.770714
1427158198.193,44.57077
1427158198.209,49.336235
1427158198.224,55.294266
1427158198.24,62.461853
1427158198.256,70.45484
1427158198.271,78.36205
1427158198.287,84.71153
1427158198.303,87.740395
1427158198.318,85.9582
1427158198.334,78.73873
1427158198.349,66.63768
1427158198.365,51.2629
1427158198.381,34.743607
1427158198.396,19.03772
1427158198.412,5.3781357
1427158198.428,-5.8690643
1427158198.443,-14.98687
1427158198.459,-22.4775
1427158198.474,-28.729195
1427158198.49,-33.865456
1427158198.506,-37.78968
1427158198.521,-40.399696
1427158198.537,-41.785698
1427158198.553,-42.277077
1427158198.568,-42.375343
1427158198.584,-42.563828
1427158198.599,-43.133286
1427158198.615,-44.059166
1427158198.631,-45.094894
1427158198.646,-45.88813
1427158198.662,-46.237343
1427158198.678,-46.11509
1427158198.693,-45.669907
1427158198.709,-45.054558
1427158198.724,-44.317932
1427158198.74,-43.320526
1427158198.756,-41.79608
1427158198.771,-39.467216
1427158198.787,-36.20124
1427158198.803,-32.084152
1427158198.818,-27.441513
1427158198.834,-22.716843
1427158198.85,-18.322296
1427158198.865,-14.469528
1427158198.881,-11.078209
1427158198.896,-7.790428
1427158198.912,-4.1410217
1427158198.928,0.23826599
1427158198.943,5.439621
1427158198.959,11.235153
1427158198.975,17.165398
1427158198.99,22.725105
1427158199.006,27.540031
1427158199.021,31.508186
1427158199.037,34.789955
1427158199.053,37.787926
1427158199.068,41.031624
1427158199.084,45.13418
1427158199.1,50.615036
1427158199.115,57.746452
1427158199.131,66.255936
1427158199.146,75.19053
1427158199.162,82.91251
1427158199.178,87.476906
1427158199.193,87.190834
1427158199.209,81.236206
1427158199.225,69.98643
1427158199.24,54.928604
1427158199.256,38.142883
1427158199.271,21.653564
1427158199.287,6.886917
1427158199.303,-5.5081177
1427158199.318,-15.511078
1427158199.334,-23.360504
1427158199.35,-29.306961
1427158199.365,-33.47693
1427158199.381,-36.005623
1427158199.396,-37.135757
1427158199.412,-37.30007
1427158199.428,-37.02024
1427158199.443,-36.756752
1427158199.459,-36.751747
1427158199.475,-37.01142
1427158199.49,-37.40281
1427158199.506,-37.779335
1427158199.521,-38.083794
1427158199.537,-38.360542
1427158199.553,-38.646767
1427158199.568,-38.88871
1427158199.584,-38.882362
1427158199.6,-38.33374
1427158199.615,-36.937737
1427158199.631,-34.492737
1427158199.646,-30.996262
1427158199.662,-26.671509
1427158199.678,-21.859352
1427158199.693,-16.940205
1427158199.709,-12.101463
1427158199.725,-7.3376465
1427158199.74,-2.4602318
1427158199.756,2.7314987
1427158199.771,8.284
1427158199.787,13.9847145
1427158199.803,19.484493
1427158199.818,24.46701
1427158199.834,28.86538
1427158199.85,32.908913
1427158199.865,37.07568
1427158199.881,41.907555
1427158199.896,47.809555
1427158199.912,54.89538
1427158199.928,62.852116
1427158199.943,70.78993
1427158199.959,77.30315
1427158199.975,80.69026
1427158199.99,79.443825
1427158200.006,72.815254
1427158200.021,61.237656
1427158200.037,46.223305
1427158200.053,29.916769
1427158200.068,14.323795
1427158200.084,0.7399788
1427158200.1,-10.436504
1427158200.115,-19.428308
1427158200.131,-26.657536
1427158200.146,-32.32171
1427158200.162,-36.386604
1427158200.178,-38.702496
1427158200.193,-39.304623
1427158200.209,-38.551464
1427158200.225,-37.08599
1427158200.24,-35.67335
1427158200.256,-34.938446
1427158200.271,-35.202938
1427158200.287,-36.396774
1427158200.303,-38.137127
1427158200.318,-39.861767
1427158200.334,-41.017372
1427158200.35,-41.25324
1427158200.365,-40.471016
1427158200.381,-38.789288
1427158200.396,-36.429016
1427158200.412,-33.599674
1427158200.428,-30.356007
1427158200.443,-26.633915
1427158200.459,-22.2499
1427158200.475,-17.067558
1427158200.49,-11.092925
1427158200.506,-4.565736
1427158200.521,2.1146965
1427158200.537,8.518915
1427158200.553,14.393562
1427158200.568,19.803068
1427158200.584,25.088785
1427158200.6,30.698719
1427158200.615,37.031525
1427158200.631,44.27339
1427158200.646,52.40378
1427158200.662,61.19942
1427158200.678,70.13974
1427158200.693,78.28523
1427158200.709,84.23747
1427158200.725,86.353806
1427158200.74,83.25998
1427158200.756,74.47553
1427158200.771,60.78687
1427158200.787,44.076004
1427158200.803,26.70464
1427158200.818,10.6875725
1427158200.834,-2.8811417
1427158200.85,-13.909134
1427158200.865,-22.91977
1427158200.881,-30.528973
1427158200.896,-37.00841
1427158200.912,-42.28936
1427158200.928,-46.152214
1427158200.943,-48.488586
1427158200.959,-49.512047
1427158200.975,-49.66413
1427158200.99,-49.493446
1427158201.006,-49.416634
1427158201.021,-49.632744
1427158201.037,-50.09938
1427158201.053,-50.648422
1427158201.068,-51.12812
1427158201.084,-51.422005
1427158201.1,-51.49237
1427158201.115,-51.246178
1427158201.131,-50.46087
1427158201.146,-48.81157
1427158201.162,-46.008522
1427158201.178,-41.957993
1427158201.193,-36.88713
1427158201.209,-31.263794
1427158201.225,-25.606514
1427158201.24,-20.223
1427158201.256,-15.110825
1427158201.271,-9.97139
1427158201.287,-4.435707
1427158201.303,1.7344666
1427158201.318,8.527908
1427158201.334,15.653931
1427158201.35,22.685623
1427158201.365,29.245728
1427158201.381,35.15406
1427158201.396,40.544174
1427158201.412,45.845055
1427158201.428,51.693794
1427158201.443,58.675568
1427158201.459,67.0324
1427158201.475,76.28326
1427158201.49,85.13724
1427158201.506,91.65225
1427158201.522,93.77637
1427158201.537,90.04931
1427158201.553,80.19578
1427158201.568,65.260155
1427158201.584,47.301826
1427158201.6,28.676437
1427158201.615,11.307182
1427158201.631,-3.7841873
1427158201.647,-16.470352
1427158201.662,-27.157845
1427158201.678,-36.248726
1427158201.693,-43.82602
1427158201.709,-49.604584
1427158201.725,-53.283676
1427158201.74,-54.866142
1427158201.756,-54.86921
1427158201.772,-54.216545
1427158201.787,-53.87329
1427158201.803,-54.432037
1427158201.818,-55.891136
1427158201.834,-57.704765
1427158201.85,-59.142776
1427158201.865,-59.665726
1427158201.881,-59.17176
1427158201.897,-57.96875
1427158201.912,-56.5905
1427158201.928,-55.41136
1427158201.943,-54.489227
1427158201.959,-53.49501
1427158201.975,-51.887383
1427158201.99,-49.15822
1427158202.006,-45.074493
1427158202.022,-39.780113
1427158202.037,-33.775284
1427158202.053,-27.709412
1427158202.068,-22.084076
1427158202.084,-17.08928
1427158202.1,-12.563225
1427158202.115,-8.0737915
1427158202.131,-3.1662521
1427158202.147,2.4309921
1427158202.162,8.696434
1427158202.178,15.324852
1427158202.193,21.812553
1427158202.209,27.707672
1427158202.225,32.713165
1427158202.24,36.873444
1427158202.256,40.56646
1427158202.272,44.439674
1427158202.287,49.219223
1427158202.303,55.495865
1427158202.318,63.53228
1427158202.334,73.05882
1427158202.35,83.14866
1427158202.365,92.26436
1427158202.381,98.44275
1427158202.397,99.81948
1427158202.412,95.18629
1427158202.428,84.49062
1427158202.443,68.95903
1427158202.459,50.740036
1427158202.475,32.218307
1427158202.49,15.257576
1427158202.506,0.78977203
1427158202.522,-11.099945
1427158202.537,-20.806923
1427158202.553,-28.705719
1427158202.568,-34.91314
1427158202.584,-39.345528
1427158202.6,-41.97799
1427158202.615,-43.038155
1427158202.631,-43.037735
1427158202.647,-42.608482
1427158202.662,-42.32966
1427158202.678,-42.52794
1427158202.693,-43.276367
1427158202.709,-44.431747
1427158202.725,-45.761787
1427158202.74,-47.017944
1427158202.756,-47.994827
1427158202.772,-48.545677
1427158202.787,-48.536003
1427158202.803,-47.8179
1427158202.818,-46.21022
1427158202.834,-43.543663
1427158202.85,-39.780487
1427158202.865,-35.052193
1427158202.881,-29.649643
1427158202.897,-23.907784
1427158202.912,-18.089607
1427158202.928,-12.258873
1427158202.943,-6.364296
1427158202.959,-0.3207245
1427158202.975,5.853256
1427158202.99,11.985794
1427158203.006,17.843994
1427158203.022,23.276672
1427158203.037,28.29718
1427158203.053,33.130432
1427158203.068,38.202774
1427158203.084,43.985855
1427158203.1,50.90158
1427158203.115,59.045364
1427158203.131,67.92381
1427158203.147,76.33182
1427158203.162,82.43959
1427158203.178,84.30327
1427158203.193,80.54698
1427158203.209,70.976654
1427158203.225,56.700302
1427158203.24,39.799088
1427158203.256,22.573593
1427158203.272,6.7834473
1427158203.287,-6.7277374
1427158203.303,-17.943588
1427158203.318,-27.269073
1427158203.334,-35.06137
1427158203.35,-41.392227
1427158203.365,-46.114014
1427158203.381,-49.09558
1427158203.397,-50.425903
1427158203.412,-50.536484
1427158203.428,-50.044144
1427158203.443,-49.55052
1427158203.459,-49.43194
1427158203.475,-49.715324
1427158203.49,-50.150818
1427158203.506,-50.4366
1427158203.522,-50.385925
1427158203.537,-50.058334
1427158203.553,-49.695564
1427158203.568,-49.448364
1427158203.584,-49.185646
1427158203.6,-48.437805
1427158203.615,-46.585167
1427158203.631,-43.180534
1427158203.647,-38.24276
1427158203.662,-32.314438
1427158203.678,-26.240685
1427158203.693,-20.818909
1427158203.709,-16.399475
1427158203.725,-12.7872925
1427158203.74,-9.335289
1427158203.756,-5.263611
1427158203.772,0.0018234253
1427158203.787,6.5536118
1427158203.803,13.988007
1427158203.818,21.562157
1427158203.834,28.4739
1427158203.85,34.176537
1427158203.865,38.58573
1427158203.881,42.084053
1427158203.897,45.43982
1427158203.912,49.559113
1427158203.928,55.262398
1427158203.943,62.992622
1427158203.959,72.50794
1427158203.975,82.68566
1427158203.99,91.59858
1427158204.006,96.91029
1427158204.022,96.58574
1427158204.037,89.629196
1427158204.053,76.529816
1427158204.068,59.11747
1427158204.084,39.940002
1427158204.1,21.37825
1427158204.115,5.0107803
1427158204.131,-8.584335
1427158204.147,-19.589333
1427158204.162,-28.447227
1427158204.178,-35.530457
1427158204.194,-40.981285
1427158204.209,-44.867546
1427158204.225,-47.346176
1427158204.24,-48.76149
1427158204.256,-49.58584
1427158204.272,-50.274567
1427158204.287,-51.12755
1427158204.303,-52.20999
1427158204.318,-53.31903
1427158204.334,-54.130966
1427158204.35,-54.36212
1427158204.365,-53.913506
1427158204.381,-52.939056
1427158204.397,-51.76387
1427158204.412,-50.718956
1427158204.428,-49.960236
1427158204.444,-49.3545
1427158204.459,-48.51528
1427158204.475,-46.989243
1427158204.49,-44.41906
1427158204.506,-40.6478
1427158204.522,-35.78828
1427158204.537,-30.17276
1427158204.553,-24.244457
1427158204.569,-18.448746
1427158204.584,-13.11887
1427158204.6,-8.39024
1427158204.615,-4.160885
1427158204.631,-0.13903809
1427158204.647,4.042061
1427158204.662,8.63615
1427158204.678,13.701637
1427158204.694,19.070461
1427158204.709,24.440685
1427158204.725,29.524849
1427158204.74,34.140774
1427158204.756,38.32991
1427158204.772,42.312088
1427158204.787,46.455124
1427158204.803,51.199642
1427158204.819,56.965034
1427158204.834,64.02999
1427158204.85,72.284935
1427158204.865,81.03762
1427158204.881,88.94346
1427158204.897,94.21122
1427158204.912,95.04985
1427158204.928,90.302986
1427158204.944,79.912704
1427158204.959,65.03093
1427158204.975,47.657944
1427158204.99,30.018425
1427158205.006,13.907054
1427158205.022,0.33671188
1427158205.037,-10.46757
1427158205.053,-18.769571
1427158205.069,-24.95066
1427158205.084,-29.31588
1427158205.1,-32.109436
1427158205.115,-33.612576
1427158205.131,-34.224636
1427158205.147,-34.428905
1427158205.162,-34.631245
1427158205.178,-35.061165
1427158205.194,-35.73865
1427158205.209,-36.527225
1427158205.225,-37.29113
1427158205.24,-37.962315
1427158205.256,-38.524998
1427158205.272,-38.97172
1427158205.287,-39.219723
1427158205.303,-39.101074
1427158205.319,-38.39742
1427158205.334,-36.90363
1427158205.35,-34.50214
1427158205.365,-31.227262
1427158205.381,-27.267817
1427158205.397,-22.90667
1427158205.412,-18.459303
1427158205.428,-14.121187
1427158205.444,-9.895293
1427158205.459,-5.5500445
1427158205.475,-0.8030801
1427158205.49,4.537324
1427158205.506,10.40732
1427158205.522,16.461172
1427158205.537,22.211378
1427158205.553,27.260485
1427158205.569,31.463224
1427158205.584,35.00799
1427158205.6,38.359035
1427158205.615,42.104263
1427158205.631,46.85339
1427158205.647,53.002327
1427158205.662,60.51638
1427158205.678,68.684975
1427158205.694,76.09075
1427158205.709,80.81741
1427158205.725,81.01112
1427158205.74,75.57177
1427158205.756,64.60069
1427158205.772,49.48605
1427158205.787,32.41831
1427158205.803,15.704445
1427158205.819,1.0357857
1427158205.834,-10.817765
1427158205.85,-19.952168
1427158205.865,-26.948328
1427158205.881,-32.408188
1427158205.897,-36.67723
1427158205.912,-39.79634
1427158205.928,-41.689533
1427158205.944,-42.35391
1427158205.959,-42.02765
1427158205.975,-41.163357
1427158205.99,-40.278847
1427158206.006,-39.742657
1427158206.022,-39.65738
1427158206.037,-39.86035
1427158206.053,-40.053192
1427158206.069,-39.995827
1427158206.084,-39.56566
1427158206.1,-38.79384
1427158206.115,-37.751415
1427158206.131,-36.44314
1427158206.147,-34.77182
1427158206.162,-32.584282
1427158206.178,-29.717537
1427158206.194,-26.045214
1427158206.209,-21.531116
1427158206.225,-16.22684
1427158206.24,-10.299286
1427158206.256,-4.0096073
1427158206.272,2.3356571
1427158206.287,8.421782
1427158206.303,14.063961
1427158206.319,19.208847
1427158206.334,23.965252
1427158206.35,28.51889
1427158206.365,33.15262
1427158206.381,38.19084
1427158206.397,44.014374
1427158206.412,50.93962
1427158206.428,58.992558
1427158206.444,67.62761
1427158206.459,75.59164
1427158206.475,81.09632
1427158206.49,82.30209
1427158206.506,78.01967
1427158206.522,68.19915
1427158206.537,54.069862
1427158206.553,37.727737
1427158206.569,21.420963
1427158206.584,6.858755
1427158206.6,-5.1981144
1427158206.615,-14.852337
1427158206.631,-22.643568
1427158206.647,-29.117966
1427158206.662,-34.544937
1427158206.678,-38.87807
1427158206.694,-41.998753
1427158206.709,-43.859375
1427158206.725,-44.648438
1427158206.74,-44.704704
1427158206.756,-44.396065
1427158206.772,-43.998405
1427158206.787,-43.646896
1427158206.803,-43.372665
1427158206.819,-43.159203
1427158206.834,-43.018494
1427158206.85,-42.952164
1427158206.866,-42.900677
1427158206.881,-42.713425
1427158206.897,-42.130207
1427158206.912,-40.880947
1427158206.928,-38.728607
1427158206.944,-35.5971
1427158206.959,-31.577755
1427158206.975,-26.935024
1427158206.99,-21.981548
1427158207.006,-16.95752
1427158207.022,-11.946426
1427158207.037,-6.842701
1427158207.053,-1.4589615
1427158207.069,4.3191833
1427158207.084,10.43256
1427158207.1,16.616608
1427158207.116,22.52
1427158207.131,27.92789
1427158207.147,32.8688
1427158207.162,37.645657
1427158207.178,42.7478
1427158207.194,48.654415
1427158207.209,55.641327
1427158207.225,63.554127
1427158207.241,71.67532
1427158207.256,78.697525
1427158207.272,82.968544
1427158207.287,82.90888
1427158207.303,77.59799
1427158207.319,67.21318
1427158207.334,53.04596
1427158207.35,37.11411
1427158207.366,21.481258
1427158207.381,7.600319
1427158207.397,-3.9486122
1427158207.412,-13.293175
1427158207.428,-20.82906
1427158207.444,-26.83654
1427158207.459,-31.29115
1427158207.475,-34.030224
1427158207.491,-35.000336
1427158207.506,-34.455364
1427158207.522,-33.007984
1427158207.537,-31.415546
1427158207.553,-30.320843
1427158207.569,-30.012169
1427158207.584,-30.359344
1427158207.6,-30.922394
1427158207.616,-31.177383
1427158207.631,-30.783295
1427158207.647,-29.705837
1427158207.662,-28.2219
1427158207.678,-26.678986
1427158207.694,-25.25761
1427158207.709,-23.825165
1427158207.725,-21.971554
1427158207.741,-19.216454
1427158207.756,-15.256771
1427158207.772,-10.142921
1427158207.787,-4.2564125
1427158207.803,1.8782806
1427158207.819,7.7652206
1427158207.834,13.111015
1427158207.85,17.876255
1427158207.866,22.253345
1427158207.881,26.608067
1427158207.897,31.345135
1427158207.912,36.88814
1427158207.928,43.54237
1427158207.944,51.380962
1427158207.959,60.044403
1427158207.975,68.59292
1427158207.991,75.53855
1427158208.006,79.128296
1427158208.022,77.857086
1427158208.037,71.004944
1427158208.053,59.046104
1427158208.069,43.567024
1427158208.084,26.80537
1427158208.1,10.886742
1427158208.116,-2.7695198
1427158208.131,-13.74752
1427158208.147,-22.398605
1427158208.162,-29.370884
1427158208.178,-35.117104
1427158208.194,-39.69391
1427158208.209,-42.84444
1427158208.225,-44.37115
1427158208.241,-44.35845
1427158208.256,-43.267162
1427158208.272,-41.79546
1427158208.287,-40.59238
1427158208.303,-40.043674
1427158208.319,-40.18359
1427158208.334,-40.773624
1427158208.35,-41.466297
1427158208.366,-41.91731
1427158208.381,-41.89419
1427158208.397,-41.252186
1427158208.412,-39.946224
1427158208.428,-37.97006
1427158208.444,-35.35082
1427158208.459,-32.142654
1427158208.475,-28.41782
1427158208.491,-24.23706
1427158208.506,-19.619194
1427158208.522,-14.577923
1427158208.537,-9.10128
1427158208.553,-3.1916466
1427158208.569,3.0506783
1427158208.584,9.464745
1427158208.6,15.831699
1427158208.616,21.954311
1427158208.631,27.711967
1427158208.647,33.105373
1427158208.662,38.251137
1427158208.678,43.417343
1427158208.694,48.97161
1427158208.709,55.322163
1427158208.725,62.6876
1427158208.741,70.79648
1427158208.756,78.66341
1427158208.772,84.643875
1427158208.787,86.81878
1427158208.803,83.697784
1427158208.819,74.860535
1427158208.834,61.205032
1427158208.85,44.65903
1427158208.866,27.48686
1427158208.881,11.502745
1427158208.897,-2.3743076
1427158208.912,-14.069096
1427158208.928,-23.956957
1427158208.944,-32.372295
1427158208.959,-39.352207
1427158208.975,-44.698765
1427158208.991,-48.23083
1427158209.006,-50.011185
1427158209.022,-50.437157
1427158209.037,-50.122017
1427158209.053,-49.67512
1427158209.069,-49.552895
1427158209.084,-49.913544
1427158209.1,-50.66126
1427158209.116,-51.52697
1427158209.131,-52.22127
1427158209.147,-52.5399
1427158209.162,-52.43106
1427158209.178,-51.93112
1427158209.194,-51.0905
1427158209.209,-49.885742
1427158209.225,-48.195354
1427158209.241,-45.83913
1427158209.256,-42.69332
1427158209.272,-38.74033
1427158209.287,-34.10795
1427158209.303,-29.049505
1427158209.319,-23.894093
1427158209.334,-18.961414
1427158209.35,-14.513306
1427158209.366,-10.6211815
1427158209.381,-7.1313095
1427158209.397,-3.668705
1427158209.412,0.21175003
1427158209.428,4.880932
1427158209.444,10.410397
1427158209.459,16.53685
1427158209.475,22.739254
1427158209.491,28.470036
1427158209.506,33.352783
1427158209.522,37.355762
1427158209.537,40.79034
1427158209.553,44.16198
1427158209.569,48.086803
1427158209.584,53.134
1427158209.6,59.72922
1427158209.616,68.015274
1427158209.631,77.660286
1427158209.647,87.660645
1427158209.662,96.295166
1427158209.678,101.48122
1427158209.694,101.32064
1427158209.709,94.79469
1427158209.725,82.22429
1427158209.741,65.25887
1427158209.756,46.345554
1427158209.772,27.88171
1427158209.788,11.507095
1427158209.803,-2.205307
1427158209.819,-13.52462
1427158209.834,-23.042847
1427158209.85,-31.162693
1427158209.866,-37.84508
1427158209.881,-42.806408
1427158209.897,-45.846478
1427158209.913,-47.15973
1427158209.928,-47.32553
1427158209.944,-47.087154
1427158209.959,-47.01167
1427158209.975,-47.314938
1427158209.991,-47.84466
1427158210.006,-48.303314
1427158210.022,-48.508114
1427158210.038,-48.476402
1427158210.053,-48.39736
1427158210.069,-48.46338
1427158210.084,-48.704754
1427158210.1,-48.937572
1427158210.116,-48.783012
1427158210.131,-47.780926
1427158210.147,-45.53893
1427158210.163,-41.89954
1427158210.178,-37.01667
1427158210.194,-31.340347
1427158210.209,-25.520576
1427158210.225,-20.200783
1427158210.241,-15.728043
1427158210.256,-12.064877
1427158210.272,-8.737961
1427158210.288,-5.0758247
1427158210.303,-0.52739334
1427158210.319,5.1286926
1427158210.334,11.6549225
1427158210.35,18.471504
1427158210.366,24.883919
1427158210.381,30.377975
1427158210.397,34.77973
1427158210.413,38.292953
1427158210.428,41.453373
1427158210.444,44.939297
1427158210.459,49.424606
1427158210.475,55.360165
1427158210.491,62.83749
1427158210.506,71.37108
1427158210.522,79.80148
1427158210.538,86.3907
1427158210.553,89.21294
1427158210.569,86.762886
1427158210.584,78.52257
1427158210.6,65.24265
1427158210.616,48.725506
1427158210.631,31.212742
1427158210.647,14.690063
1427158210.663,0.36052322
1427158210.678,-11.358032
1427158210.694,-20.58144
1427158210.709,-27.527985
1427158210.725,-32.362232
1427158210.741,-35.180813
1427158210.756,-36.2127
1427158210.772,-35.931473
1427158210.788,-35.005802
1427158210.803,-34.084732
1427158210.819,-33.61436
1427158210.834,-33.727222
1427158210.85,-34.314888
1427158210.866,-35.15859
1427158210.881,-36.0378
1427158210.897,-36.80383
1427158210.913,-37.395107
1427158210.928,-37.763695
1427158210.944,-37.84033
1427158210.959,-37.490395
1427158210.975,-36.507526
1427158210.991,-34.67804
1427158211.006,-31.891068
1427158211.022,-28.204239
1427158211.038,-23.853947
1427158211.053,-19.15609
1427158211.069,-14.334942
1427158211.084,-9.429359
1427158211.1,-4.319248
1427158211.116,1.1419411
1427158211.131,6.9363747
1427158211.147,12.833694
1427158211.163,18.44376
1427158211.178,23.426888
1427158211.194,27.630081
1427158211.209,31.233547
1427158211.225,34.637596
1427158211.241,38.4106
1427158211.256,43.143013
1427158211.272,49.307487
1427158211.288,56.97959
1427158211.303,65.59599
1427158211.319,73.805626
1427158211.334,79.661194
1427158211.35,81.15144
1427158211.366,76.95929
1427158211.381,67.031525
1427158211.397,52.686153
1427158211.413,36.153275
1427158211.428,19.764748
1427158211.444,5.2345066
1427158211.459,-6.703495
1427158211.475,-16.162432
1427158211.491,-23.64339
1427158211.506,-29.587378
1427158211.522,-34.162075
1427158211.538,-37.331345
1427158211.553,-39.089684
1427158211.569,-39.632233
1427158211.584,-39.37091
1427158211.6,-38.804028
1427158211.616,-38.34375
1427158211.631,-38.155952
1427158211.647,-38.190353
1427158211.663,-38.305603
1427158211.678,-38.424294
1427158211.694,-38.57074
1427158211.709,-38.83213
1427158211.725,-39.230804
1427158211.741,-39.583843
1427158211.756,-39.53712
1427158211.772,-38.690117
1427158211.788,-36.79476
1427158211.803,-33.865807
1427158211.819,-30.163914
1427158211.834,-26.000225
1427158211.85,-21.589035
1427158211.866,-16.944942
1427158211.881,-11.944205
1427158211.897,-6.4589243
1427158211.913,-0.5305805
1427158211.928,5.6163197
1427158211.944,11.607156
1427158211.959,17.098927
1427158211.975,21.907455
1427158211.991,26.125504
1427158212.006,30.111767
1427158212.022,34.39083
1427158212.038,39.51958
1427158212.053,45.924545
1427158212.069,53.759243
1427158212.084,62.70192
1427158212.1,71.825935
1427158212.116,79.62914
1427158212.131,84.29527
1427158212.147,84.19641
1427158212.163,78.47065
1427158212.178,67.41757
1427158212.194,52.475933
1427158212.209,35.769424
1427158212.225,19.407724
1427158212.241,4.8712473
1427158212.256,-7.2822485
1427158212.272,-17.200638
1427158212.288,-25.378796
1427158212.303,-32.18245
1427158212.319,-37.71145
1427158212.334,-41.844707
1427158212.35,-44.52191
1427158212.366,-45.878147
1427158212.381,-46.277763
1427158212.397,-46.190308
1427158212.413,-46.00752
1427158212.428,-45.953228
1427158212.444,-46.03288
1427158212.46,-46.173107
1427158212.475,-46.277493
1427158212.491,-46.35747
1427158212.506,-46.487995
1427158212.522,-46.709595
1427158212.538,-46.90222
1427158212.553,-46.725925
1427158212.569,-45.666668
1427158212.585,-43.241264
1427158212.6,-39.2788
1427158212.616,-34.04428
1427158212.631,-28.195091
1427158212.647,-22.516396
1427158212.663,-17.573156
1427158212.678,-13.440813
1427158212.694,-9.724548
1427158212.71,-5.7693205
1427158212.725,-1.0305958
1427158212.741,4.619585
1427158212.756,10.886439
1427158212.772,17.181818
1427158212.788,22.958614
1427158212.803,27.96324
1427158212.819,32.318256
1427158212.835,36.427345
1427158212.85,40.824734
1427158212.866,46.062073
1427158212.881,52.52111
1427158212.897,60.26833
1427158212.913,68.82298
1427158212.928,77.03594
1427158212.944,83.206924
1427158212.96,85.47717
1427158212.975,82.43054
1427158212.991,73.68592
1427158213.006,60.113052
1427158213.022,43.586304
1427158213.038,26.3352
1427158213.053,10.258978
1427158213.069,-3.5751524
1427158213.085,-14.878229
1427158213.1,-23.896915
1427158213.116,-30.961246
1427158213.131,-36.234573
1427158213.147,-39.732
1427158213.163,-41.521233
1427158213.178,-41.890213
1427158213.194,-41.376587
1427158213.21,-40.62834
1427158213.225,-40.18215
1427158213.241,-40.26719
1427158213.256,-40.822594
1427158213.272,-41.5581
1427158213.288,-42.196007
1427158213.303,-42.569405
1427158213.319,-42.633545
1427158213.335,-42.402817
1427158213.35,-41.851414
1427158213.366,-40.840454
1427158213.381,-39.206593
1427158213.397,-36.814995
1427158213.413,-33.692772
1427158213.428,-30.001844
1427158213.444,-26.015755
1427158213.46,-21.910828
1427158213.475,-17.73161
1427158213.491,-13.331357
1427158213.506,-8.446389
1427158213.522,-2.8884344
1427158213.538,3.3129053
1427158213.553,9.858587
1427158213.569,16.254131
1427158213.585,21.99916
1427158213.6,26.804148
1427158213.616,30.706715
1427158213.631,34.05936
1427158213.647,37.459618
1427158213.663,41.549488
1427158213.678,46.869816
1427158213.694,53.686546
1427158213.71,61.75305
1427158213.725,70.11609
1427158213.741,77.17965
1427158213.756,80.98753
1427158213.772,79.83642
1427158213.788,72.94711
1427158213.803,60.826736
1427158213.819,45.160343
1427158213.835,28.189402
1427158213.85,11.974742
1427158213.866,-2.1715326
1427158213.881,-13.810403
1427158213.897,-23.110458
1427158213.913,-30.43914
1427158213.928,-36.05091
1427158213.944,-40.044674
1427158213.96,-42.48223
1427158213.975,-43.571766
1427158213.991,-43.691284
1427158214.006,-43.363907
1427158214.022,-43.08151
1427158214.038,-43.1622
1427158214.053,-43.6696
1427158214.069,-44.389862
1427158214.085,-44.965668
1427158214.1,-45.082996
1427158214.116,-44.64355
1427158214.131,-43.822624
1427158214.147,-42.939896
1427158214.163,-42.255806
1427158214.178,-41.71322
1427158214.194,-40.89676
1427158214.21,-39.17888
1427158214.225,-36.073166
1427158214.241,-31.48439
1427158214.256,-25.81916
1427158214.272,-19.793673
1427158214.288,-14.145937
1427158214.303,-9.288582
1427158214.319,-5.1456633
1427158214.335,-1.2358866
1427158214.35,3.0597653
1427158214.366,8.166807
1427158214.381,14.084732
1427158214.397,20.38099
1427158214.413,26.374184
1427158214.428,31.475906
1427158214.444,35.461845
1427158214.46,38.593414
1427158214.475,41.482906
1427158214.491,44.91432
1427158214.506,49.566673
1427158214.522,55.83089
1427158214.538,63.661324
1427158214.553,72.44645
1427158214.569,80.94491
1427158214.585,87.42543
1427158214.6,89.9922
1427158214.616,87.215744
1427158214.631,78.68133
1427158214.647,65.25281
1427158214.663,48.798058
1427158214.678,31.578701
1427158214.694,15.464298
1427158214.71,1.4622569
1427158214.725,-10.275654
1427158214.741,-20.077698
1427158214.756,-28.31502
1427158214.772,-35.04762
1427158214.788,-40.123722
1427158214.803,-43.37834
1427158214.819,-44.864147
1427158214.835,-44.958828
1427158214.85,-44.26865
1427158214.866,-43.450836
1427158214.881,-42.991684
1427158214.897,-43.118965
1427158214.913,-43.762966
1427158214.928,-44.649902
1427158214.944,-45.45832
1427158214.96,-45.936165
1427158214.975,-46.026833
1427158214.991,-45.803467
1427158215.006,-45.404076
1427158215.022,-44.862717
1427158215.038,-44.053814
1427158215.053,-42.67698
1427158215.069,-40.430653
1427158215.085,-37.109802
1427158215.1,-32.833206
1427158215.116,-27.959763
1427158215.132,-23.006657
1427158215.147,-18.403263
1427158215.163,-14.33444
1427158215.178,-10.634211
1427158215.194,-6.8651867
1427158215.21,-2.54463
1427158215.225,2.6460514
1427158215.241,8.669235
1427158215.257,15.146687
1427158215.272,21.477814
1427158215.288,27.108032
1427158215.303,31.755913
1427158215.319,35.500137
1427158215.335,38.74122
1427158215.35,42.061035
1427158215.366,46.070724
1427158215.382,51.298157
1427158215.397,58.07287
1427158215.413,66.33314
1427158215.428,75.44195
1427158215.444,84.10311
1427158215.46,90.48289
1427158215.475,92.690605
1427158215.491,89.391235
1427158215.507,80.27724
1427158215.522,66.26562
1427158215.538,49.22959
1427158215.553,31.35153
1427158215.569,14.489604
1427158215.585,-0.2036581
1427158215.6,-12.398188
1427158215.616,-22.278738
1427158215.632,-30.222979
1427158215.647,-36.488113
1427158215.663,-41.17634
1427158215.678,-44.300835
1427158215.694,-45.954453
1427158215.71,-46.435863
1427158215.725,-46.21779
1427158215.741,-45.853886
1427158215.757,-45.73902
1427158215.772,-46.010605
1427158215.788,-46.54703
1427158215.803,-47.08601
1427158215.819,-47.37478
1427158215.835,-47.352257
1427158215.85,-47.116383
1427158215.866,-46.831604
1427158215.882,-46.558228
1427158215.897,-46.121635
1427158215.913,-45.158363
1427158215.928,-43.22027
1427158215.944,-39.977722
1427158215.96,-35.399254
1427158215.975,-29.82346
1427158215.991,-23.863974
1427158216.007,-18.177227
1427158216.022,-13.250429
1427158216.038,-9.139988
1427158216.053,-5.4749413
1427158216.069,-1.6457481
1427158216.085,2.9128418
1427158216.1,8.395962
1427158216.116,14.556866
1427158216.132,20.811275
1427158216.147,26.553675
1427158216.163,31.358828
1427158216.178,35.210815
1427158216.194,38.41754
1427158216.21,41.490013
1427158216.225,44.97843
1427158216.241,49.3925
1427158216.257,55.114944
1427158216.272,62.24567
1427158216.288,70.3516
1427158216.303,78.30822
1427158216.319,84.38251
1427158216.335,86.63026
1427158216.35,83.58122
1427158216.366,74.81672
1427158216.382,61.24334
1427158216.397,44.76462
1427158216.413,27.613565
1427158216.428,11.651159
1427158216.444,-2.1006012
1427158216.46,-13.389797
1427158216.475,-22.453394
1427158216.491,-29.572388
1427158216.507,-34.854046
1427158216.522,-38.2485
1427158216.538,-39.746162
1427158216.553,-39.55049
1427158216.569,-38.152885
1427158216.585,-36.230247
1427158216.6,-34.476048
1427158216.616,-33.396526
1427158216.632,-33.216957
1427158216.647,-33.842842
1427158216.663,-34.96965
1427158216.678,-36.193016
1427158216.694,-37.12893
1427158216.71,-37.49858
1427158216.725,-37.19097
1427158216.741,-36.189926
1427158216.757,-34.5699
1427158216.772,-32.366966
1427158216.788,-29.63008
1427158216.803,-26.36644
1427158216.819,-22.599329
1427158216.835,-18.356913
1427158216.85,-13.67458
1427158216.866,-8.579838
1427158216.882,-3.047163
1427158216.897,2.9160976
1427158216.913,9.199778
1427158216.928,15.5649605
1427158216.944,21.660381
1427158216.96,27.149906
1427158216.975,31.847624
1427158216.991,35.84642
1427158217.007,39.554977
1427158217.022,43.636017
1427158217.038,48.722828
1427158217.053,55.168636
1427158217.069,62.72889
1427158217.085,70.41889
1427158217.1,76.582726
1427158217.116,79.31244
1427158217.132,77.05112
1427158217.147,69.19863
1427158217.163,56.407906
1427158217.178,40.429024
1427158217.194,23.481066
1427158217.21,7.5530643
1427158217.225,-6.152673
1427158217.241,-17.307293
1427158217.257,-26.153685
1427158217.272,-33.057594
1427158217.288,-38.22518
1427158217.303,-41.681892
1427158217.319,-43.44719
1427158217.335,-43.76243
1427158217.35,-43.139175
1427158217.366,-42.22997
1427158217.382,-41.579666
1427158217.397,-41.427814
1427158217.413,-41.69774
1427158217.428,-42.091732
1427158217.444,-42.318478
1427158217.46,-42.25027
1427158217.475,-41.976646
1427158217.491,-41.675224
1427158217.507,-41.478905
1427158217.522,-41.26573
1427158217.538,-40.686707
1427158217.553,-39.281563
1427158217.569,-36.721992
1427158217.585,-32.982662
1427158217.6,-28.378414
1427158217.616,-23.467579
1427158217.632,-18.774033
1427158217.647,-14.574045
1427158217.663,-10.792753
1427158217.678,-7.0501432
1427158217.694,-2.8506145
1427158217.71,2.1863985
1427158217.725,8.123035
1427158217.741,14.692633
1427158217.757,21.353624
1427158217.772,27.525497
1427158217.788,32.793564
1427158217.804,37.100807
1427158217.819,40.776005
1427158217.835,44.437103
1427158217.85,48.838665
1427158217.866,54.608994
1427158217.882,62.02222
1427158217.897,70.77271
1427158217.913,79.82048
1427158217.928,87.479904
1427158217.944,91.72125
1427158217.96,90.780365
1427158217.975,83.75418
1427158217.991,71.04445
1427158218.007,54.26428
1427158218.022,35.755478
1427158218.038,17.801636
1427158218.054,2.0020852
1427158218.069,-11.03335
1427158218.085,-21.460842
1427158218.1,-29.79516
1427158218.116,-36.460556
1427158218.132,-41.61701
1427158218.147,-45.217587
1427158218.163,-47.271324
1427158218.179,-48.043846
1427158218.194,-48.024006
1427158218.21,-47.80521
1427158218.225,-47.86472
1427158218.241,-48.366684
1427158218.257,-49.194973
1427158218.272,-50.038525
1427158218.288,-50.59545
1427158218.304,-50.73304
1427158218.319,-50.50698
1427158218.335,-50.057667
1427158218.35,-49.52578
1427158218.366,-48.87565
1427158218.382,-47.925014
1427158218.397,-46.37175
1427158218.413,-43.98738
1427158218.429,-40.65449
1427158218.444,-36.486412
1427158218.46,-31.739212
1427158218.475,-26.756382
1427158218.491,-21.885067
1427158218.507,-17.35025
1427158218.522,-13.180162
1427158218.538,-9.169895
1427158218.554,-4.9451246
1427158218.569,-0.13027096
1427158218.585,5.476307
1427158218.6,11.730059
1427158218.616,18.195776
1427158218.632,24.269768
1427158218.647,29.50471
1427158218.663,33.770622
1427158218.679,37.32868
1427158218.694,40.69825
1427158218.71,44.489098
1427158218.725,49.21296
1427158218.741,55.24998
1427158218.757,62.72174
1427158218.772,71.38127
1427158218.788,80.41505
1427158218.804,88.34447
1427158218.819,93.2199
1427158218.835,93.1922
1427158218.85,87.164986
1427158218.866,75.3607
1427158218.882,59.31826
1427158218.897,41.409576
1427158218.913,24.004795
1427158218.929,8.7877245
1427158218.944,-3.5710735
1427158218.96,-13.202957
1427158218.975,-20.631958
1427158218.991,-26.304195
1427158219.007,-30.438421
1427158219.022,-33.094276
1427158219.038,-34.342934
1427158219.054,-34.433136
1427158219.069,-33.82965
1427158219.085,-33.045555
1427158219.1,-32.54395
1427158219.116,-32.556488
1427158219.132,-33.084522
1427158219.147,-33.917145
1427158219.163,-34.781975
1427158219.179,-35.420963
1427158219.194,-35.691856
1427158219.21,-35.52396
1427158219.225,-34.914307
1427158219.241,-33.834267
1427158219.257,-32.249752
1427158219.272,-30.1054
1427158219.288,-27.342575
1427158219.304,-23.941399
1427158219.319,-19.893082
1427158219.335,-15.190028
1427158219.35,-9.877481
1427158219.366,-4.06139
1427158219.382,2.0285025
1427158219.397,8.062113
1427158219.413,13.719164
1427158219.429,18.816936
1427158219.444,23.370384
1427158219.46,27.64543
1427158219.475,32.027306
1427158219.491,36.972694
1427158219.507,42.8762
1427158219.522,49.93322
1427158219.538,57.973114
1427158219.554,66.275665
1427158219.569,73.51548
1427158219.585,77.96347
1427158219.6,77.9433
1427158219.616,72.4404
1427158219.632,61.537144
1427158219.647,46.512268
1427158219.663,29.41425
1427158219.679,12.4091835
1427158219.694,-2.8759518
1427158219.71,-15.644026
1427158219.725,-25.854563
1427158219.741,-33.821247
1427158219.757,-39.84769
1427158219.772,-44.05994
1427158219.788,-46.476135
1427158219.804,-47.20981
1427158219.819,-46.608845
1427158219.835,-45.25109
1427158219.85,-43.775326
1427158219.866,-42.676243
1427158219.882,-42.15985
1427158219.897,-42.12567
1427158219.913,-42.318874
1427158219.929,-42.46629
1427158219.944,-42.419296
1427158219.96,-42.125565
1427158219.975,-41.613068
1427158219.991,-40.832047
1427158220.007,-39.637844
1427158220.022,-37.80076
1427158220.038,-35.145054
1427158220.054,-31.629616
1427158220.069,-27.417904
1427158220.085,-22.748924
1427158220.1,-17.847511
1427158220.116,-12.773418
1427158220.132,-7.432968
1427158220.147,-1.6958809
1427158220.163,4.4425354
1427158220.179,10.803577
1427158220.194,17.020695
1427158220.21,22.750137
1427158220.225,27.772377
1427158220.241,32.165264
1427158220.257,36.273296
1427158220.272,40.614674
1427158220.288,45.77331
1427158220.304,52.25879
1427158220.319,60.31263
1427158220.335,69.65076
1427158220.35,79.24553
1427158220.366,87.3228
1427158220.382,91.72693
1427158220.397,90.60951
1427158220.413,83.14277
1427158220.429,69.91788
1427158220.444,52.826496
1427158220.46,34.37835
1427158220.475,16.806732
1427158220.491,1.5069733
1427158220.507,-11.151047
1427158220.522,-21.48283
1427158220.538,-29.973328
1427158220.554,-36.924534
1427158220.569,-42.364323
1427158220.585,-46.19911
1427158220.6,-48.461998
1427158220.616,-49.44659
1427158220.632,-49.64814
1427158220.647,-49.594223
1427158220.663,-49.69243
1427158220.679,-50.087715
1427158220.694,-50.70023
1427158220.71,-51.319656
1427158220.726,-51.771267
1427158220.741,-51.994335
1427158220.757,-52.076145
1427158220.772,-52.10313
1427158220.788,-52.02727
1427158220.804,-51.555115
1427158220.819,-50.218487
1427158220.835,-47.55217
1427158220.851,-43.350014
1427158220.866,-37.8191
1427158220.882,-31.524902
1427158220.897,-25.199886
1427158220.913,-19.430302
1427158220.929,-14.470146
1427158220.944,-10.139507
1427158220.96,-5.9362793
1427158220.976,-1.3084526
1427158220.991,4.155987
1427158221.007,10.480003
1427158221.022,17.335564
1427158221.038,24.120113
1427158221.054,30.227562
1427158221.069,35.268936
1427158221.085,39.27735
1427158221.101,42.682377
1427158221.116,46.2282
1427158221.132,50.743122
1427158221.147,56.892246
1427158221.163,64.9124
1427158221.179,74.36911
1427158221.194,84.025406
1427158221.21,91.96336
1427158221.226,95.98877
1427158221.241,94.28995
1427158221.257,86.101654
1427158221.272,72.073845
1427158221.288,54.138985
1427158221.304,34.89013
1427158221.319,16.714993
1427158221.335,1.166378
1427158221.351,-11.290527
1427158221.366,-20.97736
1427158221.382,-28.50309
1427158221.397,-34.343704
1427158221.413,-38.682198
1427158221.429,-41.563187
1427158221.444,-43.130497
1427158221.46,-43.74476
1427158221.476,-43.940872
1427158221.491,-44.15381
1427158221.507,-44.593258
1427158221.522,-45.171036
1427158221.538,-45.644188
1427158221.554,-45.79898
1427158221.569,-45.61572
1427158221.585,-45.230644
1427158221.601,-44.86292
1427158221.616,-44.57274
1427158221.632,-44.182816
1427158221.647,-43.315483
1427158221.663,-41.561993
1427158221.679,-38.651527
1427158221.694,-34.62593
1427158221.71,-29.773026
1427158221.726,-24.507805
1427158221.741,-19.16246
1427158221.757,-13.893524
1427158221.772,-8.651196
1427158221.788,-3.265976
1427158221.804,2.3850212
1427158221.819,8.313274
1427158221.835,14.363667
1427158221.851,20.274948
1427158221.866,25.789787
1427158221.882,30.749954
1427158221.897,35.174995
1427158221.913,39.30157
1427158221.929,43.59253
1427158221.944,48.62531
1427158221.96,54.934715
1427158221.976,62.640778
1427158221.991,71.18229
1427158222.007,79.16144
1427158222.022,84.60483
1427158222.038,85.50614
1427158222.054,80.585556
1427158222.069,69.80462
1427158222.085,54.472084
1427158222.101,36.783806
1427158222.116,19.096497
1427158222.132,3.1908264
1427158222.147,-10.059349
1427158222.163,-20.651817
1427158222.179,-29.006638
1427158222.194,-35.56772
1427158222.21,-40.54563
1427158222.226,-43.962753
1427158222.241,-45.826492
1427158222.257,-46.345398
1427158222.272,-45.943626
1427158222.288,-45.159447
1427158222.304,-44.517776
1427158222.319,-44.325233
1427158222.335,-44.634575
1427158222.351,-45.307793
1427158222.366,-46.126595
1427158222.382,-46.900337
1427158222.397,-47.47718
1427158222.413,-47.72415
1427158222.429,-47.427597
1427158222.444,-46.31144
1427158222.46,-44.085495
1427158222.476,-40.611176
1427158222.491,-35.987633
1427158222.507,-30.602509
1427158222.522,-24.952423
1427158222.538,-19.491402
1427158222.554,-14.413185
1427158222.569,-9.573257
1427158222.585,-4.62307
1427158222.601,0.7937393
1427158222.616,6.814804
1427158222.632,13.23526
1427158222.647,19.620659
1427158222.663,25.48693
1427158222.679,30.564018
1427158222.694,34.915802
1427158222.71,38.94374
1427158222.726,43.24424
1427158222.741,48.466652
1427158222.757,55.092598
1427158222.772,63.191193
1427158222.788,72.227104
1427158222.804,80.95028
1427158222.819,87.51112
1427158222.835,89.918045
1427158222.851,86.65011
1427158222.866,77.27108
1427158222.882,62.65728
1427158222.897,44.76744
1427158222.913,25.999107
1427158222.929,8.404755
1427158222.944,-6.80661
1427158222.96,-19.327087
1427158222.976,-29.439423
1427158222.991,-37.512352
1427158223.007,-43.757065
1427158223.022,-48.164818
1427158223.038,-50.7353
1427158223.054,-51.708946
1427158223.069,-51.64341
1427158223.085,-51.269028
1427158223.101,-51.238373
1427158223.116,-51.827736
1427158223.132,-52.85762
1427158223.147,-53.7975
1427158223.163,-54.068222
1427158223.179,-53.34246
1427158223.194,-51.74768
1427158223.21,-49.75905
1427158223.226,-47.944702
1427158223.241,-46.656387
1427158223.257,-45.76893
1427158223.272,-44.741066
1427158223.288,-42.88773
1427158223.304,-39.690712
1427158223.319,-35.09929
1427158223.335,-29.526466
1427158223.351,-23.669323
1427158223.366,-18.167118
1427158223.382,-13.336437
1427158223.398,-9.041389
1427158223.413,-4.827095
1427158223.429,-0.16740799
1427158223.444,5.278782
1427158223.46,11.502846
1427158223.476,18.11692
1427158223.491,24.571888
1427158223.507,30.335247
1427158223.523,35.151253
1427158223.538,39.10993
1427158223.554,42.597332
1427158223.569,46.17474
1427158223.585,50.467888
1427158223.601,56.04487
1427158223.616,63.260174
1427158223.632,72.005585
1427158223.648,81.48722
1427158223.663,90.11224
1427158223.679,95.77466
1427158223.694,96.42084
1427158223.71,90.82669
1427158223.726,79.11333
1427158223.741,62.77429
1427158223.757,44.135212
1427158223.773,25.562927
1427158223.788,8.747814
1427158223.804,-5.5788155
1427158223.819,-17.45288
1427158223.835,-27.210312
1427158223.851,-35.124237
1427158223.866,-41.231037
1427158223.882,-45.477478
1427158223.898,-47.933178
1427158223.913,-48.923893
1427158223.929,-49.012432
1427158223.944,-48.85033
1427158223.96,-48.92772
1427158223.976,-49.48075
1427158223.991,-50.39517
1427158224.007,-51.342476
1427158224.023,-51.9421
1427158224.038,-51.971336
1427158224.054,-51.436485
1427158224.069,-50.567863
1427158224.085,-49.583855
1427158224.101,-48.5278
1427158224.116,-47.158424
1427158224.132,-45.060173
1427158224.148,-41.834785
1427158224.163,-37.35347
1427158224.179,-31.853361
1427158224.194,-25.863573
1427158224.21,-20.0006
1427158224.226,-14.714655
1427158224.241,-10.102774
1427158224.257,-5.920768
1427158224.273,-1.7045355
1427158224.288,3.0039148
1427158224.304,8.422566
1427158224.319,14.413146
1427158224.335,20.532524
1427158224.351,26.21622
1427158224.366,31.0508
1427158224.382,34.936268
1427158224.398,38.171303
1427158224.413,41.343075
1427158224.429,45.111824
1427158224.444,50.045483
1427158224.46,56.448174
1427158224.476,64.2395
1427158224.491,72.80976
1427158224.507,80.96277
1427158224.523,87.009514
1427158224.538,89.15827
1427158224.554,86.07694
1427158224.569,77.42539
1427158224.585,64.07667
1427158224.601,47.81176
1427158224.616,30.748909
1427158224.632,14.615679
1427158224.648,0.40812635
1427158224.663,-11.610176
1427158224.679,-21.525696
1427158224.694,-29.450651
1427158224.71,-35.330303
1427158224.726,-39.088165
1427158224.741,-40.818928
1427158224.757,-40.958637
1427158224.773,-40.19639
1427158224.788,-39.277912
1427158224.804,-38.7385
1427158224.819,-38.78899
1427158224.835,-39.349674
1427158224.851,-40.177326
1427158224.866,-41.01347
1427158224.882,-41.692467
1427158224.898,-42.152645
1427158224.913,-42.36234
1427158224.929,-42.26879
1427158224.944,-41.74047
1427158224.96,-40.56971
1427158224.976,-38.564648
1427158224.991,-35.618332
1427158225.007,-31.820906
1427158225.023,-27.44442
1427158225.038,-22.85909
1427158225.054,-18.39128
1427158225.069,-14.161333
1427158225.085,-10.029987
1427158225.101,-5.6908436
1427158225.116,-0.7871609
1427158225.132,4.824318
1427158225.148,11.022118
1427158225.163,17.387356
1427158225.179,23.409887
1427158225.194,28.665974
1427158225.21,33.06336
1427158225.226,36.86103
1427158225.241,40.63223
1427158225.257,45.080494
1427158225.273,50.80733
1427158225.288,58.079567
1427158225.304,66.56943
1427158225.319,75.2407
1427158225.335,82.46107
1427158225.351,86.34449
1427158225.366,85.319565
1427158225.382,78.68349
1427158225.398,66.9032
1427158225.413,51.517334
1427158225.429,34.62966
1427158225.444,18.208546
1427158225.46,3.5800686
1427158225.476,-8.752405
1427158225.491,-18.89048
1427158225.507,-27.152424
1427158225.523,-33.761703
1427158225.538,-38.759293
1427158225.554,-42.116344
1427158225.569,-43.933083
1427158225.585,-44.533558
1427158225.601,-44.441147
1427158225.616,-44.18124
1427158225.632,-44.151012
1427158225.648,-44.442043
1427158225.663,-44.92601
1427158225.679,-45.32518
1427158225.694,-45.391808
1427158225.71,-45.0289
1427158225.726,-44.32798
1427158225.741,-43.499844
1427158225.757,-42.77754
1427158225.773,-42.218998
1427158225.788,-41.653492
1427158225.804,-40.677387
1427158225.819,-38.815937
1427158225.835,-35.722725
1427158225.851,-31.37503
1427158225.866,-26.132885
1427158225.882,-20.600441
1427158225.898,-15.421707
1427158225.913,-10.998959
1427158225.929,-7.3473816
1427158225.944,-4.0550537
1427158225.96,-0.52220917
1427158225.976,3.7895012
1427158225.991,9.08765
1427158226.007,15.125462
1427158226.023,21.312145
1427158226.038,26.964077
1427158226.054,31.638226
1427158226.07,35.25301
1427158226.085,38.15916
1427158226.101,40.95162
1427158226.116,44.277916
1427158226.132,48.705963
1427158226.148,54.643417
1427158226.163,62.224625
1427158226.179,71.14168
1427158226.195,80.44219
1427158226.21,88.480774
1427158226.226,93.19161
1427158226.241,92.729515
1427158226.257,86.14166
1427158226.273,73.86491
1427158226.288,57.63922
1427158226.304,39.866264
1427158226.32,22.775612
1427158226.335,7.7567825
1427158226.351,-4.81353
1427158226.366,-15.249214
1427158226.382,-24.014427
1427158226.398,-31.311852
1427158226.413,-37.020096
1427158226.429,-40.906334
1427158226.445,-42.969337
1427158226.46,-43.607803
1427158226.476,-43.51638
1427158226.491,-43.43878
1427158226.507,-43.840836
1427158226.523,-44.753716
1427158226.538,-45.844055
1427158226.554,-46.628273
1427158226.57,-46.76226
1427158226.585,-46.226326
1427158226.601,-45.304718
1427158226.616,-44.39814
1427158226.632,-43.7927
1427158226.648,-43.47226
1427158226.663,-43.089287
1427158226.679,-42.131546
1427158226.695,-40.13595
1427158226.71,-36.88681
1427158226.726,-32.514824
1427158226.741,-27.438286
1427158226.757,-22.218025
1427158226.773,-17.362244
1427158226.788,-13.151993
1427158226.804,-9.532814
1427158226.82,-6.175644
1427158226.835,-2.583641
1427158226.851,1.6947556
1427158226.866,6.8484955
1427158226.882,12.70295
1427158226.898,18.797989
1427158226.913,24.540298
1427158226.929,29.447617
1427158226.945,33.369347
1427158226.96,36.509514
1427158226.976,39.40188
1427158226.991,42.69979
1427158227.007,47.015755
1427158227.023,52.749573
1427158227.038,59.951515
1427158227.054,68.171455
1427158227.07,76.37287
1427158227.085,83.019295
1427158227.101,86.352806
1427158227.116,84.94075
1427158227.132,78.15348
1427158227.148,66.499405
1427158227.163,51.470528
1427158227.179,35.06893
1427158227.195,19.156784
1427158227.21,4.980171
1427158227.226,-6.976036
1427158227.241,-16.75621
1427158227.257,-24.558525
1427158227.273,-30.4572
1427158227.288,-34.38671
1427158227.304,-36.345497
1427158227.32,-36.59278
1427158227.335,-35.728653
1427158227.351,-34.528893
1427158227.366,-33.645775
1427158227.382,-33.422302
1427158227.398,-33.79772
1427158227.413,-34.47769
1427158227.429,-35.142227
1427158227.445,-35.640236
1427158227.46,-36.0168
1427158227.476,-36.42457
1427158227.491,-36.916
1427158227.507,-37.34707
1427158227.523,-37.34809
1427158227.538,-36.480362
1427158227.554,-34.4348
1427158227.57,-31.202248
1427158227.585,-27.09008
1427158227.601,-22.586014
1427158227.616,-18.128471
1427158227.632,-13.899315
1427158227.648,-9.747414
1427158227.663,-5.3342667
1427158227.679,-0.341362
1427158227.695,5.2961807
1427158227.71,11.351257
1427158227.726,17.369553
1427158227.741,22.932991
1427158227.757,27.817932
1427158227.773,32.09861
1427158227.788,36.086746
1427158227.804,40.224815
1427158227.82,44.987976
1427158227.835,50.77849
1427158227.851,57.746567
1427158227.866,65.56913
1427158227.882,73.26486
1427158227.898,79.236084
1427158227.913,81.63552
1427158227.929,78.95968
1427158227.945,70.696754
1427158227.96,57.598007
1427158227.976,41.492897
1427158227.991,24.651062
1427158228.007,8.980003
1427158228.023,-4.432846
1427158228.038,-15.422356
1427158228.054,-24.348328
1427158228.07,-31.659782
1427158228.085,-37.536194
1427158228.101,-41.856102
1427158228.116,-44.479362
1427158228.132,-45.47576
1427158228.148,-45.291107
1427158228.163,-44.6138
1427158228.179,-44.14675
1427158228.195,-44.310257
1427158228.21,-45.125023
1427158228.226,-46.25045
1427158228.241,-47.239098
1427158228.257,-47.725212
1427158228.273,-47.58004
1427158228.288,-46.91398
1427158228.304,-45.96093
1427158228.32,-44.933525
1427158228.335,-43.85801
1427158228.351,-42.56172
1427158228.366,-40.702026
1427158228.382,-37.935127
1427158228.398,-34.068108
1427158228.413,-29.194344
1427158228.429,-23.685127
1427158228.445,-18.095802
1427158228.46,-12.959801
1427158228.476,-8.595177
1427158228.491,-4.966812
1427158228.507,-1.731514
1427158228.523,1.6441422
1427158228.538,5.645706
1427158228.554,10.540474
1427158228.57,16.273506
1427158228.585,22.521675
1427158228.601,28.770569
1427158228.616,34.523773
1427158228.632,39.433044
1427158228.648,43.453766
1427158228.663,46.838585
1427158228.679,50.149307
1427158228.695,54.075966
1427158228.71,59.30597
1427158228.726,66.210594
1427158228.742,74.58821
1427158228.757,83.47522
1427158228.773,91.12444
1427158228.788,95.45046
1427158228.804,94.60529
1427158228.82,87.67092
1427158228.835,75.039856
1427158228.851,58.357246
1427158228.866,39.947853
1427158228.882,22.063309
1427158228.898,6.2474365
1427158228.913,-6.929123
1427158228.929,-17.609001
1427158228.945,-26.270233
1427158228.96,-33.246193
1427158228.976,-38.62018
1427158228.992,-42.333878
1427158229.007,-44.427498
1427158229.023,-45.19636
1427158229.038,-45.20219
1427158229.054,-45.077774
1427158229.07,-45.300694
1427158229.085,-46.02595
1427158229.101,-47.075375
1427158229.117,-48.08585
1427158229.132,-48.71036
1427158229.148,-48.80581
1427158229.163,-48.46872
1427158229.179,-47.922157
1427158229.195,-47.39827
1427158229.21,-46.92346
1427158229.226,-46.308388
1427158229.242,-45.20484
1427158229.257,-43.25353
1427158229.273,-40.21809
1427158229.288,-36.135498
1427158229.304,-31.287315
1427158229.32,-26.120773
1427158229.335,-21.078716
1427158229.351,-16.45845
1427158229.367,-12.298225
1427158229.382,-8.399521
1427158229.398,-4.4046135
1427158229.413,0.036434174
1427158229.429,5.098568
1427158229.445,10.715298
1427158229.46,16.601898
1427158229.476,22.330826
1427158229.492,27.557781
1427158229.507,32.104263
1427158229.523,36.06239
1427158229.538,39.71852
1427158229.554,43.537758
1427158229.57,48.007538
1427158229.585,53.57915
1427158229.601,60.49232
1427158229.617,68.61995
1427158229.632,77.22806
1427158229.648,84.94599
1427158229.663,89.94006
1427158229.679,90.406265
1427158229.695,85.20036
1427158229.71,74.34654
1427158229.726,59.104168
1427158229.742,41.602093
1427158229.757,24.09549
1427158229.773,8.329208
1427158229.788,-4.8767815
1427158229.804,-15.488052
1427158229.82,-23.911816
1427158229.835,-30.515533
1427158229.851,-35.48533
1427158229.867,-38.804764
1427158229.882,-40.51965
1427158229.898,-40.86836
1427158229.913,-40.3084
1427158229.929,-39.394455
1427158229.945,-38.613556
1427158229.96,-38.212517
1427158229.976,-38.239517
1427158229.992,-38.560886
1427158230.007,-38.990833
1427158230.023,-39.392418
1427158230.038,-39.686794
1427158230.054,-39.79488
1427158230.07,-39.584023
1427158230.085,-38.83221
1427158230.101,-37.336052
1427158230.117,-34.932056
1427158230.132,-31.640776
1427158230.148,-27.629747
1427158230.163,-23.153627
1427158230.179,-18.44044
1427158230.195,-13.593584
1427158230.21,-8.592661
1427158230.226,-3.3399353
1427158230.242,2.2334995
1427158230.257,8.076355
1427158230.273,14.024364
1427158230.288,19.841068
1427158230.304,25.294666
1427158230.32,30.252533
1427158230.335,34.766052
1427158230.351,39.075027
1427158230.367,43.610855
1427158230.382,48.89099
1427158230.398,55.291412
1427158230.413,62.76548
1427158230.429,70.59701
1427158230.445,77.361305
1427158230.46,81.24893
1427158230.476,80.57313
1427158230.492,74.38556
1427158230.507,62.88831
1427158230.523,47.40826
1427158230.538,29.989933
1427158230.554,12.749731
1427158230.57,-2.7122216
1427158230.585,-15.584527
1427158230.601,-25.79337
1427158230.617,-33.631916
1427158230.632,-39.46666
1427158230.648,-43.503437
1427158230.663,-45.86495
1427158230.679,-46.719017
1427158230.695,-46.45641
1427158230.71,-45.62361
1427158230.726,-44.82916
1427158230.742,-44.49221
1427158230.757,-44.726917
1427158230.773,-45.32817
1427158230.788,-45.931896
1427158230.804,-46.237007
1427158230.82,-46.154083
1427158230.835,-45.814907
1427158230.851,-45.38335
1427158230.867,-44.87852
1427158230.882,-44.093384
1427158230.898,-42.61948
1427158230.913,-40.064896
1427158230.929,-36.260384
1427158230.945,-31.40672
1427158230.96,-26.005623
1427158230.976,-20.651394
1427158230.992,-15.752134
1427158231.007,-11.326483
1427158231.023,-7.011945
1427158231.038,-2.2723312
1427158231.054,3.3126097
1427158231.07,9.772005
1427158231.085,16.766907
1427158231.101,23.685516
1427158231.117,29.929663
1427158231.132,35.19473
1427158231.148,39.561012
1427158231.163,43.475647
1427158231.179,47.6238
1427158231.195,52.720406
1427158231.21,59.327393
1427158231.226,67.59078
1427158231.242,77.00736
1427158231.257,86.2944
1427158231.273,93.52826
1427158231.288,96.58864
1427158231.304,93.8649
1427158231.32,84.84227
1427158231.335,70.38257
1427158231.351,52.44288
1427158231.367,33.39527
1427158231.382,15.265421
1427158231.398,-0.7111149
1427158231.413,-14.16404
1427158231.429,-25.206139
1427158231.445,-34.068497
1427158231.46,-40.833908
1427158231.476,-45.505577
1427158231.492,-48.193047
1427158231.507,-49.29082
1427158231.523,-49.44918
1427158231.538,-49.396214
1427158231.554,-49.66167
1427158231.57,-50.476555
1427158231.585,-51.704056
1427158231.601,-52.998913
1427158231.617,-53.98517
1427158231.632,-54.418793
1427158231.648,-54.249615
1427158231.664,-53.637012
1427158231.679,-52.818546
1427158231.695,-52.007946
1427158231.71,-51.211735
1427158231.726,-50.214397
1427158231.742,-48.59542
1427158231.757,-45.941063
1427158231.773,-41.999878
1427158231.789,-36.868958
1427158231.804,-30.97218
1427158231.82,-24.953556
1427158231.835,-19.382923
1427158231.851,-14.546257
1427158231.867,-10.309727
1427158231.882,-6.212349
1427158231.898,-1.6672554
1427158231.914,3.73917
1427158231.929,10.048161
1427158231.945,16.875065
1427158231.96,23.587418
1427158231.976,29.57172
1427158231.992,34.531033
1427158232.007,38.59949
1427158232.023,42.30631
1427158232.039,46.368313
1427158232.054,51.481236
1427158232.07,58.10432
1427158232.085,66.295235
1427158232.101,75.57948
1427158232.117,84.85637
1427158232.132,92.43962
1427158232.148,96.414764
1427158232.164,95.098785
1427158232.179,87.69594
1427158232.195,74.6438
1427158232.21,57.55845
1427158232.226,38.732246
1427158232.242,20.406944
1427158232.257,4.1503105
1427158232.273,-9.386383
1427158232.289,-20.261314
1427158232.304,-28.87151
1427158232.32,-35.54375
1427158232.335,-40.40353
1427158232.351,-43.472908
1427158232.367,-44.87402
1427158232.382,-44.98549
1427158232.398,-44.3938
1427158232.414,-43.72576
1427158232.429,-43.423904
1427158232.445,-43.62523
1427158232.46,-44.192875
1427158232.476,-44.849148
1427158232.492,-45.360867
1427158232.507,-45.652355
1427158232.523,-45.774708
1427158232.539,-45.76611
1427158232.554,-45.516777
1427158232.57,-44.721233
1427158232.585,-42.988037
1427158232.601,-40.066402
1427158232.617,-35.98591
1427158232.632,-31.092438
1427158232.648,-25.873322
1427158232.664,-20.730408
1427158232.679,-15.773773
1427158232.695,-10.814613
1427158232.71,-5.506832
1427158232.726,0.40718842
1427158232.742,6.91864
1427158232.757,13.707794
1427158232.773,20.283585
1427158232.789,26.175518
1427158232.804,31.152401
1427158232.82,35.319214
1427158232.835,39.110516
1427158232.851,43.17267
1427158232.867,48.206623
1427158232.882,54.68653
1427158232.898,62.586174
1427158232.914,71.15398
1427158232.929,78.857834
1427158232.945,83.68359
1427158232.96,83.72109
1427158232.976,77.82559
1427158232.992,66.14329
1427158233.007,50.122314
1427158233.023,32.06163
1427158233.039,14.343491
1427158233.054,-1.2586365
1427158233.07,-13.951752
1427158233.085,-23.803902
1427158233.101,-31.314957
1427158233.117,-36.981384
1427158233.132,-41.02616
1427158233.148,-43.467697
1427158233.164,-44.34265
1427158233.179,-43.906754
1427158233.195,-42.70993
1427158233.21,-41.431427
1427158233.226,-40.65544
1427158233.242,-40.656235
1427158233.257,-41.346184
1427158233.273,-42.31568
1427158233.289,-43.06874
1427158233.304,-43.2154
1427158233.32,-42.624763
1427158233.335,-41.368896
1427158233.351,-39.659393
1427158233.367,-37.699646
1427158233.382,-35.563995
1427158233.398,-33.16822
1427158233.414,-30.32251
1427158233.429,-26.802452
1427158233.445,-22.424492
1427158233.46,-17.111122
1427158233.476,-10.955864
1427158233.492,-4.2174835
1427158233.507,2.689827
1427158233.523,9.346886
1427158233.539,15.444878
1427158233.554,20.921616
1427158233.57,25.971977
1427158233.585,30.970985
1427158233.601,36.356537
1427158233.617,42.51039
1427158233.632,49.679802
1427158233.648,57.891792
1427158233.664,66.83576
1427158233.679,75.67411
1427158233.695,82.98847
1427158233.71,86.99829
1427158233.726,86.03313
1427158233.742,79.18959
1427158233.757,66.74655
1427158233.773,50.244827
1427158233.789,31.93702
1427158233.804,14.1226425
1427158233.82,-1.5742874
1427158233.835,-14.454193
1427158233.851,-24.596992
1427158233.867,-32.449203
1427158233.882,-38.4469
1427158233.898,-42.85546
1427158233.914,-45.823708
1427158233.929,-47.555298
1427158233.945,-48.350807
1427158233.96,-48.587585
1427158233.976,-48.616943
1427158233.992,-48.61622
1427158234.007,-48.629997
1427158234.023,-48.544548
1427158234.039,-48.261253
1427158234.054,-47.713646
1427158234.07,-46.965637
1427158234.085,-46.1625
1427158234.101,-45.41236
1427158234.117,-44.701775
1427158234.132,-43.824005
1427158234.148,-42.384773
1427158234.164,-39.965523
1427158234.179,-36.338074
1427158234.195,-31.57077
1427158234.21,-26.077858
1427158234.226,-20.429466
1427158234.242,-15.068138
1427158234.257,-10.127426
1427158234.273,-5.341324
1427158234.289,-0.2627411
1427158234.304,5.5052032
1427158234.32,12.005386
1427158234.336,18.903358
1427158234.351,25.615173
1427158234.367,31.585869
1427158234.382,36.55938
1427158234.398,40.680923
1427158234.414,44.462395
1427158234.429,48.63423
1427158234.445,53.928215
1427158234.461,60.811714
1427158234.476,69.18992
1427158234.492,78.22275
1427158234.507,86.284004
1427158234.523,91.287445
1427158234.539,91.31165
1427158234.554,85.294716
1427158234.57,73.4739
1427158234.586,57.370766
1427158234.601,39.251656
1427158234.617,21.364365
1427158234.632,5.2683487
1427158234.648,-8.374672
1427158234.664,-19.63984
1427158234.679,-28.882668
1427158234.695,-36.37465
1427158234.711,-42.1707
1427158234.726,-46.244545
1427158234.742,-48.660316
1427158234.757,-49.75641
1427158234.773,-50.069107
1427158234.789,-50.184616
1427158234.804,-50.515686
1427158234.82,-51.17993
1427158234.836,-51.980423
1427158234.851,-52.55333
1427158234.867,-52.587273
1427158234.882,-51.989456
1427158234.898,-50.96267
1427158234.914,-49.873123
1427158234.929,-49.022476
1427158234.945,-48.4321
1427158234.961,-47.745926
1427158234.976,-46.361107
1427158234.992,-43.705414
1427158235.007,-39.52662
1427158235.023,-34.03843
1427158235.039,-27.866714
1427158235.054,-21.77362
1427158235.07,-16.34488
1427158235.086,-11.753464
1427158235.101,-7.7305603
1427158235.117,-3.7274017
1427158235.132,0.8020325
1427158235.148,6.1443367
1427158235.164,12.209583
1427158235.179,18.590084
1427158235.195,24.694607
1427158235.211,30.045574
1427158235.226,34.443108
1427158235.242,38.0585
1427158235.257,41.388573
1427158235.273,45.143772
1427158235.289,50.023464
1427158235.304,56.563835
1427158235.32,64.81329
1427158235.336,74.14463
1427158235.351,83.14128
1427158235.367,89.813255
1427158235.382,92.09937
1427158235.398,88.58546
1427158235.414,79.04253
1427158235.429,64.61779
1427158235.445,47.420788
1427158235.461,29.798298
1427158235.476,13.621799
1427158235.492,-0.12960815
1427158235.507,-11.308071
1427158235.523,-20.188885
1427158235.539,-27.06955
1427158235.554,-32.05803
1427158235.57,-35.145065
1427158235.586,-36.415417
1427158235.601,-36.23169
1427158235.617,-35.196518
1427158235.632,-33.994797
1427158235.648,-33.185818
1427158235.664,-33.056187
1427158235.679,-33.61157
1427158235.695,-34.63243
1427158235.711,-35.820816
1427158235.726,-36.871387
1427158235.742,-37.55787
1427158235.757,-37.72733
1427158235.773,-37.29453
1427158235.789,-36.25219
1427158235.804,-34.603592
1427158235.82,-32.386852
1427158235.836,-29.627987
1427158235.851,-26.344673
1427158235.867,-22.482233
1427158235.882,-17.982418
1427158235.898,-12.803228
1427158235.914,-7.026594
1427158235.929,-0.8730049
1427158235.945,5.3275986
1427158235.961,11.2311325
1427158235.976,16.601393
1427158235.992,21.424477
1427158236.007,25.87196
1427158236.023,30.265526
1427158236.039,34.96926
1427158236.054,40.35902
1427158236.07,46.71967
1427158236.086,54.151985
1427158236.101,62.35382
1427158236.117,70.436935
1427158236.132,76.900154
1427158236.148,79.93778
1427158236.164,78.00249
1427158236.179,70.42722
1427158236.195,57.772224
1427158236.211,41.73123
1427158236.226,24.529493
1427158236.242,8.197174
1427158236.257,-6.001034
1427158236.273,-17.669025
1427158236.289,-27.021555
1427158236.304,-34.44545
1427158236.32,-40.174286
1427158236.336,-44.213448
1427158236.351,-46.516563
1427158236.367,-47.179413
1427158236.382,-46.558876
1427158236.398,-45.179634
1427158236.414,-43.606216
1427158236.429,-42.269325
1427158236.445,-41.394707
1427158236.461,-40.995308
1427158236.476,-41.001427
1427158236.492,-41.27676
1427158236.507,-41.685593
1427158236.523,-42.052567
1427158236.539,-42.13597
1427158236.554,-41.618374
1427158236.57,-40.192387
1427158236.586,-37.6455
1427158236.601,-34.009438
1427158236.617,-29.549494
1427158236.632,-24.69757
1427158236.648,-19.830479
1427158236.664,-15.131346
1427158236.679,-10.488382
1427158236.695,-5.619049
1427158236.711,-0.2622242
1427158236.726,5.6697445
1427158236.742,12.002384
1427158236.757,18.390928
1427158236.773,24.468489
1427158236.789,30.030731
1427158236.804,35.097443
1427158236.82,39.927666
1427158236.836,44.940834
1427158236.851,50.638474
1427158236.867,57.44718
1427158236.882,65.48535
1427158236.898,74.2968
1427158236.914,82.70375
1427158236.929,88.86692
1427158236.945,90.78685
1427158236.961,86.98405
1427158236.976,77.13822
1427158236.992,62.334423
1427158237.008,44.723793
1427158237.023,26.764639
1427158237.039,10.392069
1427158237.054,-3.4510632
1427158237.07,-14.815565
1427158237.086,-24.22597
1427158237.101,-32.15287
1427158237.117,-38.67553
1427158237.133,-43.570587
1427158237.148,-46.599693
1427158237.164,-47.877037
1427158237.179,-47.926304
1427158237.195,-47.53414
1427158237.211,-47.393738
1427158237.226,-47.82326
1427158237.242,-48.68441
1427158237.258,-49.53587
1427158237.273,-49.936615
1427158237.289,-49.695847
1427158237.304,-48.955116
1427158237.32,-48.076538
1427158237.336,-47.390488
1427158237.351,-46.985477
1427158237.367,-46.601643
1427158237.383,-45.707638
1427158237.398,-43.720333
1427158237.414,-40.285362
1427158237.429,-35.42324
1427158237.445,-29.58876
1427158237.461,-23.48286
1427158237.476,-17.81456
1427158237.492,-13.006669
1427158237.508,-9.078431
1427158237.523,-5.6442013
1427158237.539,-2.1092749
1427158237.554,2.0935373
1427158237.57,7.2479506
1427158237.586,13.259159
1427158237.601,19.68567
1427158237.617,25.938456
1427158237.633,31.485466
1427158237.648,36.07835
1427158237.664,39.819855
1427158237.679,43.15815
1427158237.695,46.732628
1427158237.711,51.25939
1427158237.726,57.308506
1427158237.742,65.101074
1427158237.758,74.2535
1427158237.773,83.649704
1427158237.789,91.46729
1427158237.804,95.59294
1427158237.82,94.224686
1427158237.836,86.57588
1427158237.851,73.22046
1427158237.867,55.990593
1427158237.883,37.343437
1427158237.898,19.529358
1427158237.914,3.970417
1427158237.929,-8.901257
1427158237.945,-19.361668
1427158237.961,-27.870403
1427158237.976,-34.67677
1427158237.992,-39.737877
1427158238.008,-42.94594
1427158238.023,-44.397423
1427158238.039,-44.548225
1427158238.054,-44.093086
1427158238.07,-43.726864
1427158238.086,-43.862717
1427158238.101,-44.560936
1427158238.117,-45.54345
1427158238.133,-46.398804
1427158238.148,-46.81678
1427158238.164,-46.72318
1427158238.179,-46.28495
1427158238.195,-45.806602
1427158238.211,-45.509117
1427158238.226,-45.381638
1427158238.242,-45.079956
1427158238.258,-44.075317
1427158238.273,-41.860535
1427158238.289,-38.226776
1427158238.304,-33.39132
1427158238.32,-27.923916
1427158238.336,-22.499016
1427158238.351,-17.601826
1427158238.367,-13.316086
1427158238.383,-9.334053
1427158238.398,-5.154022
1427158238.414,-0.32966995
1427158238.429,5.2995453
1427158238.445,11.532806
1427158238.461,17.913097
1427158238.476,23.914063
1427158238.492,29.146126
1427158238.508,33.501892
1427158238.523,37.18206
1427158238.539,40.605003
1427158238.554,44.333523
1427158238.57,48.924297
1427158238.586,54.83976
1427158238.601,62.221
1427158238.617,70.69357
1427158238.633,79.168846
1427158238.648,85.93321
1427158238.664,89.01015
1427158238.679,86.80971
1427158238.695,78.757065
1427158238.711,65.620834
1427158238.726,49.243977
1427158238.742,31.946331
1427158238.758,15.705074
1427158238.773,1.6915245
1427158238.789,-9.78669
1427158238.804,-18.933868
1427158238.82,-26.039497
1427158238.836,-31.209988
1427158238.851,-34.42775
1427158238.867,-35.745342
1427158238.883,-35.47641
1427158238.898,-34.19179
1427158238.914,-32.574413
1427158238.929,-31.205162
1427158238.945,-30.416672
1427158238.961,-30.265923
1427158238.976,-30.638836
1427158238.992,-31.332603
1427158239.008,-32.168465
1427158239.023,-32.968407
1427158239.039,-33.593716
1427158239.054,-33.87002
1427158239.07,-33.63465
1427158239.086,-32.699066
1427158239.101,-30.966099
1427158239.117,-28.466034
1427158239.133,-25.377735
1427158239.148,-21.965504
1427158239.164,-18.46194
1427158239.179,-14.94466
1427158239.195,-11.282173
1427158239.211,-7.2007256
1427158239.226,-2.4607353
1427158239.242,2.98555
1427158239.258,8.909412
1427158239.273,14.88805
1427158239.289,20.49208
1427158239.304,25.461552
1427158239.32,29.803474
1427158239.336,33.809002
1427158239.351,37.937073
1427158239.367,42.73012
1427158239.383,48.65135
1427158239.398,55.881252
1427158239.414,64.054306
1427158239.429,72.09822
1427158239.445,78.29697
1427158239.461,80.7411
1427158239.476,77.94252
1427158239.492,69.4794
1427158239.508,56.187702
1427158239.523,39.940582
1427158239.539,22.95884
1427158239.554,7.125763
1427158239.57,-6.475582
1427158239.586,-17.54036
1427158239.601,-26.274689
1427158239.617,-32.999535
1427158239.633,-37.9311
1427158239.648,-41.176857
1427158239.664,-42.89594
1427158239.68,-43.395527
1427158239.695,-43.14583
1427158239.711,-42.61762
1427158239.726,-42.15629
1427158239.742,-41.875526
1427158239.758,-41.722363
1427158239.773,-41.55366
1427158239.789,-41.300816
1427158239.804,-40.99908
1427158239.82,-40.75887
1427158239.836,-40.612774
1427158239.851,-40.422913
1427158239.867,-39.85164
1427158239.883,-38.50916
1427158239.898,-36.094006
1427158239.914,-32.597645
1427158239.93,-28.262356
1427158239.945,-23.498692
1427158239.961,-18.662579
1427158239.976,-13.913731
1427158239.992,-9.182743
1427158240.008,-4.283413
1427158240.023,0.9590912
1427158240.039,6.5673103
1427158240.055,12.396839
1427158240.07,18.161137
1427158240.086,23.582207
1427158240.101,28.493046
1427158240.117,32.933987
1427158240.133,37.16364
1427158240.148,41.64012
1427158240.164,46.89476
1427158240.18,53.3989
1427158240.195,61.329216
1427158240.211,70.307396
1427158240.226,79.25195
1427158240.242,86.45755
1427158240.258,89.94683
1427158240.273,88.13562
1427158240.289,80.3876
1427158240.305,67.3528
1427158240.32,50.76173
1427158240.336,32.890907
1427158240.351,15.7999115
1427158240.367,0.8359432
1427158240.383,-11.532312
1427158240.398,-21.462084
1427158240.414,-29.33256
1427158240.43,-35.468414
1427158240.445,-40.017414
1427158240.461,-43.051933
1427158240.476,-44.740505
1427158240.492,-45.421837
1427158240.508,-45.54186
1427158240.523,-45.53815
1427158240.539,-45.720356
1427158240.555,-46.160072
1427158240.57,-46.740902
1427158240.586,-47.215454
1427158240.601,-47.377563
1427158240.617,-47.154255
1427158240.633,-46.669937
1427158240.648,-46.12674
1427158240.664,-45.6377
1427158240.68,-45.087463
1427158240.695,-44.104996
1427158240.711,-42.21206
1427158240.726,-39.04839
1427158240.742,-34.587887
1427158240.758,-29.205135
1427158240.773,-23.550816
1427158240.789,-18.261032
1427158240.805,-13.665586
1427158240.82,-9.6677
1427158240.836,-5.783327
1427158240.851,-1.4402428
1427158240.867,3.7506313
1427158240.883,9.76425
1427158240.898,16.190823
1427158240.914,22.43174
1427158240.93,27.995354
1427158240.945,32.67928
1427158240.961,36.69022
1427158240.976,40.516434
1427158240.992,44.77008
1427158241.008,50.059456
1427158241.023,56.824738
1427158241.039,65.13638
1427158241.055,74.50943
1427158241.07,83.71027
1427158241.086,90.84992
1427158241.101,93.80793
1427158241.117,90.96316
1427158241.133,81.81854
1427158241.148,67.32279
1427158241.164,49.536934
1427158241.18,30.951988
1427158241.195,13.613825
1427158241.211,-1.3592577
1427158241.226,-13.793761
1427158241.242,-24.03201
1427158241.258,-32.437588
1427158241.273,-39.087605
1427158241.289,-43.82386
1427158241.305,-46.50005
1427158241.32,-47.2639
1427158241.336,-46.615276
1427158241.351,-45.279053
1427158241.367,-43.94941
1427158241.383,-43.084053
1427158241.398,-42.83095
1427158241.414,-43.04974
1427158241.43,-43.468727
1427158241.445,-43.83432
1427158241.461,-43.974525
1427158241.476,-43.810482
1427158241.492,-43.280777
1427158241.508,-42.30908
1427158241.523,-40.73492
1427158241.539,-38.40706
1427158241.555,-35.248344
1427158241.57,-31.36704
1427158241.586,-26.981579
1427158241.601,-22.34708
1427158241.617,-17.597563
1427158241.633,-12.675169
1427158241.648,-7.407529
1427158241.664,-1.6434348
1427158241.68,4.5973196
1427158241.695,11.074942
1427158241.711,17.41571
1427158241.726,23.25893
1427158241.742,28.447489
1427158241.758,33.095512
1427158241.773,37.571266
1427158241.789,42.392345
1427158241.805,48.127647
1427158241.82,55.148983
1427158241.836,63.39469
1427158241.851,72.09538
1427158241.867,79.769066
1427158241.883,84.48261
1427158241.898,84.44384
1427158241.914,78.656044
1427158241.93,67.35703
1427158241.945,51.99743
1427158241.961,34.751606
1427158241.976,17.769974
1427158241.992,2.6070423
1427158242.008,-10.035896
1427158242.023,-20.107635
1427158242.039,-27.82162
1427158242.055,-33.33015
1427158242.07,-36.705597
1427158242.086,-38.04038
1427158242.101,-37.676674
1427158242.117,-36.246445
1427158242.133,-34.582207
1427158242.148,-33.40574
1427158242.164,-33.123245
1427158242.18,-33.69598
1427158242.195,-34.729298
1427158242.211,-35.698555
1427158242.226,-36.196434
1427158242.242,-36.070824
1427158242.258,-35.45833
1427158242.273,-34.632236
1427158242.289,-33.831047
1427158242.305,-33.09275
1427158242.32,-32.174072
1427158242.336,-30.601192
1427158242.352,-27.85256
1427158242.367,-23.565172
1427158242.383,-17.7198
1427158242.398,-10.728767
1427158242.414,-3.3022003
1427158242.43,3.8081093
1427158242.445,10.09547
1427158242.461,15.532215
1427158242.476,20.517426
1427158242.492,25.692177
1427158242.508,31.67548
1427158242.523,38.857628
1427158242.539,47.278423
1427158242.555,56.664063
1427158242.57,66.30051
1427158242.586,75.0455
1427158242.602,81.34671
1427158242.617,83.52651
1427158242.633,80.283424
1427158242.648,71.23897
1427158242.664,57.210396
1427158242.68,40.050083
1427158242.695,22.050465
1427158242.711,5.227524
1427158242.727,-9.228443
1427158242.742,-21.025688
1427158242.758,-30.476437
1427158242.773,-38.02835
1427158242.789,-43.905212
1427158242.805,-48.0714
1427158242.82,-50.406784
1427158242.836,-50.920143
1427158242.852,-49.95017
1427158242.867,-48.127247
1427158242.883,-46.190838
1427158242.898,-44.752014
1427158242.914,-44.102806
1427158242.93,-44.130444
1427158242.945,-44.4324
1427158242.961,-44.520187
1427158242.977,-44.006233
1427158242.992,-42.734474
1427158243.008,-40.813488
1427158243.023,-38.46495
1427158243.039,-35.910446
1427158243.055,-33.216194
1427158243.07,-30.247585
1427158243.086,-26.720604
1427158243.102,-22.31414
1427158243.117,-16.827545
1427158243.133,-10.309315
1427158243.148,-3.1037903
1427158243.164,4.2595215
1427158243.18,11.224831
1427158243.195,17.434013
1427158243.211,22.85492
1427158243.227,27.751144
1427158243.242,32.568443
1427158243.258,37.77954
1427158243.273,43.795944
1427158243.289,50.91868
1427158243.305,59.308968
1427158243.32,68.74532
1427158243.336,78.41852
1427158243.352,86.77881
1427158243.367,91.78469
1427158243.383,91.47239
1427158243.398,84.734505
1427158243.414,71.83522
1427158243.43,54.41194
1427158243.445,34.933075
1427158243.461,15.829727
1427158243.477,-1.1989136
1427158243.492,-15.42865
1427158243.508,-26.920753
1427158243.523,-36.042976
1427158243.539,-43.10726
1427158243.555,-48.226753
1427158243.57,-51.512283
1427158243.586,-53.176163
1427158243.602,-53.725517
1427158243.617,-53.75264
1427158243.633,-53.788025
1427158243.648,-54.079285
1427158243.664,-54.54664
1427158243.68,-54.892403
1427158243.695,-54.812492
1427158243.711,-54.19184
1427158243.727,-53.16665
1427158243.742,-52.05722
1427158243.758,-51.14515
1427158243.773,-50.470795
1427158243.789,-49.7509
1427158243.805,-48.482193
1427158243.82,-46.165573
1427158243.836,-42.54396
1427158243.852,-37.76909
1427158243.867,-32.294243
1427158243.883,-26.70034
1427158243.898,-21.419365
1427158243.914,-16.568802
1427158243.93,-11.914482
1427158243.945,-7.033943
1427158243.961,-1.4798126
1427158243.977,4.9268074
1427158243.992,12.031155
1427158244.008,19.365234
1427158244.023,26.315918
1427158244.039,32.378296
1427158244.055,37.36838
1427158244.07,41.519405
1427158244.086,45.455357
1427158244.102,50.002453
1427158244.117,55.951057
1427158244.133,63.74156
1427158244.148,73.183365
1427158244.164,83.26851
1427158244.18,92.19243
1427158244.195,97.74516
1427158244.211,97.95032
1427158244.227,91.74093
1427158244.242,79.40753
1427158244.258,62.516975
1427158244.273,43.427723
1427158244.289,24.468903
1427158244.305,7.330776
1427158244.32,-7.188568
1427158244.336,-19.000427
1427158244.352,-28.36702
1427158244.367,-35.528847
1427158244.383,-40.630272
1427158244.398,-43.813007
1427158244.414,-45.376823
1427158244.43,-45.802464
1427158244.445,-45.669914
1427158244.461,-45.443157
1427158244.477,-45.37675
1427158244.492,-45.484165
1427158244.508,-45.64788
1427158244.523,-45.735928
1427158244.539,-45.693295
1427158244.555,-45.512897
1427158244.57,-45.207798
1427158244.586,-44.705666
1427158244.602,-43.83764
1427158244.617,-42.362007
1427158244.633,-40.07737
1427158244.648,-36.921772
1427158244.664,-33.020237
1427158244.68,-28.651924
1427158244.695,-24.130669
1427158244.711,-19.649174
1427158244.727,-15.219658
1427158244.742,-10.674793
1427158244.758,-5.759918
1427158244.773,-0.28591537
1427158244.789,5.7224274
1427158244.805,12.014893
1427158244.82,18.195267
1427158244.836,23.854557
1427158244.852,28.779396
1427158244.867,33.038776
1427158244.883,36.99223
1427158244.898,41.239952
1427158244.914,46.429806
1427158244.93,53.075726
1427158244.945,61.255535
1427158244.961,70.34422
1427158244.977,78.9229
1427158244.992,84.97598
1427158245.008,86.44796
1427158245.023,81.954926
1427158245.039,71.37323
1427158245.055,55.993565
1427158245.07,38.052433
1427158245.086,19.984245
1427158245.102,3.6230354
1427158245.117,-10.175854
1427158245.133,-21.371883
1427158245.148,-30.331024
1427158245.164,-37.34558
1427158245.18,-42.454628
1427158245.195,-45.62225
1427158245.211,-46.96556
1427158245.227,-46.977688
1427158245.242,-46.372852
1427158245.258,-45.861214
1427158245.274,-45.827618
1427158245.289,-46.281727
1427158245.305,-46.89618
1427158245.32,-47.29435
1427158245.336,-47.263145
1427158245.352,-46.821014
1427158245.367,-46.1493
1427158245.383,-45.42121
1427158245.399,-44.662067
1427158245.414,-43.67276
1427158245.43,-42.12777
1427158245.445,-39.7282
1427158245.461,-36.335743
1427158245.477,-32.079967
1427158245.492,-27.264847
1427158245.508,-22.308868
1427158245.524,-17.524216
1427158245.539,-13.0450115
1427158245.555,-8.756205
1427158245.57,-4.3454275
1427158245.586,0.5650058
1427158245.602,6.218538
1427158245.617,12.560858
1427158245.633,19.248274
1427158245.649,25.725315
1427158245.664,31.487463
1427158245.68,36.3075
1427158245.695,40.38243
1427158245.711,44.287933
1427158245.727,48.79903
1427158245.742,54.63368
1427158245.758,62.166077
1427158245.774,71.14863
1427158245.789,80.56628
1427158245.805,88.7078
1427158245.82,93.52088
1427158245.836,93.204475
1427158245.852,86.82913
1427158245.867,74.754524
1427158245.883,58.539906
1427158245.899,40.45064
1427158245.914,22.67838
1427158245.93,6.7131677
1427158245.945,-6.883095
1427158245.961,-18.209457
1427158245.977,-27.615513
1427158245.992,-35.282658
1427158246.008,-41.117844
1427158246.024,-44.940002
1427158246.039,-46.747383
1427158246.055,-46.908695
1427158246.07,-46.117558
1427158246.086,-45.170284
1427158246.102,-44.69126
1427158246.117,-44.9004
1427158246.133,-45.60621
1427158246.149,-46.357117
1427158246.164,-46.69094
1427158246.18,-46.386864
1427158246.195,-45.54373
1427158246.211,-44.483616
1427158246.227,-43.559097
1427158246.242,-42.893517
1427158246.258,-42.295937
1427158246.274,-41.309994
1427158246.289,-39.44467
1427158246.305,-36.39804
1427158246.32,-32.218483
1427158246.336,-27.29683
1427158246.352,-22.199238
1427158246.367,-17.428972
1427158246.383,-13.218979
1427158246.399,-9.442101
1427158246.414,-5.6630135
1427158246.43,-1.358181
1427158246.445,3.8047028
1427158246.461,9.83157
1427158246.477,16.357891
1427158246.492,22.802666
1427158246.508,28.60373
1427158246.524,33.471012
1427158246.539,37.472073
1427158246.555,40.99028
1427158246.57,44.57833
1427158246.586,48.83136
1427158246.602,54.239063
1427158246.617,61.0999
1427158246.633,69.3213
1427158246.649,78.193375
1427158246.664,86.33977
1427158246.68,91.86017
1427158246.695,92.839096
1427158246.711,88.045425
1427158246.727,77.41933
1427158246.742,62.22522
1427158246.758,44.60037
1427158246.774,26.858795
1427158246.789,10.758587
1427158246.805,-2.8524742
1427158246.82,-13.957577
1427158246.836,-22.938042
1427158246.852,-30.159912
1427158246.867,-35.752216
1427158246.883,-39.667717
1427158246.899,-41.936245
1427158246.914,-42.779964
1427158246.93,-42.64076
1427158246.945,-42.060497
1427158246.961,-41.461998
1427158246.977,-41.06258
1427158246.992,-40.855568
1427158247.008,-40.75633
1427158247.024,-40.65531
1427158247.039,-40.50171
1427158247.055,-40.235367
1427158247.07,-39.775215
1427158247.086,-38.952065
1427158247.102,-37.573044
1427158247.117,-35.468777
1427158247.133,-32.616383
1427158247.149,-29.1237
1427158247.164,-25.208317
1427158247.18,-21.09124
1427158247.195,-16.879578
1427158247.211,-12.55146
1427158247.227,-8.000221
1427158247.242,-3.1069336
1427158247.258,2.133873
1427158247.274,7.6177597
1427158247.289,13.145195
1427158247.305,18.471725
1427158247.32,23.4048
1427158247.336,27.88382
1427158247.352,31.99553
1427158247.367,36.049133
1427158247.383,40.51033
1427158247.399,45.884727
1427158247.414,52.501633
1427158247.43,60.202827
1427158247.445,68.10745
1427158247.461,74.69487
1427158247.477,78.12552
1427158247.492,76.86048
1427158247.508,70.23558
1427158247.524,58.76638
1427158247.539,43.970528
1427158247.555,27.901077
1427158247.57,12.439499
1427158247.586,-1.1504974
1427158247.602,-12.38295
1427158247.617,-21.32531
1427158247.633,-28.234993
1427158247.649,-33.261604
1427158247.664,-36.409775
1427158247.68,-37.677315
1427158247.695,-37.289993
1427158247.711,-35.7642
1427158247.727,-33.84436
1427158247.742,-32.240265
1427158247.758,-31.40892
1427158247.774,-31.391113
1427158247.789,-31.877243
1427158247.805,-32.370407
1427158247.82,-32.47464
1427158247.836,-31.998962
1427158247.852,-31.020996
1427158247.867,-29.772385
1427158247.883,-28.492722
1427158247.899,-27.246696
1427158247.914,-25.863739
1427158247.93,-23.956635
1427158247.946,-21.096313
1427158247.961,-16.997429
1427158247.977,-11.686638
1427158247.992,-5.535057
1427158248.008,0.83071136
1427158248.024,6.8067703
1427158248.039,12.026474
1427158248.055,16.49604
1427158248.071,20.552841
1427158248.086,24.724968
1427158248.102,29.518555
1427158248.117,35.328606
1427158248.133,42.33596
1427158248.149,50.453804
1427158248.164,59.164146
1427158248.18,67.416794
1427158248.196,73.660995
1427158248.211,76.180336
1427158248.227,73.62236
1427158248.242,65.60344
1427158248.258,52.929115
1427158248.274,37.419937
1427158248.289,21.28304
1427158248.305,6.405678
1427158248.321,-6.1610603
1427158248.336,-16.238686
1427158248.352,-24.216793
1427158248.367,-30.57418
1427158248.383,-35.58114
1427158248.399,-39.221504
1427158248.414,-41.393764
1427158248.43,-42.10828
1427158248.446,-41.651745
1427158248.461,-40.512375
1427158248.477,-39.253128
1427158248.492,-38.310017
1427158248.508,-37.88002
1427158248.524,-37.892063
1427158248.539,-38.089775
1427158248.555,-38.16422
1427158248.571,-37.872
1427158248.586,-37.08292
1427158248.602,-35.807957
1427158248.617,-34.09624
1427158248.633,-32.003426
1427158248.649,-29.543293
1427158248.664,-26.713604
1427158248.68,-23.5014
1427158248.696,-19.911072
1427158248.711,-15.934948
1427158248.727,-11.543285
1427158248.742,-6.6630554
1427158248.758,-1.2257919
1427158248.774,4.7638817
1427158248.789,11.143505
1427158248.805,17.637344
1427158248.821,23.910576
1427158248.836,29.683167
1427158248.852,34.89927
1427158248.867,39.765896
1427158248.883,44.742775
1427158248.899,50.41897
1427158248.914,57.26076
1427158248.93,65.30888
1427158248.946,73.872696
1427158248.961,81.5231
1427158248.977,86.364586
1427158248.992,86.60592
1427158249.008,81.233055
1427158249.024,70.45598
1427158249.039,55.6478
1427158249.055,38.879265
1427158249.071,22.182968
1427158249.086,7.0002747
1427158249.102,-6.0422935
1427158249.117,-16.919365
1427158249.133,-25.843037
1427158249.149,-32.94328
1427158249.164,-38.2512
1427158249.18,-41.80832
1427158249.196,-43.848103
1427158249.211,-44.796276
1427158249.227,-45.18907
1427158249.242,-45.448242
1427158249.258,-45.752552
1427158249.274,-46.044918
1427158249.289,-46.130028
1427158249.305,-45.824696
1427158249.321,-45.10191
1427158249.336,-44.125957
1427158249.352,-43.158
1427158249.367,-42.41004
1427158249.383,-41.914497
1427158249.399,-41.3947
1427158249.414,-40.419518
1427158249.43,-38.505146
1427158249.446,-35.39174
1427158249.461,-31.139389
1427158249.477,-26.164726
1427158249.492,-21.033401
1427158249.508,-16.27847
1427158249.524,-12.122028
1427158249.539,-8.433628
1427158249.555,-4.7671623
1427158249.571,-0.5849991
1427158249.586,4.4639015
1427158249.602,10.371311
1427158249.617,16.747166
1427158249.633,22.99784
1427158249.649,28.579826
1427158249.664,33.258583
1427158249.68,37.22439
1427158249.696,40.988556
1427158249.711,45.25243
1427158249.727,50.652336
1427158249.742,57.566605
1427158249.758,65.88945
1427158249.774,74.87846
1427158249.789,83.13622
1427158249.805,88.76198
1427158249.821,89.90881
1427158249.836,85.354515
1427158249.852,75.06691
1427158249.867,60.282738
1427158249.883,43.098522
1427158249.899,25.758804
1427158249.914,9.907158
1427158249.93,-3.6882057
1427158249.946,-15.007904
1427158249.961,-24.331928
1427158249.977,-31.839134
1427158249.992,-37.454685
1427158250.008,-41.074528
1427158250.024,-42.791306
1427158250.039,-43.081306
1427158250.055,-42.693787
1427158250.071,-42.327423
1427158250.086,-42.409985
1427158250.102,-42.940132
1427158250.117,-43.63422
1427158250.133,-44.136917
1427158250.149,-44.26382
1427158250.164,-44.077988
1427158250.18,-43.785976
1427158250.196,-43.601707
1427158250.211,-43.5
1427158250.227,-43.22049
1427158250.242,-42.29856
1427158250.258,-40.333202
1427158250.274,-37.14623
1427158250.289,-32.935932
1427158250.305,-28.168
1427158250.321,-23.387894
1427158250.336,-18.92693
1427158250.352,-14.778469
1427158250.367,-10.585854
1427158250.383,-5.8855133
1427158250.399,-0.3528824
1427158250.414,5.965538
1427158250.43,12.669807
1427158250.446,19.188896
1427158250.461,25.012335
1427158250.477,29.917686
1427158250.492,34.029068
1427158250.508,37.732185
1427158250.524,41.54706
1427158250.539,46.03757
1427158250.555,51.677364
1427158250.571,58.713554
1427158250.586,66.95065
1427158250.602,75.49838
1427158250.618,82.80653
1427158250.633,86.91456
1427158250.649,86.077095
1427158250.664,79.389656
1427158250.68,67.23642
1427158250.696,51.180473
1427158250.711,33.482315
1427158250.727,16.326862
1427158250.742,1.2425995
1427158250.758,-11.186008
1427158250.774,-21.08968
1427158250.789,-28.93811
1427158250.805,-35.12175
1427158250.821,-39.802605
1427158250.836,-42.96627
1427158250.852,-44.641525
1427158250.868,-45.007027
1427158250.883,-44.469345
1427158250.899,-43.53195
1427158250.914,-42.657127
1427158250.93,-42.133778
1427158250.946,-42.03402
1427158250.961,-42.24645
1427158250.977,-42.570568
1427158250.993,-42.79493
1427158251.008,-42.731194
1427158251.024,-42.196426
1427158251.039,-41.03535
1427158251.055,-39.10971
1427158251.071,-36.375443
1427158251.086,-32.881737
1427158251.102,-28.821135
1427158251.118,-24.407356
1427158251.133,-19.797615
1427158251.149,-15.034252
1427158251.164,-9.996041
1427158251.18,-4.5274363
1427158251.196,1.4276247
1427158251.211,7.7388525
1427158251.227,14.07633
1427158251.243,20.048344
1427158251.258,25.373302
1427158251.274,30.028915
1427158251.289,34.25949
1427158251.305,38.545418
1427158251.321,43.42885
1427158251.336,49.4503
1427158251.352,56.87945
1427158251.368,65.568474
1427158251.383,74.69373
1427158251.399,82.75478
1427158251.414,87.8172
1427158251.43,88.090195
1427158251.446,82.53447
1427158251.461,71.338844
1427158251.477,55.88147
1427158251.493,38.282593
1427158251.508,20.656895
1427158251.524,4.5378895
1427158251.539,-9.378881
1427158251.555,-21.011744
1427158251.571,-30.55674
1427158251.586,-38.111954
1427158251.602,-43.675133
1427158251.618,-47.23362
1427158251.633,-49.002293
1427158251.649,-49.481087
1427158251.664,-49.347885
1427158251.68,-49.197613
1427158251.696,-49.355896
1427158251.711,-49.764606
1427158251.727,-50.12137
1427158251.743,-50.101482
1427158251.758,-49.550423
1427158251.774,-48.58552
1427158251.789,-47.53101
1427158251.805,-46.695644
1427158251.821,-46.18615
1427158251.836,-45.782776
1427158251.852,-45.042435
1427158251.868,-43.425438
1427158251.883,-40.583923
1427158251.899,-36.475647
1427158251.914,-31.447105
1427158251.93,-26.031345
1427158251.946,-20.809643
1427158251.961,-16.093807
1427158251.977,-11.846369
1427158251.993,-7.656044
1427158252.008,-2.9573956
1427158252.024,2.7010632
1427158252.039,9.413004
1427158252.055,16.796013
1427158252.071,24.139572
1427158252.086,30.709415
1427158252.102,36.060677
1427158252.118,40.241837
1427158252.133,43.76777
1427158252.149,47.44978
1427158252.164,52.09638
1427158252.18,58.31227
1427158252.196,66.26964
1427158252.211,75.54941
1427158252.227,85.02959
1427158252.243,92.990746
1427158252.258,97.38709
1427158252.274,96.46737
1427158252.289,89.349915
1427158252.305,76.41545
1427158252.321,59.255215
1427158252.336,40.132866
1427158252.352,21.250381
1427158252.368,4.170021
1427158252.383,-10.442482
1427158252.399,-22.587938
1427158252.414,-32.56965
1427158252.43,-40.605022
1427158252.446,-46.744293
1427158252.461,-50.935417
1427158252.477,-53.27291
1427158252.493,-54.09127
1427158252.508,-53.9515
1427158252.524,-53.492474
1427158252.539,-53.200993
1427158252.555,-53.261833
1427158252.571,-53.526314
1427158252.586,-53.640972
1427158252.602,-53.29077
1427158252.618,-52.40129
1427158252.633,-51.214947
1427158252.649,-50.12818
1427158252.664,-49.481876
1427158252.68,-49.258972
1427158252.696,-49.053585
1427158252.711,-48.204704
1427158252.727,-46.114517
1427158252.743,-42.503334
1427158252.758,-37.571587
1427158252.774,-31.88741
1427158252.789,-26.141573
1427158252.805,-20.832573
1427158252.821,-16.098986
1427158252.836,-11.69972
1427158252.852,-7.190445
1427158252.868,-2.1212692
1427158252.883,3.7184334
1427158252.899,10.193651
1427158252.914,16.871014
1427158252.93,23.190397
1427158252.946,28.69513
1427158252.961,33.2289
1427158252.977,36.996307
1427158252.993,40.53413
1427158253.008,44.549366
1427158253.024,49.778122
1427158253.039,56.684906
1427158253.055,65.29183
1427158253.071,74.92475
1427158253.086,84.195816
1427158253.102,91.18501
1427158253.118,93.928276
1427158253.133,91.00778
1427158253.149,82.12193
1427158253.164,68.2116
1427158253.18,51.1859
1427158253.196,33.311653
1427158253.211,16.522905
1427158253.227,1.9699802
1427158253.243,-10.021862
1427158253.258,-19.655537
1427158253.274,-27.285536
1427158253.29,-33.147385
1427158253.305,-37.276672
1427158253.321,-39.684105
1427158253.336,-40.491302
1427158253.352,-40.07557
1427158253.368,-38.98024
1427158253.383,-37.810875
1427158253.399,-37.02767
1427158253.414,-36.864574
1427158253.43,-37.252365
1427158253.446,-37.921555
1427158253.461,-38.53544
1427158253.477,-38.788933
1427158253.493,-38.49533
1427158253.508,-37.61696
1427158253.524,-36.184982
1427158253.54,-34.24828
1427158253.555,-31.821932
1427158253.571,-28.896984
1427158253.586,-25.43937
1427158253.602,-21.45646
1427158253.618,-16.96973
1427158253.633,-12.056194
1427158253.649,-6.8255157
1427158253.665,-1.3996639
1427158253.68,4.0897064
1427158253.696,9.523014
1427158253.711,14.804718
1427158253.727,19.881527
1427158253.743,24.754217
1427158253.758,29.517328
1427158253.774,34.397285
1427158253.79,39.751945
1427158253.805,46.010735
1427158253.821,53.471565
1427158253.836,62.0047
1427158253.852,70.764435
1427158253.868,78.171974
1427158253.883,82.23883
1427158253.899,81.22717
1427158253.915,74.28348
1427158253.93,61.89602
1427158253.946,45.744164
1427158253.961,28.11338
1427158253.977,11.161041
1427158253.993,-3.6879463
1427158254.008,-15.929222
1427158254.024,-25.700169
1427158254.04,-33.401382
1427158254.055,-39.304703
1427158254.071,-43.50108
1427158254.086,-45.956005
1427158254.102,-46.76858
1427158254.118,-46.264374
1427158254.133,-44.972736
1427158254.149,-43.482853
1427158254.165,-42.296146
1427158254.18,-41.696022
1427158254.196,-41.70173
1427158254.211,-42.10994
1427158254.227,-42.58534
1427158254.243,-42.77315
1427158254.258,-42.397484
1427158254.274,-41.30402
1427158254.29,-39.500866
1427158254.305,-37.06933
1427158254.321,-34.15493
1427158254.336,-30.838596
1427158254.352,-27.140865
1427158254.368,-22.977684
1427158254.383,-18.24784
1427158254.399,-12.899101
1427158254.415,-6.993305
1427158254.43,-0.7314911
1427158254.446,5.5915794
1427158254.461,11.672417
1427158254.477,17.314732
1427158254.493,22.502522
1427158254.508,27.392433
1427158254.524,32.282364
1427158254.54,37.53506
1427158254.555,43.559345
1427158254.571,50.67837
1427158254.586,59.037415
1427158254.602,68.32216
1427158254.618,77.56526
1427158254.633,85.14845
1427158254.649,89.1497
1427158254.665,87.9314
1427158254.68,80.77736
1427158254.696,68.20431
1427158254.711,51.851345
1427158254.727,33.882114
1427158254.743,16.296085
1427158254.758,0.41431427
1427158254.774,-13.221348
1427158254.79,-24.598618
1427158254.805,-33.84142
1427158254.821,-40.987053
1427158254.836,-45.98027
1427158254.852,-48.849586
1427158254.868,-49.879494
1427158254.883,-49.636803
1427158254.899,-48.8292
1427158254.915,-48.072334
1427158254.93,-47.710938
1427158254.946,-47.767937
1427158254.961,-48.005894
1427158254.977,-48.1179
1427158254.993,-47.885735
1427158255.008,-47.300953
1427158255.024,-46.533787
1427158255.04,-45.850025
1427158255.055,-45.385483
1427158255.071,-45.03067
1427158255.086,-44.351604
1427158255.102,-42.77215
1427158255.118,-39.78966
1427158255.133,-35.289185
1427158255.149,-29.604874
1427158255.165,-23.468052
1427158255.18,-17.65842
1427158255.196,-12.650059
1427158255.211,-8.415077
1427158255.227,-4.4343414
1427158255.243,-0.012283325
1427158255.258,5.357563
1427158255.274,11.732311
1427158255.29,18.668556
1427158255.305,25.464378
1427158255.321,31.468483
1427158255.336,36.389774
1427158255.352,40.3648
1427158255.368,43.917072
1427158255.383,47.7614
1427158255.399,52.630157
1427158255.415,59.046894
1427158255.43,67.16109
1427158255.446,76.49338
1427158255.461,85.85004
1427158255.477,93.40697
1427158255.493,97.11307
1427158255.508,95.301186
1427158255.524,87.33912
1427158255.54,73.86503
1427158255.555,56.632988
1427158255.571,37.890347
1427158255.586,19.6731
1427158255.602,3.2800407
1427158255.618,-10.782696
1427158255.633,-22.572433
1427158255.649,-32.26569
1427158255.665,-39.93163
1427158255.68,-45.50424
1427158255.696,-48.980133
1427158255.711,-50.586994
1427158255.727,-50.86228
1427158255.743,-50.51814
1427158255.758,-50.19107
1427158255.774,-50.275856
1427158255.79,-50.816574
1427158255.805,-51.55276
1427158255.821,-52.131348
1427158255.836,-52.253555
1427158255.852,-51.857594
1427158255.868,-51.08576
1427158255.883,-50.19833
1427158255.899,-49.356464
1427158255.915,-48.49313
1427158255.93,-47.28044
1427158255.946,-45.26699
1427158255.961,-42.098774
1427158255.977,-37.7222
1427158255.993,-32.424343
1427158256.008,-26.794872
1427158256.024,-21.41491
1427158256.04,-16.678518
1427158256.055,-12.596689
1427158256.071,-8.840141
1427158256.086,-4.8882713
1427158256.102,-0.29852486
1427158256.118,5.116333
1427158256.133,11.183435
1427158256.149,17.468027
1427158256.165,23.451653
1427158256.18,28.740242
1427158256.196,33.221325
1427158256.212,37.090767
1427158256.227,40.770653
1427158256.243,44.8311
1427158256.258,49.822384
1427158256.274,56.1839
1427158256.29,64.01777
1427158256.305,72.896866
1427158256.321,81.7258
1427158256.337,88.806366
1427158256.352,92.21825
1427158256.368,90.43189
1427158256.383,82.87701
1427158256.399,70.203384
1427158256.415,54.108566
1427158256.43,36.73488
1427158256.446,19.999445
1427158256.462,5.15497
1427158256.477,-7.3458424
1427158256.493,-17.538788
1427158256.508,-25.61737
1427158256.524,-31.687496
1427158256.54,-35.771732
1427158256.555,-37.92866
1427158256.571,-38.4296
1427158256.587,-37.787125
1427158256.602,-36.651894
1427158256.618,-35.636505
1427158256.633,-35.181274
1427158256.649,-35.454544
1427158256.665,-36.37107
1427158256.68,-37.681328
1427158256.696,-39.04841
1427158256.712,-40.15143
1427158256.727,-40.762436
1427158256.743,-40.741314
1427158256.758,-40.04071
1427158256.774,-38.633133
1427158256.79,-36.507824
1427158256.805,-33.6587
1427158256.821,-30.146545
1427158256.837,-26.056757
1427158256.852,-21.531557
1427158256.868,-16.685167
1427158256.883,-11.577738
1427158256.899,-6.171221
1427158256.915,-0.42029572
1427158256.93,5.683012
1427158256.946,11.980717
1427158256.962,18.221731
1427158256.977,24.095354
1427158256.993,29.420376
1427158257.008,34.243523
1427158257.024,38.89151
1427158257.04,43.891266
1427158257.055,49.798645
1427158257.071,56.930084
1427158257.087,65.10324
1427158257.102,73.43675
1427158257.118,80.38622
1427158257.133,84.08789
1427158257.149,82.904526
1427158257.165,76.0432
1427158257.18,63.902023
1427158257.196,47.99551
1427158257.212,30.451906
1427158257.227,13.361958
1427158257.243,-1.8135147
1427158257.258,-14.440205
1427158257.274,-24.52205
1427158257.29,-32.386063
1427158257.305,-38.3151
1427158257.321,-42.504753
1427158257.337,-45.05974
1427158257.352,-46.21881
1427158257.368,-46.387413
1427158257.383,-46.077755
1427158257.399,-45.74117
1427158257.415,-45.621834
1427158257.43,-45.692215
1427158257.446,-45.747643
1427158257.462,-45.58475
1427158257.477,-45.133644
1427158257.493,-44.51669
1427158257.508,-43.933002
1427158257.524,-43.490295
1427158257.54,-43.064667
1427158257.555,-42.275993
1427158257.571,-40.672173
1427158257.587,-37.925045
1427158257.602,-34.031315
1427158257.618,-29.307096
1427158257.633,-24.251951
1427158257.649,-19.29589
1427158257.665,-14.641756
1427158257.68,-10.190096
1427158257.696,-5.6387424
1427158257.712,-0.6756077
1427158257.727,4.8911133
1427158257.743,11.014872
1427158257.758,17.453756
1427158257.774,23.837393
1427158257.79,29.80307
1427158257.805,35.133186
1427158257.821,39.826813
1427158257.837,44.143135
1427158257.852,48.60006
1427158257.868,53.868553
1427158257.883,60.528236
1427158257.899,68.76648
1427158257.915,78.01606
1427158257.93,86.87617
1427158257.946,93.30772
1427158257.962,95.244385
1427158257.977,91.30968
1427158257.993,81.38166
1427158258.008,66.654396
1427158258.024,49.206787
1427158258.04,31.251842
1427158258.055,14.458485
1427158258.071,-0.36924744
1427158258.087,-13.121059
1427158258.102,-23.986994
1427158258.118,-33.06997
1427158258.133,-40.277817
1427158258.149,-45.472763
1427158258.165,-48.696922
1427158258.18,-50.303135
1427158258.196,-50.89718
1427158258.212,-51.12954
1427158258.227,-51.479416
1427158258.243,-52.167404
1427158258.258,-53.1612
1427158258.274,-54.23606
1427158258.29,-55.141068
1427158258.305,-55.637543
1427158258.321,-55.60013
1427158258.337,-55.02498
1427158258.352,-54.04834
1427158258.368,-52.82519
1427158258.383,-51.471817
1427158258.399,-49.95141
1427158258.415,-48.042553
1427158258.43,-45.43401
1427158258.446,-41.844864
1427158258.462,-37.20365
1427158258.477,-31.724852
1427158258.493,-25.83979
1427158258.508,-20.049282
1427158258.524,-14.737713
1427158258.54,-10.05653
1427158258.555,-5.8573
1427158258.571,-1.8229599
1427158258.587,2.4315853
1427158258.602,7.152849
1427158258.618,12.380881
1427158258.633,17.922092
1427158258.649,23.444931
1427158258.665,28.585037
1427158258.68,33.125214
1427158258.696,37.085766
1427158258.712,40.70738
1427158258.727,44.38726
1427158258.743,48.585354
1427158258.758,53.736202
1427158258.774,60.20179
1427158258.79,68.131775
1427158258.805,77.21808
1427158258.821,86.47681
1427158258.837,94.24088
1427158258.852,98.46917
1427158258.868,97.38537
1427158258.884,90.19907
1427158258.899,77.43777
1427158258.915,60.866245
1427158258.93,42.828197
1427158258.946,25.436275
1427158258.962,10.014154
1427158258.977,-3.0668898
1427158258.993,-14.023301
1427158259.009,-23.231323
1427158259.024,-30.840054
1427158259.04,-36.77777
1427158259.055,-40.922413
1427158259.071,-43.37121
1427158259.087,-44.55198
1427158259.102,-45.108242
1427158259.118,-45.702133
1427158259.134,-46.7449
1427158259.149,-48.24694
1427158259.165,-49.880356
1427158259.18,-51.14161
1427158259.196,-51.631474
1427158259.212,-51.218006
1427158259.227,-50.107273
1427158259.243,-48.658478
1427158259.259,-47.231384
1427158259.274,-45.905643
1427158259.29,-44.478565
1427158259.305,-42.545975
1427158259.321,-39.718376
1427158259.337,-35.80473
1427158259.352,-30.965048
1427158259.368,-25.615953
1427158259.384,-20.29105
1427158259.399,-15.432672
1427158259.415,-11.238366
1427158259.43,-7.5738444
1427158259.446,-4.093272
1427158259.462,-0.33645654
1427158259.477,4.033643
1427158259.493,9.105733
1427158259.509,14.666597
1427158259.524,20.277927
1427158259.54,25.455143
1427158259.555,29.856781
1427158259.571,33.433094
1427158259.587,36.459377
1427158259.602,39.443573
1427158259.618,43.0212
1427158259.634,47.784748
1427158259.649,54.100006
1427158259.665,61.90707
1427158259.68,70.54325
1427158259.696,78.65211
1427158259.712,84.42659
1427158259.727,86.01387
1427158259.743,82.1682
1427158259.759,72.71904
1427158259.774,58.70374
1427158259.79,42.06881
1427158259.805,24.984392
1427158259.821,9.200062
1427158259.837,-4.357088
1427158259.852,-15.546612
1427158259.868,-24.676888
1427158259.884,-32.089756
1427158259.899,-37.91
1427158259.915,-42.07605
1427158259.93,-44.535812
1427158259.946,-45.483414
1427158259.962,-45.41148
1427158259.977,-44.99531
1427158259.993,-44.824066
1427158260.009,-45.1877
1427158260.024,-45.962345
1427158260.04,-46.75984
1427158260.055,-47.17759
1427158260.071,-47.022144
1427158260.087,-46.39922
1427158260.102,-45.63086
1427158260.118,-44.963905
1427158260.134,-44.410885
1427158260.149,-43.613842
1427158260.165,-42.01855
1427158260.18,-39.15641
1427158260.196,-34.908707
1427158260.212,-29.6246
1427158260.227,-23.950283
1427158260.243,-18.58831
1427158260.259,-13.949116
1427158260.274,-9.992123
1427158260.29,-6.296545
1427158260.305,-2.2641
1427158260.321,2.5465927
1427158260.337,8.220779
1427158260.352,14.462416
1427158260.368,20.743925
1427158260.384,26.548388
1427158260.399,31.581509
1427158260.415,35.841537
1427158260.43,39.618637
1427158260.446,43.37371
1427158260.462,47.697998
1427158260.477,53.109047
1427158260.493,59.95179
1427158260.509,68.10387
1427158260.524,76.7827
1427158260.54,84.529854
1427158260.555,89.464165
1427158260.571,89.8417
1427158260.587,84.64061
1427158260.602,73.99379
1427158260.618,59.181484
1427158260.634,42.189716
1427158260.649,25.079956
1427158260.665,9.389943
1427158260.68,-4.1196632
1427158260.696,-15.391024
1427158260.712,-24.742544
1427158260.727,-32.50006
1427158260.743,-38.782745
1427158260.759,-43.55266
1427158260.774,-46.72219
1427158260.79,-48.39501
1427158260.805,-48.905884
1427158260.821,-48.80389
1427158260.837,-48.620567
1427158260.852,-48.740906
1427158260.868,-49.244247
1427158260.884,-49.981613
1427158260.899,-50.709343
1427158260.915,-51.242935
1427158260.93,-51.513985
1427158260.946,-51.563316
1427158260.962,-51.42102
1427158260.977,-51.046684
1427158260.993,-50.28385
1427158261.009,-48.9368
1427158261.024,-46.79946
1427158261.04,-43.804955
1427158261.055,-39.979713
1427158261.071,-35.488483
1427158261.087,-30.567112
1427158261.102,-25.47851
1427158261.118,-20.438505
1427158261.134,-15.568972
1427158261.149,-10.908215
1427158261.165,-6.406288
1427158261.18,-1.9601822
1427158261.196,2.5431023
1427158261.212,7.2382736
1427158261.227,12.222626
1427158261.243,17.515083
1427158261.259,23.021809
1427158261.274,28.503063
1427158261.29,33.644657
1427158261.305,38.19123
1427158261.321,42.057423
1427158261.337,45.43795
1427158261.352,48.754864
1427158261.368,52.594776
1427158261.384,57.53632
1427158261.399,63.996723
1427158261.415,71.99468
1427158261.43,80.97624
1427158261.446,89.65091
1427158261.462,96.18106
1427158261.477,98.56883
1427158261.493,95.34926
1427158261.509,86.10585
1427158261.524,71.735794
1427158261.54,54.143654
1427158261.556,35.624424
1427158261.571,18.099464
1427158261.587,2.7186317
1427158261.602,-10.219906
1427158261.618,-20.944355
1427158261.634,-29.792885
1427158261.649,-36.937798
1427158261.665,-42.372276
1427158261.681,-46.027523
1427158261.696,-48.020744
1427158261.712,-48.707123
1427158261.727,-48.623814
1427158261.743,-48.35146
1427158261.759,-48.306557
1427158261.774,-48.644848
1427158261.79,-49.255234
1427158261.806,-49.85105
1427158261.821,-50.12718
1427158261.837,-49.898197
1427158261.852,-49.163746
1427158261.868,-48.03623
1427158261.884,-46.67915
1427158261.899,-45.17147
1427158261.915,-43.49121
1427158261.931,-41.493366
1427158261.946,-38.995758
1427158261.962,-35.844673
1427158261.977,-32.010754
1427158261.993,-27.606884
1427158262.009,-22.899822
1427158262.024,-18.227478
1427158262.04,-13.866245
1427158262.056,-9.901241
1427158262.071,-6.216675
1427158262.087,-2.4937897
1427158262.102,1.590538
1427158262.118,6.261795
1427158262.134,11.499817
1427158262.149,17.063408
1427158262.165,22.55178
1427158262.181,27.5858
1427158262.196,31.940613
1427158262.212,35.65341
1427158262.227,39.016045
1427158262.243,42.47872
1427158262.259,46.56077
1427158262.274,51.713547
1427158262.29,58.20401
1427158262.306,65.986946
1427158262.321,74.48362
1427158262.337,82.51812
1427158262.352,88.40027
1427158262.368,90.318695
1427158262.384,86.918526
1427158262.399,77.88236
1427158262.415,64.10484
1427158262.431,47.463615
1427158262.446,30.174988
1427158262.462,14.1098175
1427158262.477,0.32182312
1427158262.493,-10.941566
1427158262.509,-19.902298
1427158262.524,-26.899307
1427158262.54,-32.11149
1427158262.556,-35.596245
1427158262.571,-37.47802
1427158262.587,-38.026436
1427158262.602,-37.689903
1427158262.618,-36.936028
1427158262.634,-36.16368
1427158262.649,-35.605637
1427158262.665,-35.376038
1427158262.681,-35.494385
1427158262.696,-35.9355
1427158262.712,-36.613403
1427158262.727,-37.366188
1427158262.743,-37.979782
1427158262.759,-38.216537
1427158262.774,-37.84481
1427158262.79,-36.723488
1427158262.806,-34.791115
1427158262.821,-32.07659
1427158262.837,-28.677757
1427158262.852,-24.744553
1427158262.868,-20.410606
1427158262.884,-15.81086
1427158262.899,-10.987686
1427158262.915,-5.925186
1427158262.931,-0.5679016
1427158262.946,5.053993
1427158262.962,10.831902
1427158262.977,16.520302
1427158262.993,21.883888
1427158263.009,26.789307
1427158263.024,31.330734
1427158263.04,35.835754
1427158263.056,40.79277
1427158263.071,46.679558
1427158263.087,53.75856
1427158263.102,61.801903
1427158263.118,69.981636
1427158263.134,76.88788
1427158263.149,80.82495
1427158263.165,80.279366
1427158263.181,74.47012
1427158263.196,63.653328
1427158263.212,49.11758
1427158263.227,32.749096
1427158263.243,16.473797
1427158263.259,1.7113228
1427158263.274,-10.818428
1427158263.29,-21.024109
1427158263.306,-29.117344
1427158263.321,-35.334656
1427158263.337,-39.788918
1427158263.352,-42.5452
1427158263.368,-43.73868
1427158263.384,-43.690063
1427158263.399,-42.879745
1427158263.415,-41.84548
1427158263.431,-41.002735
1427158263.446,-40.558266
1427158263.462,-40.458992
1427158263.477,-40.546978
1427158263.493,-40.637386
1427158263.509,-40.658188
1427158263.524,-40.61358
1427158263.54,-40.50275
1427158263.556,-40.184425
1427158263.571,-39.37746
1427158263.587,-37.722206
1427158263.602,-34.986305
1427158263.618,-31.184452
1427158263.634,-26.621239
1427158263.649,-21.773228
1427158263.665,-17.076225
1427158263.681,-12.758263
1427158263.696,-8.735836
1427158263.712,-4.6783295
1427158263.727,-0.17925262
1427158263.743,5.057255
1427158263.759,11.038113
1427158263.774,17.485573
1427158263.79,23.891209
1427158263.806,29.753685
1427158263.821,34.793457
1427158263.837,39.103207
1427158263.852,43.144974
1427158263.868,47.63802
1427158263.884,53.30068
1427158263.899,60.56536
1427158263.915,69.2673
1427158263.931,78.4864
1427158263.946,86.60704
1427158263.962,91.64569
1427158263.977,91.844986
1427158263.993,86.24452
1427158264.009,75.063065
1427158264.024,59.66697
1427158264.04,42.102543
1427158264.056,24.495499
1427158264.071,8.455067
1427158264.087,-5.1864586
1427158264.102,-16.293308
1427158264.118,-25.134941
1427158264.134,-32.087074
1427158264.149,-37.466206
1427158264.165,-41.51149
1427158264.181,-44.477158
1427158264.196,-46.65177
1427158264.212,-48.335854
1427158264.228,-49.803123
1427158264.243,-51.21821
1427158264.259,-52.58827
1427158264.274,-53.755295
1427158264.29,-54.50205
1427158264.306,-54.61977
1427158264.321,-54.05363
1427158264.337,-52.934883
1427158264.352,-51.577507
1427158264.368,-50.27536
1427158264.384,-49.17362
1427158264.399,-48.085457
1427158264.415,-46.589516
1427158264.431,-44.182823
1427158264.446,-40.538734
1427158264.462,-35.70876
1427158264.478,-30.074799
1427158264.493,-24.20168
1427158264.509,-18.567146
1427158264.524,-13.3531475
1427158264.54,-8.394331
1427158264.556,-3.314663
1427158264.571,2.2199135
1427158264.587,8.315779
1427158264.603,14.751099
1427158264.618,21.09923
1427158264.634,26.882679
1427158264.649,31.819378
1427158264.665,35.93087
1427158264.681,39.559635
1427158264.696,43.24395
1427158264.712,47.626892
1427158264.728,53.269123
1427158264.743,60.44837
1427158264.759,68.97652
1427158264.774,78.02884
1427158264.79,86.12489
1427158264.806,91.399
1427158264.821,92.07449
1427158264.837,87.08214
1427158264.853,76.466446
1427158264.868,61.457497
1427158264.884,44.07141
1427158264.899,26.476194
1427158264.915,10.354115
1427158264.931,-3.4105806
1427158264.946,-14.689405
1427158264.962,-23.773745
1427158264.978,-30.989958
1427158264.993,-36.518234
1427158265.009,-40.425854
1427158265.024,-42.80652
1427158265.04,-43.94465
1427158265.056,-44.26053
1427158265.071,-44.210014
1427158265.087,-44.09554
1427158265.103,-44.024555
1427158265.118,-43.906914
1427158265.134,-43.624535
1427158265.149,-43.130573
1427158265.165,-42.54796
1427158265.181,-42.0421
1427158265.196,-41.726234
1427158265.212,-41.508705
1427158265.228,-41.08324
1427158265.243,-40.023857
1427158265.259,-37.950237
1427158265.274,-34.71508
1427158265.29,-30.48454
1427158265.306,-25.680641
1427158265.321,-20.782078
1427158265.337,-16.11445
1427158265.353,-11.711438
1427158265.368,-7.3062944
1427158265.384,-2.5449383
1427158265.399,2.8180945
1427158265.415,8.727583
1427158265.431,14.83713
1427158265.446,20.673851
1427158265.462,25.85975
1427158265.478,30.276678
1427158265.493,34.119583
1427158265.509,37.809895
1427158265.524,41.885956
1427158265.54,46.862576
1427158265.556,53.12121
1427158265.571,60.718777
1427158265.587,69.1546
1427158265.603,77.260864
1427158265.618,83.27429
1427158265.634,85.26334
1427158265.649,81.80056
1427158265.665,72.50102
1427158265.681,58.299393
1427158265.696,41.114037
1427158265.712,23.244724
1427158265.728,6.5838127
1427158265.743,-7.8173504
1427158265.759,-19.737576
1427158265.774,-29.457739
1427158265.79,-37.280025
1427158265.806,-43.303406
1427158265.821,-47.424667
1427158265.837,-49.604897
1427158265.853,-50.1222
1427158265.868,-49.571125
1427158265.884,-48.72254
1427158265.899,-48.23241
1427158265.915,-48.41458
1427158265.931,-49.15304
1427158265.946,-50.06187
1427158265.962,-50.699768
1427158265.978,-50.803684
1427158265.993,-50.35718
1427158266.009,-49.58245
1427158266.024,-48.735077
1427158266.04,-47.943123
1427158266.056,-47.06526
1427158266.071,-45.720062
1427158266.087,-43.436317
1427158266.103,-39.872265
1427158266.118,-35.02127
1427158266.134,-29.239235
1427158266.149,-23.133041
1427158266.165,-17.337358
1427158266.181,-12.2309
1427158266.196,-7.831793
1427158266.212,-3.7710848
1427158266.228,0.4830513
1427158266.243,5.41105
1427158266.259,11.170898
1427158266.274,17.564915
1427158266.29,24.08365
1427158266.306,30.148636
1427158266.321,35.348114
1427158266.337,39.613792
1427158266.353,43.259415
1427158266.368,46.873466
1427158266.384,51.123943
1427158266.399,56.59594
1427158266.415,63.626904
1427158266.431,72.1413
1427158266.446,81.51222
1427158266.462,90.5057
1427158266.478,97.37774
1427158266.493,100.234344
1427158266.509,97.59166
1427158266.524,88.91154
1427158266.54,74.86393
1427158266.556,57.16458
1427158266.571,38.04422
1427158266.587,19.580723
1427158266.603,3.1863356
1427158266.618,-10.546393
1427158266.634,-21.701078
1427158266.649,-30.620249
1427158266.665,-37.666588
1427158266.681,-43.02499
1427158266.696,-46.805473
1427158266.712,-49.158844
1427158266.728,-50.397926
1427158266.743,-50.97178
1427158266.759,-51.364464
1427158266.774,-51.949512
1427158266.79,-52.886276
1427158266.806,-54.120293
1427158266.821,-55.438034
1427158266.837,-56.60683
1427158266.853,-57.434708
1427158266.868,-57.802162
1427158266.884,-57.66268
1427158266.899,-56.97091
1427158266.915,-55.702736
1427158266.931,-53.820305
1427158266.946,-51.351437
1427158266.962,-48.356697
1427158266.978,-44.913315
1427158266.993,-41.111435
1427158267.009,-37.00802
1427158267.024,-32.62352
1427158267.04,-27.967014
1427158267.056,-23.095055
1427158267.071,-18.125715
1427158267.087,-13.212728
1427158267.103,-8.517899
1427158267.118,-4.118634
1427158267.134,0.030231476
1427158267.15,4.125532
1427158267.165,8.418016
1427158267.181,13.164173
1427158267.196,18.451813
1427158267.212,24.198524
1427158267.228,30.106667
1427158267.243,35.81124
1427158267.259,40.973484
1427158267.275,45.467285
1427158267.29,49.43618
1427158267.306,53.332035
1427158267.321,57.819386
1427158267.337,63.578396
1427158267.353,71.04083
1427158267.368,80.07058
1427158267.384,89.75707
1427158267.4,98.430695
1427158267.415,103.991356
1427158267.431,104.49697
1427158267.446,98.81167
1427158267.462,87.03844
1427158267.478,70.499146
1427158267.493,51.33995
1427158267.509,31.817808
1427158267.525,13.711485
1427158267.54,-2.0102527
1427158267.556,-15.098888
1427158267.571,-25.728401
1427158267.587,-34.14417
1427158267.603,-40.485317
1427158267.618,-44.81785
1427158267.634,-47.30094
1427158267.65,-48.321327
1427158267.665,-48.459618
1427158267.681,-48.38098
1427158267.696,-48.62671
1427158267.712,-49.456997
1427158267.728,-50.804554
1427158267.743,-52.323635
1427158267.759,-53.61767
1427158267.775,-54.348377
1427158267.79,-54.3998
1427158267.806,-53.849895
1427158267.821,-52.897186
1427158267.837,-51.700348
1427158267.853,-50.265083
1427158267.868,-48.452713
1427158267.884,-46.035324
1427158267.9,-42.824646
1427158267.915,-38.774906
1427158267.931,-34.018997
1427158267.946,-28.831867
1427158267.962,-23.568377
1427158267.978,-18.550364
1427158267.993,-13.947368
1427158268.009,-9.748269
1427158268.025,-5.744837
1427158268.04,-1.6074702
1427158268.056,3.0101814
1427158268.071,8.264453
1427158268.087,14.082481
1427158268.103,20.117039
1427158268.118,25.918407
1427158268.134,31.096516
1427158268.15,35.489223
1427158268.165,39.24164
1427158268.181,42.743126
1427158268.196,46.494522
1427158268.212,51.02727
1427158268.228,56.765244
1427158268.243,63.892185
1427158268.259,72.16638
1427158268.275,80.737404
1427158268.29,88.09757
1427158268.306,92.371574
1427158268.321,91.815895
1427158268.337,85.48357
1427158268.353,73.5971
1427158268.368,57.549927
1427158268.384,39.433216
1427158268.4,21.3887
1427158268.415,5.0081525
1427158268.431,-8.892694
1427158268.446,-20.161774
1427158268.462,-28.979664
1427158268.478,-35.598938
1427158268.493,-40.204426
1427158268.509,-42.978523
1427158268.525,-44.212944
1427158268.54,-44.36759
1427158268.556,-43.97609
1427158268.571,-43.54441
1427158268.587,-43.36407
1427158268.603,-43.511757
1427158268.618,-43.841442
1427158268.634,-44.144405
1427158268.65,-44.2802
1427158268.665,-44.26469
1427158268.681,-44.198627
1427158268.696,-44.17047
1427158268.712,-44.08319
1427158268.728,-43.620243
1427158268.743,-42.333954
1427158268.759,-39.86626
1427158268.775,-36.128754
1427158268.79,-31.382744
1427158268.806,-26.118513
1427158268.821,-20.85544
1427158268.837,-15.904251
1427158268.853,-11.255154
1427158268.868,-6.6355405
1427158268.884,-1.6990409
1427158268.9,3.818829
1427158268.915,9.926538
1427158268.931,16.368212
1427158268.946,22.716347
1427158268.962,28.534542
1427158268.978,33.555885
1427158268.993,37.80931
1427158269.009,41.60104
1427158269.025,45.51091
1427158269.04,50.223648
1427158269.056,56.32564
1427158269.071,64.024315
1427158269.087,72.89755
1427158269.103,81.74278
1427158269.118,88.73295
1427158269.134,91.85925
1427158269.15,89.584785
1427158269.165,81.3761
1427158269.181,67.98745
1427158269.196,51.176327
1427158269.212,33.158684
1427158269.228,15.891382
1427158269.243,0.61627007
1427158269.259,-12.2352085
1427158269.275,-22.767218
1427158269.29,-31.29568
1427158269.306,-38.024857
1427158269.321,-43.02829
1427158269.337,-46.342033
1427158269.353,-48.111496
1427158269.368,-48.673027
1427158269.384,-48.5075
1427158269.4,-48.13771
1427158269.415,-47.9955
1427158269.431,-48.30025
1427158269.446,-49.04479
1427158269.462,-50.013123
1427158269.478,-50.917015
1427158269.493,-51.489735
1427158269.509,-51.629025
1427158269.525,-51.3718
1427158269.54,-50.83236
1427158269.556,-50.07363
1427158269.571,-49.035805
1427158269.587,-47.512947
1427158269.603,-45.257706
1427158269.618,-42.079826
1427158269.634,-37.970055
1427158269.65,-33.104298
1427158269.665,-27.805836
1427158269.681,-22.452627
1427158269.696,-17.360716
1427158269.712,-12.697735
1427158269.728,-8.4226055
1427158269.743,-4.295416
1427158269.759,0.027275085
1427158269.775,4.8696575
1427158269.79,10.354427
1427158269.806,16.370987
1427158269.822,22.578125
1427158269.837,28.568317
1427158269.853,34.020824
1427158269.868,38.841362
1427158269.884,43.132835
1427158269.9,47.160187
1427158269.915,51.286186
1427158269.931,55.920998
1427158269.947,61.521366
1427158269.962,68.43909
1427158269.978,76.7085
1427158269.993,85.706856
1427158270.009,94.03241
1427158270.025,99.66999
1427158270.04,100.58365
1427158270.056,95.4205
1427158270.072,84.09728
1427158270.087,67.908455
1427158270.103,49.062946
1427158270.118,29.96571
1427158270.134,12.4462185
1427158270.15,-2.564003
1427158270.165,-14.994461
1427158270.181,-25.17897
1427158270.197,-33.49008
1427158270.212,-40.07077
1427158270.228,-44.904503
1427158270.243,-48.01316
1427158270.259,-49.63259
1427158270.275,-50.22855
1427158270.29,-50.391296
1427158270.306,-50.60285
1427158270.322,-51.132607
1427158270.337,-51.95861
1427158270.353,-52.879616
1427158270.368,-53.629158
1427158270.384,-54.044987
1427158270.4,-54.092632
1427158270.415,-53.832664
1427158270.431,-53.35436
1427158270.447,-52.684563
1427158270.462,-51.75259
1427158270.478,-50.40012
1427158270.493,-48.401897
1427158270.509,-45.597584
1427158270.525,-41.93141
1427158270.54,-37.499115
1427158270.556,-32.5648
1427158270.572,-27.4641
1427158270.587,-22.51211
1427158270.603,-17.897362
1427158270.618,-13.615557
1427158270.634,-9.496819
1427158270.65,-5.2451763
1427158270.665,-0.5901909
1427158270.681,4.632965
1427158270.697,10.396847
1427158270.712,16.478136
1427158270.728,22.510073
1427158270.743,28.120308
1427158270.759,33.07893
1427158270.775,37.38518
1427158270.79,41.28954
1427158270.806,45.206696
1427158270.822,49.56612
1427158270.837,54.77838
1427158270.853,61.101894
1427158270.868,68.63353
1427158270.884,77.05957
1427158270.9,85.54679
1427158270.915,92.61964
1427158270.931,96.43
1427158270.947,95.231
1427158270.962,88.0722
1427158270.978,75.235085
1427158270.993,58.29238
1427158271.009,39.585033
1427158271.025,21.452291
1427158271.04,5.5595016
1427158271.056,-7.397379
1427158271.072,-17.504795
1427158271.087,-25.198853
1427158271.103,-30.884008
1427158271.118,-34.76133
1427158271.134,-36.96634
1427158271.15,-37.734695
1427158271.165,-37.5394
1427158271.181,-37.012817
1427158271.197,-36.79104
1427158271.212,-37.25892
1427158271.228,-38.486336
1427158271.243,-40.214005
1427158271.259,-42.039513
1427158271.275,-43.605915
1427158271.29,-44.737797
1427158271.306,-45.41209
1427158271.322,-45.691906
1427158271.337,-45.53405
1427158271.353,-44.76915
1427158271.368,-43.12707
1427158271.384,-40.412384
1427158271.4,-36.607117
1427158271.415,-31.977741
1427158271.431,-26.95369
1427158271.447,-21.968548
1427158271.462,-17.254715
1427158271.478,-12.770994
1427158271.493,-8.205608
1427158271.509,-3.1805706
1427158271.525,2.519289
1427158271.54,8.807074
1427158271.556,15.286545
1427158271.572,21.407059
1427158271.587,26.744492
1427158271.603,31.165073
1427158271.618,34.96174
1427158271.634,38.754925
1427158271.65,43.30237
1427158271.665,49.219166
1427158271.681,56.737606
1427158271.697,65.49121
1427158271.712,74.45544
1427158271.728,82.01997
1427158271.743,86.35257
1427158271.759,85.85245
1427158271.775,79.71625
1427158271.79,68.24904
1427158271.806,52.82662
1427158271.822,35.467068
1427158271.837,18.223522
1427158271.853,2.5997734
1427158271.868,-10.665173
1427158271.884,-21.509556
1427158271.9,-30.214172
1427158271.915,-37.04461
1427158271.931,-42.126335
1427158271.947,-45.473927
1427158271.962,-47.14557
1427158271.978,-47.381184
1427158271.993,-46.637478
1427158272.009,-45.4911
1427158272.025,-44.473274
1427158272.04,-43.948105
1427158272.056,-44.004612
1427158272.072,-44.499825
1427158272.087,-45.160713
1427158272.103,-45.709835
1427158272.118,-45.93706
1427158272.134,-45.716236
1427158272.15,-44.915733
1427158272.165,-43.40566
1427158272.181,-41.018818
1427158272.197,-37.65402
1427158272.212,-33.360252
1427158272.228,-28.395164
1427158272.243,-23.116081
1427158272.259,-17.839691
1427158272.275,-12.68948
1427158272.29,-7.563999
1427158272.306,-2.1929474
1427158272.322,3.6343994
1427158272.337,9.940655
1427158272.353,16.467575
1427158272.368,22.823204
1427158272.384,28.658352
1427158272.4,33.87648
1427158272.415,38.690376
1427158272.431,43.60173
1427158272.447,49.242344
1427158272.462,56.148315
1427158272.478,64.52573
1427158272.494,73.99006
1427158272.509,83.4153
1427158272.525,91.05021
1427158272.54,94.90633
1427158272.556,93.39071
1427158272.572,85.85388
1427158272.587,72.87938
1427158272.603,56.122047
1427158272.619,37.737
1427158272.634,19.715172
1427158272.65,3.3919601
1427158272.665,-10.706413
1427158272.681,-22.593811
1427158272.697,-32.487244
1427158272.712,-40.496872
1427158272.728,-46.568512
1427158272.744,-50.631096
1427158272.759,-52.809456
1427158272.775,-53.531807
1427158272.79,-53.475273
1427158272.806,-53.321426
1427158272.822,-53.544388
1427158272.837,-54.21939
1427158272.853,-55.063362
1427158272.869,-55.639664
1427158272.884,-55.60383
1427158272.9,-54.874474
1427158272.915,-53.684547
1427158272.931,-52.392258
1427158272.947,-51.24209
1427158272.962,-50.19403
1427158272.978,-48.896194
1427158272.994,-46.80945
1427158273.009,-43.523506
1427158273.025,-38.940628
1427158273.04,-33.404495
1427158273.056,-27.53743
1427158273.072,-22.001625
1427158273.087,-17.17395
1427158273.103,-12.972511
1427158273.119,-8.883415
1427158273.134,-4.2500534
1427158273.15,1.3911896
1427158273.165,8.053116
1427158273.181,15.297043
1427158273.197,22.406189
1427158273.212,28.759102
1427158273.228,34.049927
1427158273.244,38.423668
1427158273.259,42.34043
1427158273.275,46.44696
1427158273.29,51.38752
1427158273.306,57.708694
1427158273.322,65.66278
1427158273.337,75.00558
1427158273.353,84.75562
1427158273.369,93.19341
1427158273.384,98.15572
1427158273.4,97.72409
1427158273.415,90.91634
1427158273.431,78.13837
1427158273.447,61.098015
1427158273.462,42.21089
1427158273.478,23.790047
1427158273.494,7.397995
1427158273.509,-6.3631744
1427158273.525,-17.594719
1427158273.54,-26.670433
1427158273.556,-33.866844
1427158273.572,-39.261917
1427158273.587,-42.886063
1427158273.603,-44.923363
1427158273.619,-45.78434
1427158273.634,-46.036438
1427158273.65,-46.19197
1427158273.665,-46.55268
1427158273.681,-47.09771
1427158273.697,-47.6062
1427158273.712,-47.825653
1427158273.728,-47.665443
1427158273.744,-47.216988
1427158273.759,-46.706413
1427158273.775,-46.2958
1427158273.79,-45.904755
1427158273.806,-45.22004
1427158273.822,-43.7679
1427158273.837,-41.165916
1427158273.853,-37.332184
1427158273.869,-32.549835
1427158273.884,-27.372246
1427158273.9,-22.357788
1427158273.915,-17.828087
1427158273.931,-13.714233
1427158273.947,-9.614296
1427158273.962,-5.0209427
1427158273.978,0.37931824
1427158273.994,6.561722
1427158274.009,13.132912
1427158274.025,19.51625
1427158274.04,25.234459
1427158274.056,30.117683
1427158274.072,34.349976
1427158274.087,38.408012
1427158274.103,42.900833
1427158274.119,48.39955
1427158274.134,55.287384
1427158274.15,63.559486
1427158274.165,72.584366
1427158274.181,81.011635
1427158274.197,86.95429
1427158274.212,88.44238
1427158274.228,84.12553
1427158274.244,73.86227
1427158274.259,58.806572
1427158274.275,41.072403
1427158274.29,22.991318
1427158274.306,6.378578
1427158274.322,-7.838211
1427158274.337,-19.565132
1427158274.353,-29.148064
1427158274.369,-36.942635
1427158274.384,-43.12401
1427158274.4,-47.66073
1427158274.415,-50.53588
1427158274.431,-51.912605
1427158274.447,-52.191338
1427158274.462,-51.90983
1427158274.478,-51.602104
1427158274.494,-51.62126
1427158274.509,-52.015404
1427158274.525,-52.56717
1427158274.54,-52.90834
1427158274.556,-52.733467
1427158274.572,-51.941376
1427158274.587,-50.668755
1427158274.603,-49.15663
1427158274.619,-47.516914
1427158274.634,-45.60714
1427158274.65,-43.029404
1427158274.665,-39.39354
1427158274.681,-34.548363
1427158274.697,-28.779518
1427158274.712,-22.706184
1427158274.728,-17.01847
1427158274.744,-12.105469
1427158274.759,-7.894104
1427158274.775,-3.8542938
1427158274.79,0.68688965
1427158274.806,6.206127
1427158274.822,12.730186
1427158274.837,19.820038
1427158274.853,26.783966
1427158274.869,32.994675
1427158274.884,38.157116
1427158274.9,42.4066
1427158274.915,46.23892
1427158274.931,50.376133
1427158274.947,55.506218
1427158274.962,62.123936
1427158274.978,70.270256
1427158274.994,79.3576
1427158275.009,88.04709
1427158275.025,94.454544
1427158275.04,96.5941
1427158275.056,93.0238
1427158275.072,83.447945
1427158275.087,68.882385
1427158275.103,51.35667
1427158275.119,33.215496
1427158275.134,16.343876
1427158275.15,1.6877975
1427158275.166,-10.681812
1427158275.181,-21.18837
1427158275.197,-30.227264
1427158275.212,-37.860996
1427158275.228,-43.879597
1427158275.244,-48.030067
1427158275.259,-50.36578
1427158275.275,-51.311287
1427158275.29,-51.572346
1427158275.306,-51.790268
1427158275.322,-52.356888
1427158275.337,-53.275112
1427158275.353,-54.27359
1427158275.369,-55.016926
1427158275.384,-55.279926
1427158275.4,-55.078083
1427158275.416,-54.55927
1427158275.431,-53.914677
1427158275.447,-53.18186
1427158275.462,-52.222366
1427158275.478,-50.7305
1427158275.494,-48.382614
1427158275.509,-45.00219
1427158275.525,-40.613743
1427158275.541,-35.483887
1427158275.556,-30.01273
1427158275.572,-24.614769
1427158275.587,-19.569107
1427158275.603,-14.991375
1427158275.619,-10.739761
1427158275.634,-6.531803
1427158275.65,-2.007988
1427158275.666,3.107605
1427158275.681,8.897106
1427158275.697,15.1917095
1427158275.712,21.600883
1427158275.728,27.67941
1427158275.744,33.09559
1427158275.759,37.74433
1427158275.775,41.810238
1427158275.791,45.671883
1427158275.806,49.839798
1427158275.822,54.81533
1427158275.837,61.058365
1427158275.853,68.782936
1427158275.869,77.7816
1427158275.884,87.1939
1427158275.9,95.48405
1427158275.916,100.681755
1427158275.931,100.951996
1427158275.947,95.23223
1427158275.962,83.65768
1427158275.978,67.59437
1427158275.994,49.172882
1427158276.009,30.574139
1427158276.025,13.435337
1427158276.041,-1.4452991
1427158276.056,-13.972752
1427158276.072,-24.39143
1427158276.087,-32.940033
1427158276.103,-39.652622
1427158276.119,-44.42615
1427158276.134,-47.280296
1427158276.15,-48.501114
1427158276.166,-48.708847
1427158276.181,-48.650787
1427158276.197,-48.93607
1427158276.212,-49.77385
1427158276.228,-50.962814
1427158276.244,-52.020027
1427158276.259,-52.527023
1427158276.275,-52.31644
1427158276.291,-51.558567
1427158276.306,-50.57187
1427158276.322,-49.59609
1427158276.337,-48.595787
1427158276.353,-47.246067
1427158276.369,-45.0924
1427158276.384,-41.779797
1427158276.4,-37.24422
1427158276.416,-31.772709
1427158276.431,-25.861324
1427158276.447,-20.068394
1427158276.462,-14.787201
1427158276.478,-10.15059
1427158276.494,-5.9635262
1427158276.509,-1.8232641
1427158276.525,2.71869
1427158276.541,7.9280334
1427158276.556,13.750473
1427158276.572,19.798195
1427158276.587,25.532265
1427158276.603,30.504637
1427158276.619,34.577232
1427158276.634,37.99717
1427158276.65,41.276352
1427158276.666,45.04116
1427158276.681,49.831295
1427158276.697,55.937138
1427158276.712,63.348927
1427158276.728,71.568245
1427158276.744,79.57196
1427158276.759,85.78216
1427158276.775,88.44671
1427158276.791,86.07293
1427158276.806,78.03323
1427158276.822,64.8919
1427158276.837,48.30544
1427158276.853,30.477655
1427158276.869,13.457029
1427158276.884,-1.4459276
1427158276.9,-13.791163
1427158276.916,-23.764256
1427158276.931,-31.742378
1427158276.947,-37.952507
1427158276.962,-42.40856
1427158276.978,-45.079628
1427158276.994,-46.10778
1427158277.009,-45.90937
1427158277.025,-45.076046
1427158277.041,-44.210567
1427158277.056,-43.67554
1427158277.072,-43.580704
1427158277.087,-43.76807
1427158277.103,-43.982468
1427158277.119,-43.997627
1427158277.134,-43.70452
1427158277.15,-43.08521
1427158277.166,-42.159313
1427158277.181,-40.85517
1427158277.197,-39.037903
1427158277.212,-36.52026
1427158277.228,-33.197906
1427158277.244,-29.113674
1427158277.259,-24.504978
1427158277.275,-19.67302
1427158277.291,-14.853603
1427158277.306,-10.085634
1427158277.322,-5.2030373
1427158277.337,0.08456802
1427158277.353,5.9676113
1427158277.369,12.382351
1427158277.384,18.99663
1427158277.4,25.2648
1427158277.416,30.693928
1427158277.431,35.0886
1427158277.447,38.65228
1427158277.462,42.005955
1427158277.478,45.986732
1427158277.494,51.366585
1427158277.509,58.50789
1427158277.525,67.11268
1427158277.541,76.07008
1427158277.556,83.637924
1427158277.572,87.81406
1427158277.587,86.977005
1427158277.603,80.3985
1427158277.619,68.55909
1427158277.634,52.960796
1427158277.65,35.684277
1427158277.666,18.712904
1427158277.681,3.4416313
1427158277.697,-9.505653
1427158277.712,-20.130842
1427158277.728,-28.732727
1427158277.744,-35.585396
1427158277.759,-40.841618
1427158277.775,-44.560547
1427158277.791,-46.884613
1427158277.806,-48.099213
1427158277.822,-48.647514
1427158277.837,-48.945316
1427158277.853,-49.301193
1427158277.869,-49.743473
1427158277.884,-50.10901
1427158277.9,-50.13433
1427158277.916,-49.671623
1427158277.931,-48.742355
1427158277.947,-47.576675
1427158277.962,-46.45436
1427158277.978,-45.52675
1427158277.994,-44.67315
1427158278.009,-43.521027
1427158278.025,-41.55923
1427158278.041,-38.41459
1427158278.056,-33.998512
1427158278.072,-28.612751
1427158278.088,-22.80479
1427158278.103,-17.18713
1427158278.119,-12.148617
1427158278.134,-7.7403603
1427158278.15,-3.6062813
1427158278.166,0.7815819
1427158278.181,5.9047585
1427158278.197,11.901203
1427158278.213,18.53172
1427158278.228,25.249805
1427158278.244,31.441818
1427158278.259,36.694542
1427158278.275,40.966427
1427158278.291,44.586018
1427158278.306,48.167027
1427158278.322,52.413578
1427158278.338,57.976738
1427158278.353,65.22377
1427158278.369,74.0072
1427158278.384,83.4606
1427158278.4,91.981476
1427158278.416,97.46774
1427158278.431,97.942116
1427158278.447,92.20013
1427158278.463,80.36919
1427158278.478,63.90603
1427158278.494,45.134506
1427158278.509,26.445839
1427158278.525,9.585468
1427158278.541,-4.6699905
1427158278.556,-16.359879
1427158278.572,-25.904865
1427158278.588,-33.659657
1427158278.603,-39.748024
1427158278.619,-44.134922
1427158278.634,-46.8722
1427158278.65,-48.243694
1427158278.666,-48.784245
1427158278.681,-49.05696
1427158278.697,-49.500378
1427158278.713,-50.20465
1427158278.728,-50.988876
1427158278.744,-51.526928
1427158278.759,-51.565063
1427158278.775,-51.06977
1427158278.791,-50.251778
1427158278.806,-49.4113
1427158278.822,-48.79289
1427158278.838,-48.36919
1427158278.853,-47.7961
1427158278.869,-46.542294
1427158278.884,-44.09621
1427158278.9,-40.200214
1427158278.916,-35.010136
1427158278.931,-29.031853
1427158278.947,-22.935905
1427158278.963,-17.261253
1427158278.978,-12.207661
1427158278.994,-7.542221
1427158279.009,-2.7809029
1427158279.025,2.5685349
1427158279.041,8.727413
1427158279.056,15.513184
1427158279.072,22.387615
1427158279.088,28.737324
1427158279.103,34.12558
1427158279.119,38.47266
1427158279.134,42.081287
1427158279.15,45.506447
1427158279.166,49.416203
1427158279.181,54.427082
1427158279.197,60.926834
1427158279.213,68.845116
1427158279.228,77.47926
1427158279.244,85.3999
1427158279.259,90.67557
1427158279.275,91.40326
1427158279.291,86.34415
1427158279.306,75.49405
1427158279.322,60.128616
1427158279.338,42.41967
1427158279.353,24.67707
1427158279.369,8.7044525
1427158279.384,-4.640648
1427158279.4,-15.297939
1427158279.416,-23.655582
1427158279.431,-30.119732
1427158279.447,-34.89395
1427158279.463,-37.978672
1427158279.478,-39.40817
1427158279.494,-39.404137
1427158279.509,-38.44485
1427158279.525,-37.167797
1427158279.541,-36.177567
1427158279.556,-35.87128
1427158279.572,-36.319416
1427158279.588,-37.26184
1427158279.603,-38.25047
1427158279.619,-38.80138
1427158279.634,-38.61008
1427158279.65,-37.615887
1427158279.666,-35.99603
1427158279.681,-34.04042
1427158279.697,-31.967197
1427158279.713,-29.784328
1427158279.728,-27.292686
1427158279.744,-24.155918
1427158279.759,-20.08968
1427158279.775,-14.998833
1427158279.791,-9.076393
1427158279.806,-2.708027
1427158279.822,3.6357498
1427158279.838,9.596516
1427158279.853,15.017796
1427158279.869,19.962803
1427158279.884,24.655933
1427158279.9,29.412071
1427158279.916,34.59151
1427158279.931,40.565586
1427158279.947,47.631493
1427158279.963,55.837612
1427158279.978,64.75603
1427158279.994,73.29525
1427158280.009,79.746605
1427158280.025,82.20409
1427158280.041,79.19182
1427158280.056,70.262955
1427158280.072,56.29205
1427158280.088,39.210686
1427158280.103,21.37931
1427158280.119,4.8285656
1427158280.134,-9.261244
1427158280.15,-20.61847
1427158280.166,-29.54271
1427158280.181,-36.460945
1427158280.197,-41.621635
1427158280.213,-45.02298
1427158280.228,-46.62243
1427158280.244,-46.554
1427158280.259,-45.284775
1427158280.275,-43.50564
1427158280.291,-41.930527
1427158280.306,-41.033783
1427158280.322,-40.91745
1427158280.338,-41.30478
1427158280.353,-41.719814
1427158280.369,-41.700314
1427158280.384,-40.991825
1427158280.4,-39.60943
1427158280.416,-37.74766
1427158280.431,-35.654976
1427158280.447,-33.46141
1427158280.463,-31.101646
1427158280.478,-28.335077
1427158280.494,-24.829382
1427158280.509,-20.327085
1427158280.525,-14.709618
1427158280.541,-8.096367
1427158280.556,-0.80739784
1427158280.572,6.6876907
1427158280.588,13.914353
1427158280.603,20.530611
1427158280.619,26.413124
1427158280.634,31.710941
1427158280.65,36.79875
1427158280.666,42.186943
1427158280.681,48.428574
1427158280.697,55.955494
1427158280.713,64.864624
1427158280.728,74.67016
1427158280.744,84.154175
1427158280.76,91.459915
1427158280.775,94.52336
1427158280.791,91.730576
1427158280.806,82.5697
1427158280.822,67.9013
1427158280.838,49.693935
1427158280.853,30.381155
1427158280.869,12.064291
1427158280.885,-3.9755428
1427158280.9,-17.363556
1427158280.916,-28.261812
1427158280.931,-36.968037
1427158280.947,-43.657433
1427158280.963,-48.37059
1427158280.978,-51.224384
1427158280.994,-52.51511
1427158281.01,-52.750225
1427158281.025,-52.488216
1427158281.041,-52.161545
1427158281.056,-51.941887
1427158281.072,-51.798523
1427158281.088,-51.559727
1427158281.103,-51.07984
1427158281.119,-50.333206
1427158281.135,-49.426266
1427158281.15,-48.491844
1427158281.166,-47.566227
1427158281.181,-46.501217
1427158281.197,-44.98188
1427158281.213,-42.632496
1427158281.228,-39.257244
1427158281.244,-34.911114
1427158281.26,-29.95807
1427158281.275,-24.836195
1427158281.291,-19.862537
1427158281.306,-15.044165
1427158281.322,-10.090021
1427158281.338,-4.597703
1427158281.353,1.684947
1427158281.369,8.677204
1427158281.385,15.955897
1427158281.4,22.970413
1427158281.416,29.248283
1427158281.431,34.648125
1427158281.447,39.355278
1427158281.463,43.860638
1427158281.478,48.80031
1427158281.494,54.816418
1427158281.51,62.349987
1427158281.525,71.418274
1427158281.541,81.30932
1427158281.556,90.50831
1427158281.572,96.88177
1427158281.588,98.23428
1427158281.603,93.1138
1427158281.619,81.43109
1427158281.635,64.56859
1427158281.65,44.990948
1427158281.666,25.308804
1427158281.681,7.512742
1427158281.697,-7.496826
1427158281.713,-19.725489
1427158281.728,-29.663906
1427158281.744,-37.714447
1427158281.76,-43.998676
1427158281.775,-48.43987
1427158281.791,-51.03385
1427158281.806,-52.070694
1427158281.822,-52.083572
1427158281.838,-51.66938
1427158281.853,-51.246048
1427158281.869,-50.940113
1427158281.885,-50.673782
1427158281.9,-50.322136
1427158281.916,-49.926476
1427158281.931,-49.632347
1427158281.947,-49.62648
1427158281.963,-49.922882
1427158281.978,-50.24254
1427158281.994,-50.047096
1427158282.01,-48.7593
1427158282.025,-45.976654
1427158282.041,-41.697582
1427158282.056,-36.32356
1427158282.072,-30.505795
1427158282.088,-24.850254
1427158282.103,-19.675182
1427158282.119,-14.858825
1427158282.135,-9.984063
1427158282.15,-4.5275908
1427158282.166,1.7869215
1427158282.181,8.856448
1427158282.197,16.226303
1427158282.213,23.313778
1427158282.228,29.655994
1427158282.244,35.13073
1427158282.26,39.99125
1427158282.275,44.7786
1427158282.291,50.14422
1427158282.306,56.680576
1427158282.322,64.67952
1427158282.338,73.91253
1427158282.353,83.38617
1427158282.369,91.403076
1427158282.385,95.82377
1427158282.4,94.76744
1427158282.416,87.26743
1427158282.431,73.74801
1427158282.447,55.934616
1427158282.463,36.307156
1427158282.478,17.296272
1427158282.494,0.60556984
1427158282.51,-13.029732
1427158282.525,-23.657608
1427158282.541,-31.69276
1427158282.556,-37.481346
1427158282.572,-41.189472
1427158282.588,-42.868324
1427158282.603,-42.729706
1427158282.619,-41.280365
1427158282.635,-39.316925
1427158282.65,-37.704773
1427158282.666,-37.069363
1427158282.681,-37.542213
1427158282.697,-38.730927
1427158282.713,-39.915527
1427158282.728,-40.39201
1427158282.744,-39.790203
1427158282.76,-38.1953
1427158282.775,-36.0514
1427158282.791,-33.86945
1427158282.806,-31.896166
1427158282.822,-30.022312
1427158282.838,-27.77906
1427158282.853,-24.618715
1427158282.869,-20.160166
1427158282.885,-14.364578
1427158282.9,-7.5823975
1427158282.916,-0.40465736
1427158282.931,6.5502014
1427158282.947,12.830351
1427158282.963,18.286577
1427158282.978,23.101686
1427158282.994,27.684792
1427158283.01,32.58139
1427158283.025,38.337234
1427158283.041,45.38076
1427158283.056,53.846367
1427158283.072,63.323753
1427158283.088,72.728424
1427158283.103,80.302315
1427158283.119,84.01846
1427158283.135,82.17361
1427158283.15,74.053696
1427158283.166,60.26042
1427158283.181,42.602425
1427158283.197,23.494755
1427158283.213,5.235321
1427158283.228,-10.647537
1427158283.244,-23.555157
1427158283.26,-33.603374
1427158283.275,-41.164104
1427158283.291,-46.513607
1427158283.306,-49.708344
1427158283.322,-50.758926
1427158283.338,-49.850773
1427158283.353,-47.52461
1427158283.369,-44.600143
1427158283.385,-41.966877
1427158283.4,-40.271748
1427158283.416,-39.694237
1427158283.432,-39.883858
1427158283.447,-40.16794
1427158283.463,-39.86421
1427158283.478,-38.596622
1427158283.494,-36.42892
1427158283.51,-33.753407
1427158283.525,-31.04877
1427158283.541,-28.570618
1427158283.557,-26.189808
1427158283.572,-23.438953
1427158283.588,-19.740726
1427158283.603,-14.698368
1427158283.619,-8.3219185
1427158283.635,-1.0346107
1427158283.65,6.510811
1427158283.666,13.697418
1427158283.682,20.17414
1427158283.697,25.973759
1427158283.713,31.45205
1427158283.728,37.080387
1427158283.744,43.389824
1427158283.76,50.759083
1427158283.775,59.39059
1427158283.791,69.12807
1427158283.807,79.28795
1427158283.822,88.54596
1427158283.838,95.03971
1427158283.853,96.84148
1427158283.869,92.58243
1427158283.885,82.04265
1427158283.9,66.35408
1427158283.916,47.66652
1427158283.932,28.46733
1427158283.947,10.81778
1427158283.963,-4.0939026
1427158283.978,-15.980873
1427158283.994,-25.124916
1427158284.01,-31.970589
1427158284.025,-36.811882
1427158284.041,-39.76265
1427158284.057,-40.857834
1427158284.072,-40.256775
1427158284.088,-38.298042
1427158284.103,-35.494476
1427158284.119,-32.439926
1427158284.135,-29.688828
1427158284.15,-27.650406
1427158284.166,-26.538116
1427158284.182,-26.354187
1427158284.197,-26.922882
1427158284.213,-27.907486
1427158284.228,-28.878105
1427158284.244,-29.355446
1427158284.26,-28.942955
1427158284.275,-27.488518
1427158284.291,-25.212631
1427158284.307,-22.76754
1427158284.322,-21.088097
1427158284.338,-21.037788
1427158284.353,-23.046455
1427158284.369,-26.78804
1427158284.385,-31.262993
1427158284.4,-35.090233
1427158284.416,-37.029472
1427158284.432,-36.41279
1427158284.447,-33.297523
1427158284.463,-28.30214
1427158284.478,-22.171272
1427158284.494,-15.389473
1427158284.51,-7.9998474
1427158284.525,0.4106903
1427158284.541,10.431076
1427158284.557,22.55104
1427158284.572,36.768913
1427158284.588,52.33882
1427158284.603,67.706696
1427158284.619,80.714516
1427158284.635,89.15965
1427158284.65,91.51782
1427158284.666,87.60345
1427158284.682,78.73013
1427158284.697,67.38193
1427158284.713,56.334625
1427158284.728,47.786987
1427158284.744,42.752625
1427158284.76,41.05342
1427158284.775,41.7619
1427158284.791,43.843704
1427158284.807,46.615753
1427158284.822,49.847122
1427158284.838,53.62169
1427158284.853,57.967514
1427158284.869,62.766113
1427158284.885,67.646866
1427158284.9,72.14926
1427158284.916,75.844376
1427158284.932,78.44887
1427158284.947,79.84067
1427158284.963,79.95903
1427158284.978,78.6949
1427158284.994,75.79033
1427158285.01,70.8712
1427158285.025,63.63411
1427158285.041,54.1774
1427158285.057,43.23004
1427158285.072,32.134796
1427158285.088,22.413467
1427158285.103,15.243515
1427158285.119,10.935974
1427158285.135,8.877014
1427158285.15,7.8912354
1427158285.166,6.916748
1427158285.182,5.5079346
1427158285.197,4.00119
1427158285.213,3.1739502
1427158285.228,3.7297363
1427158285.244,5.902313
1427158285.26,9.416595
1427158285.275,13.696259
1427158285.291,18.212738
1427158285.307,22.604736
1427158285.322,26.647614
1427158285.338,30.205414
1427158285.353,33.208344
1427158285.369,35.814636
1427158285.385,38.521057
1427158285.4,42.07263
1427158285.416,47.053223
1427158285.432,53.364594
1427158285.447,59.84204
1427158285.463,64.25751
1427158285.478,63.850983
1427158285.494,56.102844
1427158285.51,39.54944
1427158285.525,14.237976
1427158285.541,-18.16388
1427158285.557,-54.604065
1427158285.572,-91.06299
1427158285.588,-123.240906
1427158285.603,-147.35834
1427158285.619,-161.02802
1427158285.635,-163.92145
1427158285.65,-157.9397
1427158285.666,-146.63428
1427158285.682,-134.09985
1427158285.697,-123.71387
1427158285.713,-117.33154
1427158285.728,-115.149414
1427158285.744,-116.20245
1427158285.76,-119.0686
1427158285.775,-122.476074
1427158285.791,-125.47235
1427158285.807,-127.34772
1427158285.822,-127.474365
1427158285.838,-125.30005
1427158285.853,-120.452515
1427158285.869,-112.949036
1427158285.885,-103.25549
1427158285.9,-92.18219
1427158285.916,-80.703735
1427158285.932,-69.70056
1427158285.947,-59.722168
1427158285.963,-50.904114
1427158285.978,-43.028748
1427158285.994,-35.697083
1427158286.01,-28.594116
1427158286.025,-21.579224
1427158286.041,-14.633667
1427158286.057,-7.6132813
1427158286.072,-0.0435791
1427158286.088,8.800903
1427158286.104,19.354004
1427158286.119,31.23767
1427158286.135,42.93042
1427158286.15,52.067444
1427158286.166,56.26715
1427158286.182,54.1604
1427158286.197,45.98932
1427158286.213,33.500916
1427158286.228,19.170227
1427158286.244,5.2232666
1427158286.26,-7.022522
1427158286.275,-17.24945
1427158286.291,-25.714844
1427158286.307,-32.67517
1427158286.322,-38.06311
1427158286.338,-41.588074
1427158286.354,-43.043518
1427158286.369,-42.63922
1427158286.385,-41.105835
1427158286.4,-39.423584
1427158286.416,-38.473145
1427158286.432,-38.64868
1427158286.447,-39.762695
1427158286.463,-41.11261
1427158286.479,-41.87683
1427158286.494,-41.471375
1427158286.51,-39.82013
1427158286.525,-37.359253
1427158286.541,-34.777832
1427158286.557,-32.625732
1427158286.572,-31.034546
1427158286.588,-29.576355
1427158286.604,-27.518982
1427158286.619,-24.165771
1427158286.635,-19.194092
1427158286.65,-12.832153
1427158286.666,-5.7371826
1427158286.682,1.3300781
1427158286.697,7.817505
1427158286.713,13.6241455
1427158286.729,19.01764
1427158286.744,24.463013
1427158286.76,30.4198
1427158286.775,37.200256
1427158286.791,44.940002
1427158286.807,53.497925
1427158286.822,62.362793
1427158286.838,70.54401
1427158286.854,76.627686
1427158286.869,79.09668
1427158286.885,76.8324
1427158286.9,69.6087
1427158286.916,58.24951
1427158286.932,44.390198
1427158286.947,29.863464
1427158286.963,16.106323
1427158286.979,3.85083
1427158286.994,-6.840332
1427158287.01,-16.184143
1427158287.025,-24.322266
1427158287.041,-31.158997
1427158287.057,-36.425232
1427158287.072,-39.941833
1427158287.088,-41.767822
1427158287.104,-42.27014
1427158287.119,-41.992615
1427158287.135,-41.49945
1427158287.15,-41.188965
1427158287.166,-41.187195
1427158287.182,-41.34967
1427158287.197,-41.389587
1427158287.213,-40.961243
1427158287.229,-39.87796
1427158287.244,-38.133667
1427158287.26,-35.927124
1427158287.275,-33.522095
1427158287.291,-31.10437
1427158287.307,-28.666992
1427158287.322,-26.005707
1427158287.338,-22.801788
1427158287.354,-18.765106
1427158287.369,-13.765076
1427158287.385,-7.916107
1427158287.4,-1.5387573
1427158287.416,4.9355774
1427158287.432,11.119232
1427158287.447,16.782532
1427158287.463,21.919434
1427158287.479,26.725464
1427158287.494,31.493866
1427158287.51,36.516205
1427158287.525,42.070892
1427158287.541,48.39798
1427158287.557,55.606293
1427158287.572,63.53647
1427158287.588,71.53607
1427158287.604,78.37796
1427158287.619,82.43359
1427158287.635,82.148834
1427158287.65,76.64169
1427158287.666,66.110016
1427158287.682,51.868164
1427158287.697,35.82428
1427158287.713,19.892517
1427158287.729,5.3661804
1427158287.744,-7.2163086
1427158287.76,-17.892944
1427158287.775,-26.899078
1427158287.791,-34.360992
1427158287.807,-40.23114
1427158287.822,-44.421722
1427158287.838,-46.962402
1427158287.854,-48.12314
1427158287.869,-48.28763
1427158287.885,-47.89987
1427158287.9,-47.26117
1427158287.916,-46.541626
1427158287.932,-45.775574
1427158287.947,-44.936676
1427158287.963,-43.986176
1427158287.979,-42.889557
1427158287.994,-41.62201
1427158288.01,-40.14453
1427158288.025,-38.41275
1427158288.041,-36.340637
1427158288.057,-33.868652
1427158288.072,-30.953552
1427158288.088,-27.613373
1427158288.104,-23.935211
1427158288.119,-19.97287
1427158288.135,-15.769836
1427158288.15,-11.290649
1427158288.166,-6.488098
1427158288.182,-1.3401794
1427158288.197,4.0420837
1427158288.213,9.478912
1427158288.229,14.722107
1427158288.244,19.595337
1427158288.26,24.050873
1427158288.275,28.204865
1427158288.291,32.29608
1427158288.307,36.675232
1427158288.322,41.714264
1427158288.338,47.692047
1427158288.354,54.58783
1427158288.369,61.893158
1427158288.385,68.471375
1427158288.4,72.76123
1427158288.416,73.21924
1427158288.432,68.89711
1427158288.447,59.894455
1427158288.463,47.396103
1427158288.479,33.291855
1427158288.494,19.519928
1427158288.51,7.4528503
1427158288.525,-2.3700104
1427158288.541,-10.089294
1427158288.557,-16.104965
1427158288.572,-20.71904
1427158288.588,-23.969269
1427158288.604,-25.7807
1427158288.619,-26.18959
1427158288.635,-25.518707
1427158288.65,-24.332031
1427158288.666,-23.246857
1427158288.682,-22.672073
1427158288.697,-22.690857
1427158288.713,-23.065765
1427158288.729,-23.390366
1427158288.744,-23.347717
1427158288.76,-22.837784
1427158288.776,-21.979477
1427158288.791,-21.054382
1427158288.807,-20.285614
1427158288.822,-19.740036
1427158288.838,-19.241653
1427158288.854,-18.434738
1427158288.869,-16.900787
1427158288.885,-14.321121
1427158288.9,-10.6019745
1427158288.916,-5.930435
1427158288.932,-0.72776794
1427158288.947,4.4898987
1427158288.963,9.269562
1427158288.979,13.349808
1427158288.994,16.762985
1427158289.01,19.790604
1427158289.026,22.868729
1427158289.041,26.484299
1427158289.057,31.060799
1427158289.072,36.832977
1427158289.088,43.715294
1427158289.104,51.163925
1427158289.119,58.14554
1427158289.135,63.251602
1427158289.151,65.076385
1427158289.166,62.685524
1427158289.182,56.025826
1427158289.197,45.98652
1427158289.213,34.09556
1427158289.229,21.994484
1427158289.244,10.896011
1427158289.26,1.3425751
1427158289.276,-6.708603
1427158289.291,-13.549721
1427158289.307,-19.348106
1427158289.322,-24.02063
1427158289.338,-27.319954
1427158289.354,-29.075363
1427158289.369,-29.374039
1427158289.385,-28.636093
1427158289.401,-27.42485
1427158289.416,-26.285515
1427158289.432,-25.531113
1427158289.447,-25.164902
1427158289.463,-24.950882
1427158289.479,-24.560112
1427158289.494,-23.747993
1427158289.51,-22.445728
1427158289.526,-20.799957
1427158289.541,-19.041542
1427158289.557,-17.36126
1427158289.572,-15.788914
1427158289.588,-14.167805
1427158289.604,-12.255451
1427158289.619,-9.792725
1427158289.635,-6.650135
1427158289.651,-2.8537445
1427158289.666,1.3829651
1427158289.682,5.7935333
1427158289.697,10.0767975
1427158289.713,14.05966
1427158289.729,17.690214
1427158289.744,21.090788
1427158289.76,24.511122
1427158289.776,28.316143
1427158289.791,32.874622
1427158289.807,38.431282
1427158289.822,44.929634
1427158289.838,51.813454
1427158289.854,57.989815
1427158289.869,62.03382
1427158289.885,62.548714
1427158289.901,58.709267
1427158289.916,50.59864
1427158289.932,39.2749
1427158289.947,26.425505
1427158289.963,13.861151
1427158289.979,2.9242845
1427158289.994,-5.774452
1427158290.01,-12.321677
1427158290.026,-17.208982
1427158290.041,-20.966825
1427158290.057,-23.909468
1427158290.072,-26.114546
1427158290.088,-27.519896
1427158290.104,-28.097116
1427158290.119,-27.94924
1427158290.135,-27.355677
1427158290.151,-26.670084
1427158290.166,-26.197842
1427158290.182,-26.042448
1427158290.197,-26.060747
1427158290.213,-25.93274
1427158290.229,-25.346077
1427158290.244,-24.136047
1427158290.26,-22.405922
1427158290.276,-20.44931
1427158290.291,-18.585472
1427158290.307,-16.986961
1427158290.322,-15.55368
1427158290.338,-13.9428215
1427158290.354,-11.739655
1427158290.369,-8.63908
1427158290.385,-4.634941
1427158290.401,0.00876236
1427158290.416,4.836315
1427158290.432,9.427696
1427158290.447,13.526451
1427158290.463,17.157837
1427158290.479,20.549538
1427158290.494,24.020615
1427158290.51,27.832912
1427158290.526,32.165787
1427158290.541,37.087074
1427158290.557,42.62281
1427158290.572,48.657425
1427158290.588,54.823074
1427158290.604,60.37378
1427158290.619,64.185326
1427158290.635,65.034546
1427158290.651,62.02442
1427158290.666,54.996246
1427158290.682,44.684784
1427158290.697,32.503754
1427158290.713,20.070099
1427158290.729,8.649124
1427158290.744,-1.0994263
1427158290.76,-9.133003
1427158290.776,-15.754326
1427158290.791,-21.2426
1427158290.807,-25.691513
1427158290.822,-29.011795
1427158290.838,-31.104599
1427158290.854,-32.046585
1427158290.869,-32.109467
1427158290.885,-31.691605
1427158290.901,-31.120964
1427158290.916,-30.585976
1427158290.932,-30.038147
1427158290.947,-29.36959
1427158290.963,-28.492546
1427158290.979,-27.459976
1427158290.994,-26.42669
1427158291.01,-25.544151
1427158291.026,-24.832863
1427158291.041,-24.142242
1427158291.057,-23.192024
1427158291.072,-21.722168
1427158291.088,-19.617622
1427158291.104,-16.969803
1427158291.119,-13.991028
1427158291.135,-10.904312
1427158291.151,-7.8024063
1427158291.166,-4.643173
1427158291.182,-1.3103867
1427158291.197,2.2699509
1427158291.213,6.083267
1427158291.229,9.978973
1427158291.244,13.792046
1427158291.26,17.412956
1427158291.276,20.882317
1427158291.291,24.358635
1427158291.307,28.0932
1427158291.322,32.35968
1427158291.338,37.37716
1427158291.354,43.21872
1427158291.369,49.69731
1427158291.385,56.213753
1427158291.401,61.777245
1427158291.416,65.125565
1427158291.432,65.14287
1427158291.447,61.20217
1427158291.463,53.533478
1427158291.479,43.127457
1427158291.494,31.457497
1427158291.51,19.930199
1427158291.526,9.498665
1427158291.541,0.49363708
1427158291.557,-7.17247
1427158291.572,-13.705841
1427158291.588,-19.11525
1427158291.604,-23.194534
1427158291.619,-25.706345
1427158291.635,-26.641525
1427158291.651,-26.330658
1427158291.666,-25.376465
1427158291.682,-24.395554
1427158291.698,-23.807892
1427158291.713,-23.698837
1427158291.729,-23.891861
1427158291.744,-24.076553
1427158291.76,-24.039291
1427158291.776,-23.670715
1427158291.791,-23.002136
1427158291.807,-22.10347
1427158291.823,-21.055008
1427158291.838,-19.859604
1427158291.854,-18.488556
1427158291.869,-16.828873
1427158291.885,-14.765381
1427158291.901,-12.197205
1427158291.916,-9.084091
1427158291.932,-5.4771576
1427158291.948,-1.5121613
1427158291.963,2.6807556
1427158291.979,6.9639893
1427158291.994,11.232269
1427158292.01,15.356384
1427158292.026,19.20021
1427158292.041,22.640884
1427158292.057,25.69159
1427158292.073,28.595001
1427158292.088,31.79979
1427158292.104,35.82701
1427158292.119,41.011154
1427158292.135,47.21228
1427158292.151,53.683388
1427158292.166,59.16535
1427158292.182,62.20214
1427158292.198,61.62584
1427158292.213,56.942154
1427158292.229,48.495422
1427158292.244,37.365417
1427158292.26,24.97715
1427158292.276,12.678299
1427158292.291,1.4012146
1427158292.307,-8.399857
1427158292.323,-16.656624
1427158292.338,-23.412735
1427158292.354,-28.664505
1427158292.369,-32.334473
1427158292.385,-34.356117
1427158292.401,-34.854195
1427158292.416,-34.18682
1427158292.432,-32.89821
1427158292.448,-31.53965
1427158292.463,-30.48848
1427158292.479,-29.851479
1427158292.494,-29.41748
1427158292.51,-28.888214
1427158292.526,-27.974304
1427158292.541,-26.605667
1427158292.557,-24.915543
1427158292.573,-23.199715
1427158292.588,-21.703445
1427158292.604,-20.518227
1427158292.619,-19.455193
1427158292.635,-18.14772
1427158292.651,-16.189552
1427158292.666,-13.315277
1427158292.682,-9.53186
1427158292.698,-5.108124
1427158292.713,-0.4658966
1427158292.729,4.015663
1427158292.744,8.1308975
1427158292.76,11.9266815
1427158292.776,15.664909
1427158292.791,19.693863
1427158292.807,24.383331
1427158292.823,30.010109
1427158292.838,36.718124
1427158292.854,44.369835
1427158292.869,52.40754
1427158292.885,59.780777
1427158292.901,65.02854
1427158292.916,66.68325
1427158292.932,63.733566
1427158292.948,56.092003
1427158292.963,44.684494
1427158292.979,31.151161
1427158292.994,17.278206
1427158293.01,4.421753
1427158293.026,-6.7675858
1427158293.041,-16.234238
1427158293.057,-24.163132
1427158293.073,-30.669456
1427158293.088,-35.64116
1427158293.104,-38.913483
1427158293.119,-40.43406
1427158293.135,-40.460564
1427158293.151,-39.481712
1427158293.166,-38.073105
1427158293.182,-36.686493
1427158293.198,-35.532425
1427158293.213,-34.60714
1427158293.229,-33.733482
1427158293.244,-32.722824
1427158293.26,-31.426865
1427158293.276,-29.806786
1427158293.291,-27.953293
1427158293.307,-25.974083
1427158293.323,-24.009102
1427158293.338,-22.068352
1427158293.354,-20.05674
1427158293.369,-17.720718
1427158293.385,-14.770935
1427158293.401,-10.98098
1427158293.416,-6.2921753
1427158293.432,-0.8719559
1427158293.448,4.9685974
1427158293.463,10.887764
1427158293.479,16.619415
1427158293.494,22.055885
1427158293.51,27.219368
1427158293.526,32.25065
1427158293.541,37.318512
1427158293.557,42.656075
1427158293.573,48.503433
1427158293.588,55.075325
1427158293.604,62.360985
1427158293.619,69.93232
1427158293.635,76.757996
1427158293.651,81.351776
1427158293.666,82.17116
1427158293.682,78.149254
1427158293.698,69.18282
1427158293.713,56.226456
1427158293.729,40.97094
1427158293.744,25.248165
1427158293.76,10.471813
1427158293.776,-2.63163
1427158293.791,-13.956287
1427158293.807,-23.651367
1427158293.823,-31.824093
1427158293.838,-38.346653
1427158293.854,-43.008545
1427158293.869,-45.723984
1427158293.885,-46.735035
1427158293.901,-46.57326
1427158293.916,-45.906715
1427158293.932,-45.27894
1427158293.948,-44.976074
1427158293.963,-45.01793
1427158293.979,-45.209858
1427158293.994,-45.31873
1427158294.01,-45.137524
1427158294.026,-44.539436
1427158294.041,-43.478764
1427158294.057,-41.95796
1427158294.073,-40.03443
1427158294.088,-37.753296
1427158294.104,-35.197327
1427158294.119,-32.379436
1427158294.135,-29.281322
1427158294.151,-25.804794
1427158294.166,-21.848217
1427158294.182,-17.30804
1427158294.198,-12.14216
1427158294.213,-6.355938
1427158294.229,-0.04037285
1427158294.244,6.624672
1427158294.26,13.338425
1427158294.276,19.743185
1427158294.291,25.521648
1427158294.307,30.518423
1427158294.323,34.863617
1427158294.338,39.00261
1427158294.354,43.600327
1427158294.37,49.36241
1427158294.385,56.67195
1427158294.401,65.28862
1427158294.416,74.14057
1427158294.432,81.49054
1427158294.448,85.32348
1427158294.463,84.076485
1427158294.479,77.17239
1427158294.495,65.305725
1427158294.51,50.176933
1427158294.526,33.898968
1427158294.541,18.27755
1427158294.557,4.3807282
1427158294.573,-7.521221
1427158294.588,-17.573765
1427158294.604,-25.978436
1427158294.62,-32.724686
1427158294.635,-37.63655
1427158294.651,-40.59942
1427158294.666,-41.778656
1427158294.682,-41.652573
1427158294.698,-40.90935
1427158294.713,-40.151196
1427158294.729,-39.734303
1427158294.745,-39.691696
1427158294.76,-39.838066
1427158294.776,-39.918877
1427158294.791,-39.75137
1427158294.807,-39.297844
1427158294.823,-38.60006
1427158294.838,-37.69568
1427158294.854,-36.56081
1427158294.87,-35.07544
1427158294.885,-33.097782
1427158294.901,-30.519312
1427158294.916,-27.329865
1427158294.932,-23.593252
1427158294.948,-19.426529
1427158294.963,-14.898413
1427158294.979,-10.02972
1427158294.995,-4.806822
1427158295.01,0.73924255
1427158295.026,6.5246315
1427158295.041,12.380531
1427158295.057,18.113792
1427158295.073,23.57267
1427158295.088,28.72118
1427158295.104,33.674595
1427158295.12,38.72691
1427158295.135,44.302284
1427158295.151,50.81122
1427158295.166,58.373955
1427158295.182,66.54616
1427158295.198,74.122345
1427158295.213,79.36056
1427158295.229,80.45157
1427158295.245,76.21211
1427158295.26,66.587524
1427158295.276,52.72209
1427158295.291,36.552517
1427158295.307,20.096832
1427158295.323,4.873188
1427158295.338,-8.370323
1427158295.354,-19.5113
1427158295.37,-28.670193
1427158295.385,-35.95007
1427158295.401,-41.28479
1427158295.416,-44.632904
1427158295.432,-46.106956
1427158295.448,-46.08973
1427158295.463,-45.16005
1427158295.479,-43.953026
1427158295.495,-42.94747
1427158295.51,-42.381775
1427158295.526,-42.210793
1427158295.541,-42.162125
1427158295.557,-41.90467
1427158295.573,-41.18261
1427158295.588,-39.92492
1427158295.604,-38.28913
1427158295.62,-36.545433
1427158295.635,-34.943657
1427158295.651,-33.541473
1427158295.666,-32.15831
1427158295.682,-30.383705
1427158295.698,-27.759697
1427158295.713,-23.89077
1427158295.729,-18.66764
1427158295.745,-12.30719
1427158295.76,-5.3246155
1427158295.776,1.6881256
1427158295.791,8.227272
1427158295.807,14.088318
1427158295.823,19.42649
1427158295.838,24.622406
1427158295.854,30.140976
1427158295.87,36.35755
1427158295.885,43.486664
1427158295.901,51.59173
1427158295.916,60.431084
1427158295.932,69.31911
1427158295.948,76.99599
1427158295.963,81.78665
1427158295.979,81.988556
1427158295.995,76.55999
1427158296.01,65.59669
1427158296.026,50.4262
1427158296.041,33.170677
1427158296.057,15.996384
1427158296.073,0.42459106
1427158296.088,-12.895195
1427158296.104,-24.028084
1427158296.12,-33.284317
1427158296.135,-40.85305
1427158296.151,-46.66555
1427158296.166,-50.60147
1427158296.182,-52.688477
1427158296.198,-53.26516
1427158296.213,-52.86493
1427158296.229,-52.07434
1427158296.245,-51.293137
1427158296.26,-50.707924
1427158296.276,-50.222122
1427158296.291,-49.6407
1427158296.307,-48.790627
1427158296.323,-47.638847
1427158296.338,-46.271652
1427158296.354,-44.844284
1427158296.37,-43.398026
1427158296.385,-41.81392
1427158296.401,-39.82316
1427158296.416,-37.140724
1427158296.432,-33.614555
1427158296.448,-29.343689
1427158296.463,-24.608055
1427158296.479,-19.714577
1427158296.495,-14.819359
1427158296.51,-9.862419
1427158296.526,-4.627983
1427158296.541,1.0712738
1427158296.557,7.255272
1427158296.573,13.698265
1427158296.588,20.038094
1427158296.604,25.929108
1427158296.62,31.22924
1427158296.635,36.058952
1427158296.651,40.85138
1427158296.666,46.194733
1427158296.682,52.642006
1427158296.698,60.403625
1427158296.713,69.07825
1427158296.729,77.49828
1427158296.745,83.90924
1427158296.76,86.42966
1427158296.776,83.64918
1427158296.791,75.183556
1427158296.807,61.845924
1427158296.823,45.3686
1427158296.838,27.81211
1427158296.854,10.920769
1427158296.87,-4.253708
1427158296.885,-17.354828
1427158296.901,-28.423088
1427158296.916,-37.53878
1427158296.932,-44.624405
1427158296.948,-49.53972
1427158296.963,-52.297493
1427158296.979,-53.253456
1427158296.995,-53.068336
1427158297.01,-52.489716
1427158297.026,-52.033348
1427158297.042,-51.84558
1427158297.057,-51.68435
1427158297.073,-51.175125
1427158297.088,-50.04223
1427158297.104,-48.338722
1427158297.12,-46.381165
1427158297.135,-44.62198
1427158297.151,-43.37094
1427158297.166,-42.632042
1427158297.182,-42.043793
1427158297.198,-41.066452
1427158297.213,-39.14057
1427158297.229,-35.954285
1427158297.245,-31.552284
1427158297.26,-26.362885
1427158297.276,-20.96669
1427158297.292,-15.899826
1427158297.307,-11.398033
1427158297.323,-7.3231735
1427158297.338,-3.246788
1427158297.354,1.3052597
1427158297.37,6.6158066
1427158297.385,12.602531
1427158297.401,18.895576
1427158297.417,24.971306
1427158297.432,30.416397
1427158297.448,35.036095
1427158297.463,38.980186
1427158297.479,42.645485
1427158297.495,46.610947
1427158297.51,51.442757
1427158297.526,57.55729
1427158297.542,64.9502
1427158297.557,73.00902
1427158297.573,80.42473
1427158297.588,85.47558
1427158297.604,86.44645
1427158297.62,82.22355
1427158297.635,72.74612
1427158297.651,59.036385
1427158297.667,42.8413
1427158297.682,26.072083
1427158297.698,10.238075
1427158297.713,-3.8119888
1427158297.729,-15.797073
1427158297.745,-25.737762
1427158297.76,-33.69889
1427158297.776,-39.660408
1427158297.792,-43.63694
1427158297.807,-45.78212
1427158297.823,-46.51162
1427158297.838,-46.38157
1427158297.854,-45.926804
1427158297.87,-45.480103
1427158297.885,-45.09749
1427158297.901,-44.62432
1427158297.917,-43.87761
1427158297.932,-42.80178
1427158297.948,-41.539406
1427158297.963,-40.306618
1427158297.979,-39.294556
1427158297.995,-38.483925
1427158298.01,-37.66391
1427158298.026,-36.45024
1427158298.042,-34.49154
1427158298.057,-31.611557
1427158298.073,-27.907616
1427158298.088,-23.697128
1427158298.104,-19.383926
1427158298.12,-15.258781
1427158298.135,-11.395653
1427158298.151,-7.59639
1427158298.167,-3.5279083
1427158298.182,1.118351
1427158298.198,6.4134026
1427158298.213,12.144047
1427158298.229,17.873783
1427158298.245,23.141216
1427158298.26,27.647423
1427158298.276,31.39935
1427158298.292,34.65648
1427158298.307,37.892246
1427158298.323,41.630814
1427158298.338,46.35766
1427158298.354,52.328243
1427158298.37,59.30993
1427158298.385,66.40074
1427158298.401,72.085144
1427158298.417,74.54525
1427158298.432,72.318115
1427158298.448,64.844055
1427158298.463,52.792603
1427158298.479,37.80214
1427158298.495,21.911423
1427158298.51,6.864315
1427158298.526,-6.2894936
1427158298.542,-17.223602
1427158298.557,-26.040283
1427158298.573,-32.93833
1427158298.588,-38.01704
1427158298.604,-41.3036
1427158298.62,-42.902607
1427158298.635,-43.117
1427158298.651,-42.411667
1427158298.667,-41.302853
1427158298.682,-40.192886
1427158298.698,-39.3029
1427158298.713,-38.639343
1427158298.729,-38.081192
1427158298.745,-37.438736
1427158298.76,-36.587234
1427158298.776,-35.467773
1427158298.792,-34.124187
1427158298.807,-32.60563
1427158298.823,-30.934122
1427158298.838,-29.047401
1427158298.854,-26.840078
1427158298.87,-24.205448
1427158298.885,-21.111185
1427158298.901,-17.60831
1427158298.917,-13.796888
1427158298.932,-9.731949
1427158298.948,-5.4287415
1427158298.963,-0.82193565
1427158298.979,4.133813
1427158298.995,9.3729725
1427158299.01,14.723033
1427158299.026,19.93494
1427158299.042,24.760975
1427158299.057,29.101578
1427158299.073,32.994514
1427158299.088,36.66195
1427158299.104,40.42849
1427158299.12,44.703335
1427158299.135,49.848198
1427158299.151,56.044117
1427158299.167,63.02194
1427158299.182,69.93118
1427158299.198,75.34998
1427158299.213,77.63745
1427158299.229,75.45078
1427158299.245,68.32843
1427158299.26,56.93491
1427158299.276,42.83332
1427158299.292,27.924717
1427158299.307,13.779276
1427158299.323,1.2420807
1427158299.338,-9.536625
1427158299.354,-18.771725
1427158299.37,-26.627438
1427158299.385,-33.04502
1427158299.401,-37.788517
1427158299.417,-40.742096
1427158299.432,-42.046715
1427158299.448,-42.180435
1427158299.463,-41.694534
1427158299.479,-41.072796
1427158299.495,-40.51115
1427158299.51,-39.972134
1427158299.526,-39.297928
1427158299.542,-38.38396
1427158299.557,-37.263435
1427158299.573,-36.1195
1427158299.588,-35.17397
1427158299.604,-34.546875
1427158299.62,-34.16592
1427158299.635,-33.723373
1427158299.651,-32.788067
1427158299.667,-30.960829
1427158299.682,-28.076826
1427158299.698,-24.29899
1427158299.714,-20.052876
1427158299.729,-15.868446
1427158299.745,-12.109655
1427158299.76,-8.837589
1427158299.776,-5.749857
1427158299.792,-2.369995
1427158299.807,1.7097721
1427158299.823,6.636814
1427158299.838,12.213175
1427158299.854,17.966564
1427158299.87,23.371088
1427158299.885,28.063492
1427158299.901,31.979109
1427158299.917,35.36073
1427158299.932,38.68771
1427158299.948,42.50591
1427158299.964,47.30699
1427158299.979,53.31007
1427158299.995,60.349
1427158300.01,67.71805
1427158300.026,74.22404
1427158300.042,78.36383
1427158300.057,78.740395
1427158300.073,74.51436
1427158300.089,65.77553
1427158300.104,53.5334
1427158300.12,39.39658
1427158300.135,25.006245
1427158300.151,11.553673
1427158300.167,-0.40743637
1427158300.182,-10.829906
1427158300.198,-19.824497
1427158300.214,-27.369335
1427158300.229,-33.30249
1427158300.245,-37.41461
1427158300.26,-39.74309
1427158300.276,-40.63979
1427158300.292,-40.71594
1427158300.307,-40.55717
1427158300.323,-40.544273
1427158300.339,-40.709457
1427158300.354,-40.84418
1427158300.37,-40.666954
1427158300.385,-40.02418
1427158300.401,-38.94199
1427158300.417,-37.612152
1427158300.432,-36.266453
1427158300.448,-35.038204
1427158300.464,-33.87684
1427158300.479,-32.601017
1427158300.495,-30.950722
1427158300.51,-28.75521
1427158300.526,-26.006279
1427158300.542,-22.846004
1427158300.557,-19.492134
1427158300.573,-16.108692
1427158300.589,-12.691402
1427158300.604,-9.101822
1427158300.62,-5.1175804
1427158300.635,-0.5988388
1427158300.651,4.44022
1427158300.667,9.782101
1427158300.682,15.108383
1427158300.698,20.103584
1427158300.714,24.577812
1427158300.729,28.527122
1427158300.745,32.111855
1427158300.76,35.634407
1427158300.776,39.496567
1427158300.792,44.108727
1427158300.807,49.75829
1427158300.823,56.38135
1427158300.839,63.39128
1427158300.854,69.61632
1427158300.87,73.58562
1427158300.885,73.92774
1427158300.901,69.90328
1427158300.917,61.692078
1427158300.932,50.351192
1427158300.948,37.430477
1427158300.964,24.4258
1427158300.979,12.367428
1427158300.995,1.6899643
1427158301.01,-7.593792
1427158301.026,-15.583897
1427158301.042,-22.273426
1427158301.057,-27.499996
1427158301.073,-31.119377
1427158301.089,-33.168793
1427158301.104,-33.97634
1427158301.12,-34.025284
1427158301.135,-33.79215
1427158301.151,-33.54033
1427158301.167,-33.30831
1427158301.182,-32.982166
1427158301.198,-32.475178
1427158301.214,-31.797123
1427158301.229,-31.080791
1427158301.245,-30.449791
1427158301.26,-29.939346
1427158301.276,-29.440025
1427158301.292,-28.777557
1427158301.307,-27.754368
1427158301.323,-26.26432
1427158301.339,-24.233044
1427158301.354,-21.616665
1427158301.37,-18.383419
1427158301.385,-14.540543
1427158301.401,-10.169754
1427158301.417,-5.473755
1427158301.432,-0.7036896
1427158301.448,3.897335
1427158301.464,8.213242
1427158301.479,12.226086
1427158301.495,16.02805
1427158301.51,19.752747
1427158301.526,23.567318
1427158301.542,27.64991
1427158301.557,32.23456
1427158301.573,37.538895
1427158301.589,43.71936
1427158301.604,50.64646
1427158301.62,57.754356
1427158301.635,63.963985
1427158301.651,67.84177
1427158301.667,68.01642
1427158301.682,63.6583
1427158301.698,54.84467
1427158301.714,42.649395
1427158301.729,28.755028
1427158301.745,14.900993
1427158301.76,2.3212242
1427158301.776,-8.498318
1427158301.792,-17.675129
1427158301.807,-25.539112
1427158301.823,-32.281757
1427158301.839,-37.775505
1427158301.854,-41.722675
1427158301.87,-43.895275
1427158301.885,-44.38842
1427158301.901,-43.60761
1427158301.917,-42.170895
1427158301.932,-40.638485
1427158301.948,-39.392223
1427158301.964,-38.529625
1427158301.979,-37.94299
1427158301.995,-37.407997
1427158302.01,-36.697308
1427158302.026,-35.669876
1427158302.042,-34.315083
1427158302.057,-32.683636
1427158302.073,-30.865063
1427158302.089,-28.852444
1427158302.104,-26.559387
1427158302.12,-23.869247
1427158302.135,-20.714035
1427158302.151,-17.109894
1427158302.167,-13.132977
1427158302.182,-8.85318
1427158302.198,-4.282345
1427158302.214,0.60092163
1427158302.229,5.8204
1427158302.245,11.284645
1427158302.26,16.80423
1427158302.276,22.140816
1427158302.292,27.150719
1427158302.307,31.844673
1427158302.323,36.43543
1427158302.339,41.285458
1427158302.354,46.78148
1427158302.37,53.177044
1427158302.385,60.35974
1427158302.401,67.701706
1427158302.417,73.995575
1427158302.432,77.73822
1427158302.448,77.54558
1427158302.464,72.71745
1427158302.479,63.519604
1427158302.495,51.115734
1427158302.51,37.104565
1427158302.526,22.95065
1427158302.542,9.569935
1427158302.557,-2.673399
1427158302.573,-13.731243
1427158302.589,-23.481632
1427158302.604,-31.637993
1427158302.62,-37.824818
1427158302.636,-41.889175
1427158302.651,-44.03042
1427158302.667,-44.81674
1427158302.682,-44.896156
1427158302.698,-44.75473
1427158302.714,-44.577896
1427158302.729,-44.278618
1427158302.745,-43.679276
1427158302.761,-42.686893
1427158302.776,-41.392426
1427158302.792,-39.997448
1427158302.807,-38.747837
1427158302.823,-37.802605
1427158302.839,-37.118736
1427158302.854,-36.45505
1427158302.87,-35.403725
1427158302.886,-33.542915
1427158302.901,-30.612225
1427158302.917,-26.646118
1427158302.932,-21.987488
1427158302.948,-17.161644
1427158302.964,-12.632488
1427158302.979,-8.584883
1427158302.995,-4.8497257
1427158303.011,-1.0274181
1427158303.026,3.2942371
1427158303.042,8.281223
1427158303.057,13.78834
1427158303.073,19.422583
1427158303.089,24.769547
1427158303.104,29.588573
1427158303.12,33.89103
1427158303.136,37.913223
1427158303.151,42.00274
1427158303.167,46.546738
1427158303.182,51.884686
1427158303.198,58.21128
1427158303.214,65.43744
1427158303.229,72.9491
1427158303.245,79.509125
1427158303.261,83.50278
1427158303.276,83.369644
1427158303.292,78.23422
1427158303.307,68.309265
1427158303.323,54.832817
1427158303.339,39.624817
1427158303.354,24.379871
1427158303.37,10.194151
1427158303.386,-2.590498
1427158303.401,-14.025534
1427158303.417,-24.219837
1427158303.432,-33.010796
1427158303.448,-40.04255
1427158303.464,-44.990036
1427158303.479,-47.863922
1427158303.495,-49.042442
1427158303.511,-49.190918
1427158303.526,-48.953407
1427158303.542,-48.741436
1427158303.557,-48.67434
1427158303.573,-48.608696
1427158303.589,-48.327484
1427158303.604,-47.66796
1427158303.62,-46.63405
1427158303.636,-45.356144
1427158303.651,-44.018314
1427158303.667,-42.743183
1427158303.682,-41.493828
1427158303.698,-40.109554
1427158303.714,-38.333908
1427158303.729,-35.958076
1427158303.745,-32.904186
1427158303.761,-29.278404
1427158303.776,-25.283678
1427158303.792,-21.18665
1427158303.807,-17.1746
1427158303.823,-13.320884
1427158303.839,-9.543574
1427158303.854,-5.6605988
1427158303.87,-1.4307146
1427158303.886,3.3243895
1427158303.901,8.651081
1427158303.917,14.375996
1427158303.932,20.151665
1427158303.948,25.551725
1427158303.964,30.248844
1427158303.979,34.16185
1427158303.995,37.481
1427158304.011,40.602238
1427158304.026,43.989487
1427158304.042,48.049183
1427158304.057,53.085392
1427158304.073,59.201057
1427158304.089,66.22865
1427158304.104,73.52371
1427158304.12,79.9594
1427158304.136,84.00905
1427158304.151,84.19815
1427158304.167,79.614914
1427158304.182,70.32626
1427158304.198,57.39373
1427158304.214,42.53654
1427158304.229,27.476145
1427158304.245,13.43787
1427158304.261,0.93217874
1427158304.276,-10.053965
1427158304.292,-19.7025
1427158304.307,-28.016104
1427158304.323,-34.761677
1427158304.339,-39.622616
1427158304.354,-42.47315
1427158304.37,-43.52546
1427158304.386,-43.330162
1427158304.401,-42.561516
1427158304.417,-41.79557
1427158304.432,-41.3145
1427158304.448,-41.11335
1427158304.464,-41.013275
1427158304.479,-40.853058
1427158304.495,-40.587864
1427158304.511,-40.318626
1427158304.526,-40.134575
1427158304.542,-39.996025
1427158304.557,-39.636497
1427158304.573,-38.685204
1427158304.589,-36.785465
1427158304.604,-33.827435
1427158304.62,-29.96837
1427158304.636,-25.603605
1427158304.651,-21.167934
1427158304.667,-16.949062
1427158304.682,-12.980456
1427158304.698,-9.081943
1427158304.714,-4.950762
1427158304.729,-0.3926611
1427158304.745,4.5986385
1427158304.761,9.84108
1427158304.776,15.040325
1427158304.792,19.909111
1427158304.807,24.333975
1427158304.823,28.390444
1427158304.839,32.370857
1427158304.854,36.701797
1427158304.87,41.866188
1427158304.886,48.17153
1427158304.901,55.57041
1427158304.917,63.413475
1427158304.932,70.44676
1427158304.948,75.01125
1427158304.964,75.58367
1427158304.979,71.241974
1427158304.995,62.127487
1427158305.011,49.366474
1427158305.026,34.690575
1427158305.042,19.837667
1427158305.057,6.059471
1427158305.073,-6.0745277
1427158305.089,-16.518276
1427158305.104,-25.444466
1427158305.12,-32.964767
1427158305.136,-39.037582
1427158305.151,-43.537514
1427158305.167,-46.432472
1427158305.182,-47.867046
1427158305.198,-48.204124
1427158305.214,-47.84839
1427158305.229,-47.187084
1427158305.245,-46.44909
1427158305.261,-45.70349
1427158305.276,-44.910156
1427158305.292,-44.00535
1427158305.308,-42.960426
1427158305.323,-41.801838
1427158305.339,-40.546474
1427158305.354,-39.128464
1427158305.37,-37.38205
1427158305.386,-35.087517
1427158305.401,-32.10425
1427158305.417,-28.46698
1427158305.433,-24.393871
1427158305.448,-20.185581
1427158305.464,-16.063667
1427158305.479,-12.05035
1427158305.495,-7.960579
1427158305.511,-3.5480309
1427158305.526,1.3715668
1427158305.542,6.757435
1427158305.558,12.385811
1427158305.573,17.91941
1427158305.589,23.074612
1427158305.604,27.696453
1427158305.62,31.826607
1427158305.636,35.689835
1427158305.651,39.664413
1427158305.667,44.22479
1427158305.683,49.7835
1427158305.698,56.48221
1427158305.714,63.965454
1427158305.729,71.2073
1427158305.745,76.681656
1427158305.761,78.73708
1427158305.776,76.1564
1427158305.792,68.6367
1427158305.808,56.938007
1427158305.823,42.602245
1427158305.839,27.402786
1427158305.854,12.774101
1427158305.87,-0.474308
1427158305.886,-12.140133
1427158305.901,-22.278473
1427158305.917,-30.913544
1427158305.933,-37.89383
1427158305.948,-43.015778
1427158305.964,-46.229744
1427158305.979,-47.83457
1427158305.995,-48.402367
1427158306.011,-48.58292
1427158306.026,-48.815308
1427158306.042,-49.198185
1427158306.058,-49.515385
1427158306.073,-49.460556
1427158306.089,-48.83968
1427158306.104,-47.70547
1427158306.12,-46.316402
1427158306.136,-44.96588
1427158306.151,-43.81945
1427158306.167,-42.814808
1427158306.183,-41.678886
1427158306.198,-40.032116
1427158306.214,-37.538944
1427158306.229,-34.07123
1427158306.245,-29.733707
1427158306.261,-24.855732
1427158306.276,-19.839417
1427158306.292,-15.060318
1427158306.308,-10.696194
1427158306.323,-6.733204
1427158306.339,-2.9560165
1427158306.354,0.940258
1427158306.37,5.2282104
1427158306.386,10.03278
1427158306.401,15.298103
1427158306.417,20.771885
1427158306.433,26.108742
1427158306.448,30.975266
1427158306.464,35.23683
1427158306.479,38.968033
1427158306.495,42.530632
1427158306.511,46.44773
1427158306.526,51.284218
1427158306.542,57.365074
1427158306.558,64.61206
1427158306.573,72.354485
1427158306.589,79.39036
1427158306.604,84.17267
1427158306.62,85.24804
1427158306.636,81.70862
1427158306.651,73.52353
1427158306.667,61.58748
1427158306.683,47.381477
1427158306.698,32.502487
1427158306.714,18.207727
1427158306.729,5.1943607
1427158306.745,-6.287407
1427158306.761,-16.223677
1427158306.776,-24.561377
1427158306.792,-31.1884
1427158306.808,-35.98372
1427158306.823,-39.041584
1427158306.839,-40.67655
1427158306.854,-41.4034
1427158306.87,-41.72766
1427158306.886,-42.009426
1427158306.901,-42.37779
1427158306.917,-42.762848
1427158306.933,-43.011124
1427158306.948,-43.01733
1427158306.964,-42.78377
1427158306.979,-42.41464
1427158306.995,-42.0215
1427158307.011,-41.642612
1427158307.026,-41.149944
1427158307.042,-40.274075
1427158307.058,-38.6674
1427158307.073,-36.102264
1427158307.089,-32.539738
1427158307.104,-28.227604
1427158307.12,-23.593174
1427158307.136,-19.085503
1427158307.151,-14.973534
1427158307.167,-11.246426
1427158307.183,-7.618469
1427158307.198,-3.6817322
1427158307.214,0.86667633
1427158307.229,6.0542145
1427158307.245,11.580563
1427158307.261,16.929508
1427158307.276,21.630825
1427158307.292,25.465725
1427158307.308,28.586922
1427158307.323,31.458263
1427158307.339,34.688175
1427158307.354,38.816784
1427158307.37,44.158325
1427158307.386,50.656456
1427158307.401,57.818764
1427158307.417,64.6704
1427158307.433,69.899284
1427158307.448,72.07706
1427158307.464,70.09758
1427158307.479,63.534645
1427158307.495,52.866695
1427158307.511,39.36464
1427158307.526,24.676617
1427158307.542,10.307018
1427158307.558,-2.7497349
1427158307.573,-14.131292
1427158307.589,-23.839088
1427158307.604,-31.984621
1427158307.62,-38.532677
1427158307.636,-43.334248
1427158307.651,-46.28561
1427158307.667,-47.539635
1427158307.683,-47.54382
1427158307.698,-46.947235
1427158307.714,-46.340725
1427158307.729,-46.072983
1427158307.745,-46.16234
1427158307.761,-46.37981
1427158307.776,-46.408653
1427158307.792,-46.018547
1427158307.808,-45.1531
1427158307.823,-43.922623
1427158307.839,-42.48206
1427158307.854,-40.939766
1427158307.87,-39.25505
1427158307.886,-37.243843
1427158307.901,-34.627617
1427158307.917,-31.208057
1427158307.933,-26.988813
1427158307.948,-22.239035
1427158307.964,-17.378958
1427158307.98,-12.845295
1427158307.995,-8.85275
1427158308.011,-5.308548
1427158308.026,-1.840086
1427158308.042,1.9822598
1427158308.058,6.46416
1427158308.073,11.599096
1427158308.089,17.132
1427158308.105,22.650599
1427158308.12,27.811573
1427158308.136,32.44069
1427158308.151,36.585144
1427158308.167,40.42845
1427158308.183,44.243614
1427158308.198,48.33717
1427158308.214,53.01948
1427158308.23,58.525917
1427158308.245,64.84766
1427158308.261,71.50376
1427158308.276,77.46854
1427158308.292,81.28474
1427158308.308,81.48647
1427158308.323,77.121155
1427158308.339,68.18828
1427158308.355,55.640625
1427158308.37,41.072857
1427158308.386,26.107985
1427158308.401,11.935952
1427158308.417,-0.9124861
1427158308.433,-12.3317995
1427158308.448,-22.370258
1427158308.464,-30.915808
1427158308.48,-37.696976
1427158308.495,-42.486954
1427158308.511,-45.34202
1427158308.526,-46.632275
1427158308.542,-46.9481
1427158308.558,-46.854763
1427158308.573,-46.68486
1427158308.589,-46.501293
1427158308.605,-46.239902
1427158308.62,-45.808945
1427158308.636,-45.24916
1427158308.651,-44.64685
1427158308.667,-44.112896
1427158308.683,-43.645477
1427158308.698,-43.15964
1427158308.714,-42.485558
1427158308.73,-41.462444
1427158308.745,-39.95405
1427158308.761,-37.899857
1427158308.776,-35.294594
1427158308.792,-32.19413
1427158308.808,-28.67068
1427158308.823,-24.849888
1427158308.839,-20.817245
1427158308.855,-16.665493
1427158308.87,-12.444193
1427158308.886,-8.208874
1427158308.901,-3.9842205
1427158308.917,0.18474579
1427158308.933,4.3228893
1427158308.948,8.464296
1427158308.964,12.68037
1427158308.98,16.993732
1427158308.995,21.384388
1427158309.011,25.722721
1427158309.026,29.871555
1427158309.042,33.728413
1427158309.058,37.316357
1427158309.073,40.763477
1427158309.089,44.30665
1427158309.105,48.20097
1427158309.12,52.726406
1427158309.136,58.091507
1427158309.151,64.36777
1427158309.167,71.27251
1427158309.183,78.06711
1427158309.198,83.49844
1427158309.214,86.11162
1427158309.23,84.624115
1427158309.245,78.4236
1427158309.261,67.83507
1427158309.276,54.069855
1427158309.292,38.81954
1427158309.308,23.728703
1427158309.323,9.930878
1427158309.339,-2.0827713
1427158309.355,-12.328289
1427158309.37,-20.992855
1427158309.386,-28.195831
1427158309.401,-33.877098
1427158309.417,-37.940315
1427158309.433,-40.404015
1427158309.448,-41.546803
1427158309.464,-41.83461
1427158309.48,-41.81273
1427158309.495,-41.868313
1427158309.511,-42.14029
1427158309.526,-42.491722
1427158309.542,-42.66081
1427158309.558,-42.406937
1427158309.573,-41.679882
1427158309.589,-40.60163
1427158309.605,-39.405216
1427158309.62,-38.298325
1427158309.636,-37.36027
1427158309.651,-36.45002
1427158309.667,-35.294773
1427158309.683,-33.548637
1427158309.698,-31.005783
1427158309.714,-27.661003
1427158309.73,-23.757614
1427158309.745,-19.67886
1427158309.761,-15.790947
1427158309.776,-12.262554
1427158309.792,-9.018688
1427158309.808,-5.774109
1427158309.823,-2.2189941
1427158309.839,1.8609962
1427158309.855,6.433113
1427158309.87,11.249691
1427158309.886,15.942669
1427158309.901,20.190166
1427158309.917,23.7971
1427158309.933,26.778496
1427158309.948,29.323376
1427158309.964,31.761314
1427158309.98,34.492832
1427158309.995,37.954197
1427158310.011,42.490673
1427158310.026,48.234005
1427158310.042,54.907116
1427158310.058,61.733395
1427158310.073,67.46059
1427158310.089,70.65773
1427158310.105,70.086365
1427158310.12,65.17569
1427158310.136,56.210846
1427158310.151,44.310326
1427158310.167,30.994026
1427158310.183,17.768574
1427158310.198,5.654415
1427158310.214,-4.8908005
1427158310.23,-13.852341
1427158310.245,-21.382088
1427158310.261,-27.563396
1427158310.276,-32.328262
1427158310.292,-35.603306
1427158310.308,-37.432354
1427158310.323,-38.09737
1427158310.339,-38.022377
1427158310.355,-37.647903
1427158310.37,-37.2586
1427158310.386,-36.96982
1427158310.401,-36.718655
1427158310.417,-36.44892
1427158310.433,-36.16765
1427158310.448,-35.946632
1427158310.464,-35.87521
1427158310.48,-35.94478
1427158310.495,-36.000443
1427158310.511,-35.749878
1427158310.526,-34.84809
1427158310.542,-33.008404
1427158310.558,-30.115665
1427158310.573,-26.338306
1427158310.589,-22.034382
1427158310.605,-17.678925
1427158310.62,-13.603752
1427158310.636,-9.884735
1427158310.652,-6.256069
1427158310.667,-2.3489494
1427158310.683,2.1589584
1427158310.698,7.2722435
1427158310.714,12.718098
1427158310.73,18.046776
1427158310.745,22.90348
1427158310.761,27.141975
1427158310.776,30.90173
1427158310.792,34.474346
1427158310.808,38.205547
1427158310.823,42.419342
1427158310.839,47.386402
1427158310.855,53.249706
1427158310.87,59.871223
1427158310.886,66.58463
1427158310.902,72.24693
1427158310.917,75.37894
1427158310.933,74.70169
1427158310.948,69.59047
1427158310.964,60.371525
1427158310.98,48.204494
1427158310.995,34.619186
1427158311.011,21.017338
1427158311.027,8.311459
1427158311.042,-3.145424
1427158311.058,-13.297802
1427158311.073,-22.137634
1427158311.089,-29.52988
1427158311.105,-35.266407
1427158311.12,-39.244015
1427158311.136,-41.598816
1427158311.152,-42.709507
1427158311.167,-43.11811
1427158311.183,-43.28176
1427158311.198,-43.484554
1427158311.214,-43.75715
1427158311.23,-43.97436
1427158311.245,-43.976173
1427158311.261,-43.69338
1427158311.277,-43.17271
1427158311.292,-42.54341
1427158311.308,-41.895355
1427158311.323,-41.2144
1427158311.339,-40.34796
1427158311.355,-39.077084
1427158311.37,-37.19588
1427158311.386,-34.624275
1427158311.402,-31.39463
1427158311.417,-27.67062
1427158311.433,-23.662754
1427158311.448,-19.602695
1427158311.464,-15.684769
1427158311.48,-12.022579
1427158311.495,-8.599579
1427158311.511,-5.236763
1427158311.527,-1.6259117
1427158311.542,2.536663
1427158311.558,7.4348373
1427158311.573,12.971996
1427158311.589,18.797623
1427158311.605,24.42435
1427158311.62,29.453827
1427158311.636,33.735157
1427158311.652,37.443283
1427158311.667,40.940582
1427158311.683,44.696564
1427158311.698,49.09964
1427158311.714,54.43502
1427158311.73,60.756966
1427158311.745,67.78903
1427158311.761,74.77263
1427158311.777,80.436646
1427158311.792,83.2381
1427158311.808,81.8625
1427158311.823,75.69314
1427158311.839,65.19082
1427158311.855,51.724194
1427158311.87,37.08547
1427158311.886,22.820328
1427158311.902,9.833481
1427158311.917,-1.6662369
1427158311.933,-11.832172
1427158311.948,-20.811665
1427158311.964,-28.48246
1427158311.98,-34.558804
1427158311.995,-38.777416
1427158312.011,-41.188007
1427158312.027,-42.151844
1427158312.042,-42.276337
1427158312.058,-42.14128
1427158312.073,-42.121563
1427158312.089,-42.306618
1427158312.105,-42.5658
1427158312.12,-42.66821
1427158312.136,-42.46667
1427158312.152,-41.956444
1427158312.167,-41.290127
1427158312.183,-40.670597
1427158312.198,-40.237
1427158312.214,-39.90924
1427158312.23,-39.445683
1427158312.245,-38.4861
1427158312.261,-36.739975
1427158312.277,-34.086914
1427158312.292,-30.645271
1427158312.308,-26.673058
1427158312.323,-22.53225
1427158312.339,-18.494278
1427158312.355,-14.72562
1427158312.37,-11.1872635
1427158312.386,-7.6838074
1427158312.402,-3.9233055
1427158312.417,0.3870964
1427158312.433,5.366001
1427158312.448,10.884426
1427158312.464,16.558746
1427158312.48,21.886795
1427158312.495,26.442371
1427158312.511,30.055923
1427158312.527,32.9034
1427158312.542,35.404957
1427158312.558,38.110283
1427158312.573,41.523563
1427158312.589,46.063282
1427158312.605,51.902443
1427158312.62,58.910294
1427158312.636,66.49037
1427158312.652,73.52635
1427158312.667,78.538734
1427158312.683,80.07687
1427158312.698,77.20283
1427158312.714,69.86736
1427158312.73,58.918217
1427158312.745,45.791527
1427158312.761,32.002502
1427158312.777,18.740044
1427158312.792,6.688545
1427158312.808,-3.877327
1427158312.823,-12.881523
1427158312.839,-20.263432
1427158312.855,-25.966167
1427158312.87,-29.98925
1427158312.886,-32.49249
1427158312.902,-33.792084
1427158312.917,-34.293854
1427158312.933,-34.37396
1427158312.948,-34.3508
1427158312.964,-34.411297
1427158312.98,-34.653072
1427158312.995,-35.086006
1427158313.011,-35.677124
1427158313.027,-36.338417
1427158313.042,-36.981964
1427158313.058,-37.469975
1427158313.073,-37.64867
1427158313.089,-37.331387
1427158313.105,-36.367096
1427158313.12,-34.6899
1427158313.136,-32.347042
1427158313.152,-29.466469
1427158313.167,-26.180672
1427158313.183,-22.542416
1427158313.198,-18.52199
1427158313.214,-14.023306
1427158313.23,-9.013824
1427158313.245,-3.5789146
1427158313.261,2.0376377
1427158313.277,7.4867954
1427158313.292,12.460453
1427158313.308,16.837654
1427158313.323,20.747095
1427158313.339,24.578056
1427158313.355,28.813253
1427158313.37,33.90268
1427158313.386,40.074543
1427158313.402,47.23961
1427158313.417,54.889877
1427158313.433,62.139862
1427158313.448,67.772
1427158313.464,70.496376
1427158313.48,69.26658
1427158313.495,63.61033
1427158313.511,53.878464
1427158313.527,41.182064
1427158313.542,27.079147
1427158313.558,13.096575
1427158313.574,0.3113594
1427158313.589,-10.789297
1427158313.605,-20.191603
1427158313.62,-28.031666
1427158313.636,-34.3702
1427158313.652,-39.136787
1427158313.667,-42.265083
1427158313.683,-43.844666
1427158313.699,-44.22457
1427158313.714,-43.85942
1427158313.73,-43.177467
1427158313.745,-42.451843
1427158313.761,-41.777523
1427158313.777,-41.14687
1427158313.792,-40.514763
1427158313.808,-39.87743
1427158313.824,-39.25968
1427158313.839,-38.658745
1427158313.855,-38.02209
1427158313.87,-37.245453
1427158313.886,-36.158726
1427158313.902,-34.58545
1427158313.917,-32.40182
1427158313.933,-29.55423
1427158313.949,-26.160837
1427158313.964,-22.377539
1427158313.98,-18.423216
1427158313.995,-14.376884
1427158314.011,-10.155629
1427158314.027,-5.5231643
1427158314.042,-0.264143
1427158314.058,5.6860275
1427158314.074,12.125889
1427158314.089,18.67634
1427158314.105,24.902708
1427158314.12,30.513042
1427158314.136,35.452156
1427158314.152,39.92797
1427158314.167,44.37668
1427158314.183,49.32441
1427158314.199,55.202377
1427158314.214,62.13102
1427158314.23,69.681335
1427158314.245,76.77698
1427158314.261,81.84556
1427158314.277,83.28394
1427158314.292,79.97551
1427158314.308,71.764656
1427158314.324,59.52056
1427158314.339,44.838394
1427158314.355,29.452671
1427158314.37,14.71811
1427158314.386,1.3645
1427158314.402,-10.447301
1427158314.417,-20.815838
1427158314.433,-29.79344
1427158314.449,-37.270473
1427158314.464,-42.9849
1427158314.48,-46.762825
1427158314.495,-48.68868
1427158314.511,-49.192863
1427158314.527,-48.957348
1427158314.542,-48.714867
1427158314.558,-48.93184
1427158314.574,-49.68319
1427158314.589,-50.670258
1427158314.605,-51.3904
1427158314.62,-51.459473
1427158314.636,-50.746387
1427158314.652,-49.412025
1427158314.667,-47.77419
1427158314.683,-46.081406
1427158314.699,-44.399967
1427158314.714,-42.58738
1427158314.73,-40.390694
1427158314.745,-37.57705
1427158314.761,-34.04977
1427158314.777,-29.873596
1427158314.792,-25.269636
1427158314.808,-20.524513
1427158314.824,-15.913364
1427158314.839,-11.510962
1427158314.855,-7.2333813
1427158314.87,-2.833373
1427158314.886,1.9495487
1427158314.902,7.202944
1427158314.917,12.785152
1427158314.933,18.37151
1427158314.949,23.606627
1427158314.964,28.259384
1427158314.98,32.318947
1427158314.995,35.963383
1427158315.011,39.441113
1427158315.027,43.039143
1427158315.042,47.01956
1427158315.058,51.660625
1427158315.074,57.266827
1427158315.089,64.01915
1427158315.105,71.74748
1427158315.12,79.70179
1427158315.136,86.4883
1427158315.152,90.390366
1427158315.167,89.86822
1427158315.183,84.20359
1427158315.199,73.768936
1427158315.214,59.948357
1427158315.23,44.57238
1427158315.245,29.286411
1427158315.261,15.139188
1427158315.277,2.4656887
1427158315.292,-8.798777
1427158315.308,-18.753567
1427158315.324,-27.295362
1427158315.339,-34.125767
1427158315.355,-38.979744
1427158315.37,-41.85933
1427158315.386,-43.13437
1427158315.402,-43.393066
1427158315.417,-43.2444
1427158315.433,-43.094044
1427158315.449,-43.04538
1427158315.464,-42.951973
1427158315.48,-42.61458
1427158315.495,-41.931023
1427158315.511,-41.01378
1427158315.527,-40.127293
1427158315.542,-39.502007
1427158315.558,-39.153885
1427158315.574,-38.810093
1427158315.589,-38.00661
1427158315.605,-36.32592
1427158315.62,-33.63159
1427158315.636,-30.106707
1427158315.652,-26.178646
1427158315.667,-22.26128
1427158315.683,-18.553581
1427158315.699,-14.967899
1427158315.714,-11.208397
1427158315.73,-7.01482
1427158315.745,-2.2851105
1427158315.761,2.84721
1427158315.777,8.116791
1427158315.792,13.247555
1427158315.808,18.061943
1427158315.824,22.486588
1427158315.839,26.581928
1427158315.855,30.483765
1427158315.87,34.43737
1427158315.886,38.810738
1427158315.902,43.996525
1427158315.917,50.200024
1427158315.933,57.18965
1427158315.949,64.07687
1427158315.964,69.43996
1427158315.98,71.66437
1427158315.995,69.532974
1427158316.011,62.658764
1427158316.027,51.714855
1427158316.042,38.116444
1427158316.058,23.55478
1427158316.074,9.433071
1427158316.089,-3.4194145
1427158316.105,-14.695335
1427158316.12,-24.36216
1427158316.136,-32.397377
1427158316.152,-38.651928
1427158316.167,-42.973137
1427158316.183,-45.38072
1427158316.199,-46.198772
1427158316.214,-46.003567
1427158316.23,-45.447483
1427158316.246,-44.989246
1427158316.261,-44.77865
1427158316.277,-44.687157
1427158316.292,-44.470535
1427158316.308,-43.961056
1427158316.324,-43.213493
1427158316.339,-42.38004
1427158316.355,-41.612576
1427158316.371,-40.879406
1427158316.386,-39.937016
1427158316.402,-38.42631
1427158316.417,-36.06884
1427158316.433,-32.836666
1427158316.449,-28.946617
1427158316.464,-24.799
1427158316.48,-20.705204
1427158316.496,-16.755833
1427158316.511,-12.790115
1427158316.527,-8.449097
1427158316.542,-3.4465942
1427158316.558,2.2795258
1427158316.574,8.471325
1427158316.589,14.68132
1427158316.605,20.415863
1427158316.621,25.417198
1427158316.636,29.721188
1427158316.652,33.647644
1427158316.667,37.68411
1427158316.683,42.340733
1427158316.699,48.033257
1427158316.714,54.963474
1427158316.73,62.910667
1427158316.746,71.09875
1427158316.761,78.19897
1427158316.777,82.55522
1427158316.792,82.6657
1427158316.808,77.78398
1427158316.824,68.19095
1427158316.839,55.134716
1427158316.855,40.354668
1427158316.871,25.483646
1427158316.886,11.560715
1427158316.902,-0.9905205
1427158316.917,-12.172226
1427158316.933,-22.04961
1427158316.949,-30.556751
1427158316.964,-37.48784
1427158316.98,-42.697136
1427158316.996,-46.225285
1427158317.011,-48.36429
1427158317.027,-49.562332
1427158317.042,-50.256355
1427158317.058,-50.73553
1427158317.074,-51.10246
1427158317.089,-51.239407
1427158317.105,-50.994087
1427158317.121,-50.267666
1427158317.136,-49.11203
1427158317.152,-47.719444
1427158317.167,-46.34802
1427158317.183,-45.11892
1427158317.199,-43.96253
1427158317.214,-42.585888
1427158317.23,-40.611538
1427158317.246,-37.773216
1427158317.261,-34.047207
1427158317.277,-29.668247
1427158317.292,-25.068531
1427158317.308,-20.645733
1427158317.324,-16.603004
1427158317.339,-12.843426
1427158317.355,-9.031769
1427158317.371,-4.686035
1427158317.386,0.5422363
1427158317.402,6.7022324
1427158317.417,13.47665
1427158317.433,20.27235
1427158317.449,26.45084
1427158317.464,31.634499
1427158317.48,35.842396
1427158317.496,39.482796
1427158317.511,43.1599
1427158317.527,47.481712
1427158317.542,52.846214
1427158317.558,59.41109
1427158317.574,66.91116
1427158317.589,74.623276
1427158317.605,81.33243
1427158317.621,85.51341
1427158317.636,85.70781
1427158317.652,81.07564
1427158317.667,71.75232
1427158317.683,58.851044
1427158317.699,44.10147
1427158317.714,29.22344
1427158317.73,15.375401
1427158317.746,2.9967747
1427158317.761,-8.008673
1427158317.777,-17.877588
1427158317.792,-26.634954
1427158317.808,-34.025383
1427158317.824,-39.704193
1427158317.839,-43.45361
1427158317.855,-45.420494
1427158317.871,-46.058258
1427158317.886,-45.995262
1427158317.902,-45.80845
1427158317.917,-45.834167
1427158317.933,-46.11383
1427158317.949,-46.46071
1427158317.964,-46.600548
1427158317.98,-46.34085
1427158317.996,-45.672375
1427158318.011,-44.754124
1427158318.027,-43.769707
1427158318.042,-42.804768
1427158318.058,-41.709297
1427158318.074,-40.167458
1427158318.089,-37.785492
1427158318.105,-34.344822
1427158318.121,-29.871628
1427158318.136,-24.692879
1427158318.152,-19.289305
1427158318.167,-14.14868
1427158318.183,-9.52475
1427158318.199,-5.3831844
1427158318.214,-1.3793116
1427158318.23,2.9365902
1427158318.246,7.8901844
1427158318.261,13.486252
1427158318.277,19.373806
1427158318.292,24.96368
1427158318.308,29.716091
1427158318.324,33.39377
1427158318.339,36.190163
1427158318.355,38.62192
1427158318.371,41.36877
1427158318.386,45.025177
1427158318.402,49.949104
1427158318.417,56.15564
1427158318.433,63.277477
1427158318.449,70.47192
1427158318.464,76.52017
1427158318.48,79.98507
1427158318.496,79.5882
1427158318.511,74.64975
1427158318.527,65.378494
1427158318.542,52.817863
1427158318.558,38.531483
1427158318.574,24.08133
1427158318.589,10.681737
1427158318.605,-1.02876
1427158318.621,-10.883421
1427158318.636,-19.018959
1427158318.652,-25.594616
1427158318.667,-30.779621
1427158318.683,-34.68041
1427158318.699,-37.42102
1427158318.714,-39.17213
1427158318.73,-40.16968
1427158318.746,-40.661896
1427158318.761,-40.90395
1427158318.777,-41.03135
1427158318.792,-41.08712
1427158318.808,-41.032604
1427158318.824,-40.793816
1427158318.839,-40.3277
1427158318.855,-39.671516
1427158318.871,-38.873283
1427158318.886,-37.96431
1427158318.902,-36.89214
1427158318.918,-35.54066
1427158318.933,-33.729378
1427158318.949,-31.29885
1427158318.964,-28.116106
1427158318.98,-24.11861
1427158318.996,-19.329353
1427158319.011,-13.888631
1427158319.027,-8.037428
1427158319.043,-2.096446
1427158319.058,3.6525736
1427158319.074,9.013074
1427158319.089,13.962166
1427158319.105,18.59473
1427158319.121,23.053604
1427158319.136,27.476181
1427158319.152,32.00927
1427158319.168,36.849518
1427158319.183,42.259056
1427158319.199,48.432167
1427158319.214,55.261566
1427158319.23,62.092827
1427158319.246,67.69385
1427158319.261,70.54755
1427158319.277,69.37912
1427158319.293,63.677677
1427158319.308,53.886986
1427158319.324,41.294758
1427158319.339,27.523481
1427158319.355,13.965493
1427158319.371,1.4896574
1427158319.386,-9.590181
1427158319.402,-19.257206
1427158319.418,-27.497677
1427158319.433,-34.180176
1427158319.449,-39.14059
1427158319.464,-42.342957
1427158319.48,-44.009464
1427158319.496,-44.587097
1427158319.511,-44.582943
1427158319.527,-44.382744
1427158319.543,-44.15043
1427158319.558,-43.875275
1427158319.574,-43.46289
1427158319.589,-42.860077
1427158319.605,-42.104385
1427158319.621,-41.303425
1427158319.636,-40.550106
1427158319.652,-39.858475
1427158319.668,-39.109314
1427158319.683,-38.086403
1427158319.699,-36.534283
1427158319.714,-34.22728
1427158319.73,-31.050468
1427158319.746,-27.0812
1427158319.761,-22.540012
1427158319.777,-17.747034
1427158319.793,-12.99466
1427158319.808,-8.411494
1427158319.824,-3.944007
1427158319.839,0.60781384
1427158319.855,5.431702
1427158319.871,10.595819
1427158319.886,15.933622
1427158319.902,21.153965
1427158319.918,25.949411
1427158319.933,30.163364
1427158319.949,33.846485
1427158319.964,37.29223
1427158319.98,40.93948
1427158319.996,45.26883
1427158320.011,50.668167
1427158320.027,57.23428
1427158320.043,64.57691
1427158320.058,71.73754
1427158320.074,77.3033
1427158320.089,79.77355
1427158320.105,78.01808
1427158320.121,71.718796
1427158320.136,61.4466
1427158320.152,48.49388
1427158320.168,34.394146
1427158320.183,20.455553
1427158320.199,7.4492645
1427158320.214,-4.3402443
1427158320.23,-14.917795
1427158320.246,-24.275991
1427158320.261,-32.250244
1427158320.277,-38.51822
1427158320.293,-42.819817
1427158320.308,-45.132652
1427158320.324,-45.7901
1427158320.339,-45.428314
1427158320.355,-44.745056
1427158320.371,-44.25338
1427158320.386,-44.128357
1427158320.402,-44.158936
1427158320.418,-43.997215
1427158320.433,-43.334457
1427158320.449,-42.182175
1427158320.464,-40.807777
1427158320.48,-39.57056
1427158320.496,-38.67034
1427158320.511,-37.99797
1427158320.527,-37.11325
1427158320.543,-35.480133
1427158320.558,-32.71592
1427158320.574,-28.796585
1427158320.589,-24.060411
1427158320.605,-19.086514
1427158320.621,-14.41828
1427158320.636,-10.334606
1427158320.652,-6.718136
1427158320.668,-3.161377
1427158320.683,0.850132
1427158320.699,5.5914955
1427158320.714,11.025917
1427158320.73,16.729927
1427158320.746,22.166481
1427158320.761,26.8741
1427158320.777,30.722408
1427158320.793,33.89142
1427158320.808,36.818645
1427158320.824,40.041115
1427158320.839,44.0341
1427158320.855,49.15285
1427158320.871,55.48934
1427158320.886,62.76216
1427158320.902,70.208145
1427158320.918,76.55129
1427158320.933,80.308
1427158320.949,80.14958
1427158320.964,75.43283
1427158320.98,66.3725
1427158320.996,54.076725
1427158321.011,40.095566
1427158321.027,26.02959
1427158321.043,13.043209
1427158321.058,1.7666893
1427158321.074,-7.6893425
1427158321.089,-15.470306
1427158321.105,-21.76984
1427158321.121,-26.724659
1427158321.136,-30.380276
1427158321.152,-32.793755
1427158321.168,-34.091835
1427158321.183,-34.497204
1427158321.199,-34.321545
1427158321.214,-33.844532
1427158321.23,-33.30675
1427158321.246,-32.83206
1427158321.261,-32.49456
1427158321.277,-32.313507
1427158321.293,-32.304607
1427158321.308,-32.45212
1427158321.324,-32.661472
1427158321.339,-32.72224
1427158321.355,-32.33784
1427158321.371,-31.225704
1427158321.386,-29.246727
1427158321.402,-26.423824
1427158321.418,-22.979206
1427158321.433,-19.212093
1427158321.449,-15.382038
1427158321.464,-11.609455
1427158321.48,-7.868458
1427158321.496,-4.0188866
1427158321.511,0.0607872
1427158321.527,4.416832
1427158321.543,8.96257
1427158321.558,13.535778
1427158321.574,17.938229
1427158321.59,22.052002
1427158321.605,25.873436
1427158321.621,29.571445
1427158321.636,33.473755
1427158321.652,37.997562
1427158321.668,43.452457
1427158321.683,49.830685
1427158321.699,56.572468
1427158321.714,62.567596
1427158321.73,66.33658
1427158321.746,66.52253
1427158321.761,62.340054
1427158321.777,53.8833
1427158321.793,42.112534
1427158321.808,28.501667
1427158321.824,14.558506
1427158321.84,1.4439926
1427158321.855,-10.183182
1427158321.871,-20.077374
1427158321.886,-28.211382
1427158321.902,-34.614857
1427158321.918,-39.331017
1427158321.933,-42.43445
1427158321.949,-44.091877
1427158321.965,-44.542374
1427158321.98,-44.09942
1427158321.996,-43.064705
1427158322.011,-41.753834
1427158322.027,-40.410736
1427158322.043,-39.233215
1427158322.058,-38.33924
1427158322.074,-37.75956
1427158322.09,-37.426216
1427158322.105,-37.188267
1427158322.121,-36.842705
1427158322.136,-36.1514
1427158322.152,-34.86476
1427158322.168,-32.831192
1427158322.183,-30.028084
1427158322.199,-26.60786
1427158322.215,-22.819046
1427158322.23,-18.930878
1427158322.246,-15.080317
1427158322.261,-11.199734
1427158322.277,-7.085161
1427158322.293,-2.535221
1427158322.308,2.544775
1427158322.324,8.019739
1427158322.34,13.636787
1427158322.355,19.122116
1427158322.371,24.31668
1427158322.386,29.21934
1427158322.402,33.986465
1427158322.418,38.84117
1427158322.433,44.04828
1427158322.449,49.82595
1427158322.465,56.255436
1427158322.48,63.098064
1427158322.496,69.64844
1427158322.511,74.728485
1427158322.527,76.92652
1427158322.543,75.06438
1427158322.558,68.67189
1427158322.574,58.21151
1427158322.59,44.975815
1427158322.605,30.606527
1427158322.621,16.561394
1427158322.636,3.7320652
1427158322.652,-7.58914
1427158322.668,-17.465755
1427158322.683,-25.984518
1427158322.699,-33.08664
1427158322.715,-38.54077
1427158322.73,-42.201267
1427158322.746,-44.174522
1427158322.761,-44.894196
1427158322.777,-44.9234
1427158322.793,-44.781715
1427158322.808,-44.708626
1427158322.824,-44.663902
1427158322.84,-44.444702
1427158322.855,-43.866905
1427158322.871,-42.922832
1427158322.886,-41.776886
1427158322.902,-40.626038
1427158322.918,-39.570232
1427158322.933,-38.512993
1427158322.949,-37.204247
1427158322.965,-35.326477
1427158322.98,-32.67917
1427158322.996,-29.2387
1427158323.011,-25.189087
1427158323.027,-20.824726
1427158323.043,-16.42166
1427158323.058,-12.113354
1427158323.074,-7.828594
1427158323.09,-3.3434906
1427158323.105,1.5788803
1427158323.121,7.0214577
1427158323.136,12.835384
1427158323.152,18.6526
1427158323.168,24.07093
1427158323.183,28.821568
1427158323.199,32.871067
1427158323.215,36.475132
1427158323.23,40.049988
1427158323.246,44.118546
1427158323.261,49.11383
1427158323.277,55.271015
1427158323.293,62.4049
1427158323.308,69.77752
1427158323.324,76.065796
1427158323.34,79.66806
1427158323.355,79.1994
1427158323.371,73.99665
1427158323.386,64.42445
1427158323.402,51.74974
1427158323.418,37.6558
1427158323.433,23.670918
1427158323.449,10.739262
1427158323.465,-0.7930908
1427158323.48,-10.98753
1427158323.496,-19.921928
1427158323.511,-27.54824
1427158323.527,-33.68667
1427158323.543,-38.206898
1427158323.558,-41.18848
1427158323.574,-42.9776
1427158323.59,-44.00174
1427158323.605,-44.62783
1427158323.621,-45.00556
1427158323.636,-45.072887
1427158323.652,-44.69629
1427158323.668,-43.839317
1427158323.683,-42.65721
1427158323.699,-41.467346
1427158323.715,-40.575054
1427158323.73,-40.087086
1427158323.746,-39.79344
1427158323.761,-39.233498
1427158323.777,-37.87557
1427158323.793,-35.374794
1427158323.808,-31.682999
1427158323.824,-27.132746
1427158323.84,-22.203455
1427158323.855,-17.40808
1427158323.871,-13.047585
1427158323.886,-9.1666355
1427158323.902,-5.531086
1427158323.918,-1.7837029
1427158323.933,2.448639
1427158323.949,7.3377953
1427158323.965,12.804497
1427158323.98,18.498087
1427158323.996,23.953894
1427158324.011,28.757914
1427158324.027,32.766815
1427158324.043,36.145004
1427158324.058,39.356884
1427158324.074,42.978325
1427158324.09,47.579956
1427158324.105,53.437325
1427158324.121,60.411476
1427158324.136,67.75896
1427158324.152,74.19574
1427158324.168,78.13954
1427158324.183,78.174324
1427158324.199,73.54814
1427158324.215,64.47381
1427158324.23,52.09871
1427158324.246,38.07647
1427158324.261,24.017939
1427158324.277,10.998957
1427158324.293,-0.550745
1427158324.308,-10.654177
1427158324.324,-19.459116
1427158324.34,-26.94867
1427158324.355,-32.950928
1427158324.371,-37.22992
1427158324.386,-39.768536
1427158324.402,-40.80892
1427158324.418,-40.842426
1427158324.433,-40.42431
1427158324.449,-39.989494
1427158324.465,-39.764645
1427158324.48,-39.761063
1427158324.496,-39.85623
1427158324.512,-39.910725
1427158324.527,-39.871807
1427158324.543,-39.72672
1427158324.558,-39.455894
1427158324.574,-38.97209
1427158324.59,-38.042007
1427158324.605,-36.426453
1427158324.621,-33.95713
1427158324.637,-30.647116
1427158324.652,-26.661297
1427158324.668,-22.272743
1427158324.683,-17.670599
1427158324.699,-12.918192
1427158324.715,-7.968672
1427158324.73,-2.7596455
1427158324.746,2.6760283
1427158324.762,8.18247
1427158324.777,13.535229
1427158324.793,18.541515
1427158324.808,23.122711
1427158324.824,27.370716
1427158324.84,31.528725
1427158324.855,35.93728
1427158324.871,41.010284
1427158324.887,47.05175
1427158324.902,54.096226
1427158324.918,61.65266
1427158324.933,68.60974
1427158324.949,73.41365
1427158324.965,74.50782
1427158324.98,70.907455
1427158324.996,62.603092
1427158325.012,50.571648
1427158325.027,36.447575
1427158325.043,21.90896
1427158325.058,8.217602
1427158325.074,-4.016481
1427158325.09,-14.674477
1427158325.105,-23.852074
1427158325.121,-31.560873
1427158325.137,-37.68371
1427158325.152,-42.082508
1427158325.168,-44.77688
1427158325.183,-46.02214
1427158325.199,-46.275955
1427158325.215,-46.03639
1427158325.23,-45.66893
1427158325.246,-45.3072
1427158325.262,-44.884514
1427158325.277,-44.260612
1427158325.293,-43.34491
1427158325.308,-42.20091
1427158325.324,-41.00747
1427158325.34,-39.939396
1427158325.355,-39.041645
1427158325.371,-38.121403
1427158325.387,-36.821266
1427158325.402,-34.763767
1427158325.418,-31.748898
1427158325.433,-27.864477
1427158325.449,-23.470474
1427158325.465,-18.9909
1427158325.48,-14.717471
1427158325.496,-10.651311
1427158325.512,-6.5421586
1427158325.527,-2.006536
1427158325.543,3.1845818
1427158325.558,8.982504
1427158325.574,15.071972
1427158325.59,21.002792
1427158325.605,26.41991
1427158325.621,31.220634
1427158325.637,35.566257
1427158325.652,39.800148
1427158325.668,44.358807
1427158325.683,49.651207
1427158325.699,55.890747
1427158325.715,62.975826
1427158325.73,70.2704
1427158325.746,76.59022
1427158325.762,80.383575
1427158325.777,80.21085
1427158325.793,75.240875
1427158325.808,65.65875
1427158325.824,52.628445
1427158325.84,37.870644
1427158325.855,23.042887
1427158325.871,9.261896
1427158325.887,-3.0522695
1427158325.902,-13.943401
1427158325.918,-23.534586
1427158325.933,-31.772678
1427158325.949,-38.384033
1427158325.965,-43.098804
1427158325.98,-45.87836
1427158325.996,-47.0164
1427158326.012,-47.060314
1427158326.027,-46.56708
1427158326.043,-45.927074
1427158326.058,-45.25721
1427158326.074,-44.518444
1427158326.09,-43.599876
1427158326.105,-42.527523
1427158326.121,-41.451393
1427158326.137,-40.600723
1427158326.152,-40.09255
1427158326.168,-39.824684
1427158326.183,-39.443863
1427158326.199,-38.495285
1427158326.215,-36.585712
1427158326.23,-33.571842
1427158326.246,-29.633688
1427158326.262,-25.19392
1427158326.277,-20.733742
1427158326.293,-16.61147
1427158326.308,-12.872259
1427158326.324,-9.279496
1427158326.34,-5.4216747
1427158326.355,-0.9253807
1427158326.371,4.364443
1427158326.387,10.29506
1427158326.402,16.469994
1427158326.418,22.39494
1427158326.433,27.697996
1427158326.449,32.266037
1427158326.465,36.293888
1427158326.48,40.21907
1427158326.496,44.614414
1427158326.512,49.9813
1427158326.527,56.56092
1427158326.543,64.13548
1427158326.558,71.89107
1427158326.574,78.45141
1427158326.59,82.23405
1427158326.605,81.89949
1427158326.621,76.89695
1427158326.637,67.674164
1427158326.652,55.53946
1427158326.668,42.15937
1427158326.683,28.955055
1427158326.699,16.719776
1427158326.715,5.573554
1427158326.73,-4.690548
1427158326.746,-14.228876
1427158326.762,-22.885239
1427158326.777,-30.220375
1427158326.793,-35.77903
1427158326.808,-39.34918
1427158326.824,-41.13473
1427158326.84,-41.654068
1427158326.855,-41.53909
1427158326.871,-41.27182
1427158326.887,-41.0637
1427158326.902,-40.874947
1427158326.918,-40.54721
1427158326.933,-39.933426
1427158326.949,-38.988106
1427158326.965,-37.761776
1427158326.98,-36.29108
1427158326.996,-34.57244
1427158327.012,-32.512135
1427158327.027,-29.994745
1427158327.043,-26.94979
1427158327.058,-23.386448
1427158327.074,-19.391726
1427158327.09,-15.075489
1427158327.105,-10.530529
1427158327.121,-5.8211403
1427158327.137,-1.033124
1427158327.152,3.7595587
1427158327.168,8.438616
1427158327.184,12.921233
1427158327.199,17.173801
1427158327.215,21.234257
1427158327.23,25.209156
1427158327.246,29.274347
1427158327.262,33.668888
1427158327.277,38.65962
1427158327.293,44.3942
1427158327.309,50.7399
1427158327.324,57.05566
1427158327.34,62.225655
1427158327.355,64.87803
1427158327.371,63.843758
1427158327.387,58.589478
1427158327.402,49.472397
1427158327.418,37.584366
1427158327.434,24.374458
1427158327.449,11.132109
1427158327.465,-1.3047209
1427158327.48,-12.553734
1427158327.496,-22.438534
1427158327.512,-30.774597
1427158327.527,-37.252937
1427158327.543,-41.56936
1427158327.559,-43.685925
1427158327.574,-43.95845
1427158327.59,-43.06697
1427158327.605,-41.80301
1427158327.621,-40.76732
1427158327.637,-40.165977
1427158327.652,-39.82834
1427158327.668,-39.39256
1427158327.684,-38.501102
1427158327.699,-37.03075
1427158327.715,-35.086823
1427158327.73,-32.955765
1427158327.746,-30.90509
1427158327.762,-29.073122
1427158327.777,-27.34029
1427158327.793,-25.448015
1427158327.809,-22.99165
1427158327.824,-19.639505
1427158327.84,-15.247963
1427158327.855,-9.931307
1427158327.871,-4.0481052
1427158327.887,1.9140987
1427158327.902,7.5437336
1427158327.918,12.621931
1427158327.934,17.206161
1427158327.949,21.553358
1427158327.965,26.072382
1427158327.98,31.106075
1427158327.996,36.963844
1427158328.012,43.754105
1427158328.027,51.323967
1427158328.043,59.082916
1427158328.059,65.975136
1427158328.074,70.57727
1427158328.09,71.49614
1427158328.105,67.83064
1427158328.121,59.58159
1427158328.137,47.68567
1427158328.152,33.74545
1427158328.168,19.431053
1427158328.184,6.0097446
1427158328.199,-5.8911304
1427158328.215,-16.150822
1427158328.23,-24.835184
1427158328.246,-31.927864
1427158328.262,-37.28485
1427158328.277,-40.745274
1427158328.293,-42.39992
1427158328.309,-42.652916
1427158328.324,-42.143826
1427158328.34,-41.462524
1427158328.355,-40.987686
1427158328.371,-40.754967
1427158328.387,-40.587208
1427158328.402,-40.247673
1427158328.418,-39.629196
1427158328.434,-38.796387
1427158328.449,-37.916473
1427158328.465,-37.051888
1427158328.48,-36.12042
1427158328.496,-34.88771
1427158328.512,-33.09648
1427158328.527,-30.599903
1427158328.543,-27.447958
1427158328.559,-23.821579
1427158328.574,-19.928
1427158328.59,-15.867918
1427158328.605,-11.592194
1427158328.621,-6.947111
1427158328.637,-1.8389711
1427158328.652,3.715043
1427158328.668,9.540716
1427158328.684,15.385518
1427158328.699,20.970407
1427158328.715,26.13046
1427158328.73,30.81261
1427158328.746,35.120792
1427158328.762,39.290314
1427158328.777,43.668175
1427158328.793,48.655018
1427158328.809,54.537014
1427158328.824,61.26104
1427158328.84,68.274284
1427158328.855,74.45382
1427158328.871,78.35316
1427158328.887,78.609985
1427158328.902,74.4607
1427158328.918,66.030014
1427158328.934,54.30424
1427158328.949,40.767216
1427158328.965,26.867615
1427158328.98,13.594731
1427158328.996,1.4020596
1427158329.012,-9.63396
1427158329.027,-19.483566
1427158329.043,-27.946218
1427158329.059,-34.648865
1427158329.074,-39.262665
1427158329.09,-41.742817
1427158329.105,-42.457138
1427158329.121,-42.08534
1427158329.137,-41.38596
1427158329.152,-40.8807
1427158329.168,-40.736286
1427158329.184,-40.728325
1427158329.199,-40.464016
1427158329.215,-39.60063
1427158329.23,-38.03674
1427158329.246,-35.966446
1427158329.262,-33.76359
1427158329.277,-31.773376
1427158329.293,-30.110842
1427158329.309,-28.564215
1427158329.324,-26.652227
1427158329.34,-23.82413
1427158329.355,-19.722279
1427158329.371,-14.367802
1427158329.387,-8.166315
1427158329.402,-1.7605381
1427158329.418,4.2209034
1427158329.434,9.404356
1427158329.449,13.768703
1427158329.465,17.623579
1427158329.48,21.420296
1427158329.496,25.612364
1427158329.512,30.500725
1427158329.527,36.233925
1427158329.543,42.7203
1427158329.559,49.595444
1427158329.574,56.112137
1427158329.59,61.191055
1427158329.605,63.59269
1427158329.621,62.289192
1427158329.637,56.84105
1427158329.652,47.610725
1427158329.668,35.706257
1427158329.684,22.588154
1427158329.699,9.660135
1427158329.715,-2.0861244
1427158329.73,-12.168934
1427158329.746,-20.462605
1427158329.762,-26.999176
1427158329.777,-31.818739
1427158329.793,-35.00264
1427158329.809,-36.722965
1427158329.824,-37.326202
1427158329.84,-37.22686
1427158329.856,-36.79253
1427158329.871,-36.20433
1427158329.887,-35.448288
1427158329.902,-34.401604
1427158329.918,-32.995285
1427158329.934,-31.311687
1427158329.949,-29.561964
1427158329.965,-27.973679
1427158329.981,-26.609507
1427158329.996,-25.314985
1427158330.012,-23.722792
1427158330.027,-21.413939
1427158330.043,-18.126358
1427158330.059,-13.841848
1427158330.074,-8.832769
1427158330.09,-3.5294323
1427158330.106,1.6576748
1427158330.121,6.4905663
1427158330.137,10.96843
1427158330.152,15.314096
1427158330.168,19.89561
1427158330.184,25.094465
1427158330.199,31.192167
1427158330.215,38.19718
1427158330.231,45.70411
1427158330.246,52.810097
1427158330.262,58.24134
1427158330.277,60.651558
1427158330.293,59.066757
1427158330.309,53.26254
1427158330.324,43.854683
1427158330.34,32.103516
1427158330.356,19.443253
1427158330.371,7.072691
1427158330.387,-4.306959
1427158330.402,-14.427952
1427158330.418,-23.247707
1427158330.434,-30.681974
1427158330.449,-36.51394
1427158330.465,-40.5095
1427158330.481,-42.578743
1427158330.496,-42.940163
1427158330.512,-42.09986
1427158330.527,-40.673615
1427158330.543,-39.194687
1427158330.559,-37.88253
1427158330.574,-36.665062
1427158330.59,-35.248764
1427158330.606,-33.379135
1427158330.621,-31.005045
1427158330.637,-28.364454
1427158330.652,-25.848366
1427158330.668,-23.784729
1427158330.684,-22.210571
1427158330.699,-20.821848
1427158330.715,-19.061125
1427158330.731,-16.38848
1427158330.746,-12.503477
1427158330.762,-7.500458
1427158330.777,-1.8029289
1427158330.793,3.9777374
1427158330.809,9.324707
1427158330.824,13.945763
1427158330.84,17.930779
1427158330.856,21.640284
1427158330.871,25.626549
1427158330.887,30.428009
1427158330.902,36.42636
1427158330.918,43.687153
1427158330.934,51.814533
1427158330.949,59.89581
1427158330.965,66.600945
1427158330.981,70.42517
1427158330.996,70.141495
1427158331.012,65.213326
1427158331.027,56.011875
1427158331.043,43.72585
1427158331.059,29.962717
1427158331.074,16.216843
1427158331.09,3.5106182
1427158331.106,-7.731083
1427158331.121,-17.509651
1427158331.137,-25.984503
1427158331.152,-33.203777
1427158331.168,-39.098473
1427158331.184,-43.483646
1427158331.199,-46.27231
1427158331.215,-47.54151
1427158331.231,-47.568188
1427158331.246,-46.74916
1427158331.262,-45.51994
1427158331.277,-44.225388
1427158331.293,-43.032135
1427158331.309,-41.93822
1427158331.324,-40.834705
1427158331.34,-39.533386
1427158331.356,-37.948948
1427158331.371,-36.05768
1427158331.387,-33.922127
1427158331.402,-31.565199
1427158331.418,-28.91794
1427158331.434,-25.832525
1427158331.449,-22.192844
1427158331.465,-17.994162
1427158331.481,-13.363981
1427158331.496,-8.520076
1427158331.512,-3.6378648
1427158331.527,1.2038693
1427158331.543,6.0349555
1427158331.559,10.906462
1427158331.574,15.823328
1427158331.59,20.690802
1427158331.606,25.369534
1427158331.621,29.812696
1427158331.637,34.09307
1427158331.652,38.48818
1427158331.668,43.387253
1427158331.684,49.157234
1427158331.699,55.91636
1427158331.715,63.30433
1427158331.731,70.35627
1427158331.746,75.65259
1427158331.762,77.66789
1427158331.777,75.26837
1427158331.793,68.22482
1427158331.809,57.29932
1427158331.824,43.97094
1427158331.84,29.92384
1427158331.856,16.461105
1427158331.871,4.237791
1427158331.887,-6.6491814
1427158331.902,-16.330223
1427158331.918,-24.818151
1427158331.934,-31.89307
1427158331.949,-37.202106
1427158331.965,-40.5308
1427158331.981,-41.99538
1427158331.996,-42.07549
1427158332.012,-41.44799
1427158332.027,-40.736412
1427158332.043,-40.32727
1427158332.059,-40.25387
1427158332.074,-40.260155
1427158332.09,-39.95986
1427158332.106,-39.056484
1427158332.121,-37.46215
1427158332.137,-35.369755
1427158332.152,-33.0971
1427158332.168,-30.941444
1427158332.184,-28.97256
1427158332.199,-26.989143
1427158332.215,-24.624409
1427158332.231,-21.541945
1427158332.246,-17.57842
1427158332.262,-12.818802
1427158332.277,-7.5439053
1427158332.293,-2.1154404
1427158332.309,3.1930084
1427158332.324,8.195318
1427158332.34,12.859699
1427158332.356,17.268116
1427158332.371,21.570002
1427158332.387,25.958014
1427158332.402,30.64227
1427158332.418,35.825424
1427158332.434,41.65217
1427158332.449,48.134953
1427158332.465,54.979343
1427158332.481,61.499943
1427158332.496,66.58569
1427158332.512,68.9252
1427158332.528,67.45006
1427158332.543,61.76415
1427158332.559,52.386635
1427158332.574,40.599953
1427158332.59,27.981207
1427158332.606,15.82328
1427158332.621,4.8305225
1427158332.637,-4.8941956
1427158332.652,-13.480244
1427158332.668,-20.9692
1427158332.684,-27.12991
1427158332.699,-31.61758
1427158332.715,-34.226055
1427158332.731,-35.13975
1427158332.746,-34.92884
1427158332.762,-34.331856
1427158332.778,-33.959373
1427158332.793,-34.07649
1427158332.809,-34.52417
1427158332.824,-34.923256
1427158332.84,-34.84911
1427158332.856,-34.09397
1427158332.871,-32.705677
1427158332.887,-30.94989
1427158332.903,-29.141705
1427158332.918,-27.462135
1427158332.934,-25.846725
1427158332.949,-24.033932
1427158332.965,-21.690819
1427158332.981,-18.556866
1427158332.996,-14.565071
1427158333.012,-9.851372
1427158333.028,-4.7127075
1427158333.043,0.52799606
1427158333.059,5.594013
1427158333.074,10.361729
1427158333.09,14.876553
1427158333.106,19.273014
1427158333.121,23.794483
1427158333.137,28.667267
1427158333.153,34.11582
1427158333.168,40.268337
1427158333.184,47.048656
1427158333.199,53.995342
1427158333.215,60.218353
1427158333.231,64.45472
1427158333.246,65.464615
1427158333.262,62.384686
1427158333.278,55.164055
1427158333.293,44.563873
1427158333.309,31.92244
1427158333.324,18.697319
1427158333.34,6.030422
1427158333.356,-5.421749
1427158333.371,-15.404331
1427158333.387,-23.836227
1427158333.403,-30.652012
1427158333.418,-35.776
1427158333.434,-39.212654
1427158333.449,-41.12025
1427158333.465,-41.814644
1427158333.481,-41.675995
1427158333.496,-41.05872
1427158333.512,-40.230694
1427158333.528,-39.35914
1427158333.543,-38.541924
1427158333.559,-37.796963
1427158333.574,-37.09162
1427158333.59,-36.31366
1427158333.606,-35.346195
1427158333.621,-34.060177
1427158333.637,-32.37999
1427158333.653,-30.290215
1427158333.668,-27.831844
1427158333.684,-25.045319
1427158333.699,-21.986675
1427158333.715,-18.678505
1427158333.731,-15.12801
1427158333.746,-11.31147
1427158333.762,-7.176239
1427158333.778,-2.6631165
1427158333.793,2.2086143
1427158333.809,7.32872
1427158333.824,12.493225
1427158333.84,17.481419
1427158333.856,22.153759
1427158333.871,26.52282
1427158333.887,30.762058
1427158333.903,35.181946
1427158333.918,40.13899
1427158333.934,45.910576
1427158333.949,52.573162
1427158333.965,59.7984
1427158333.981,66.742386
1427158333.996,72.1219
1427158334.012,74.48699
1427158334.028,72.71445
1427158334.043,66.4156
1427158334.059,56.139084
1427158334.074,43.200417
1427158334.09,29.205162
1427158334.106,15.548828
1427158334.121,3.081623
1427158334.137,-7.8777237
1427158334.153,-17.298195
1427158334.168,-25.210503
1427158334.184,-31.53054
1427158334.199,-36.171112
1427158334.215,-39.13778
1427158334.231,-40.590103
1427158334.246,-40.845093
1427158334.262,-40.28164
1427158334.278,-39.25344
1427158334.293,-38.069466
1427158334.309,-36.969337
1427158334.324,-36.114365
1427158334.34,-35.542908
1427158334.356,-35.2134
1427158334.371,-34.99475
1427158334.387,-34.713943
1427158334.403,-34.190414
1427158334.418,-33.276543
1427158334.434,-31.833961
1427158334.449,-29.808823
1427158334.465,-27.204857
1427158334.481,-24.126587
1427158334.496,-20.73291
1427158334.512,-17.169693
1427158334.528,-13.460106
1427158334.543,-9.494965
1427158334.559,-5.0932617
1427158334.574,-0.14720917
1427158334.59,5.2776794
1427158334.606,10.94252
1427158334.621,16.500961
1427158334.637,21.637672
1427158334.653,26.204468
1427158334.668,30.251984
1427158334.684,34.033325
1427158334.699,37.91738
1427158334.715,42.34941
1427158334.731,47.66308
1427158334.746,53.931
1427158334.762,60.73217
1427158334.778,67.066284
1427158334.793,71.51742
1427158334.809,72.65978
1427158334.824,69.573494
1427158334.84,62.2163
1427158334.856,51.495308
1427158334.871,38.911148
1427158334.887,26.022263
1427158334.903,13.992416
1427158334.918,3.3356857
1427158334.934,-5.887558
1427158334.949,-13.838333
1427158334.965,-20.555603
1427158334.981,-25.911362
1427158334.996,-29.690262
1427158335.012,-31.839058
1427158335.028,-32.54599
1427158335.043,-32.220894
1427158335.059,-31.372375
1427158335.074,-30.399223
1427158335.09,-29.505424
1427158335.106,-28.716827
1427158335.121,-27.946312
1427158335.137,-27.121101
1427158335.153,-26.188507
1427158335.168,-25.136612
1427158335.184,-23.984604
1427158335.2,-22.735603
1427158335.215,-21.383675
1427158335.231,-19.932526
1427158335.246,-18.356728
1427158335.262,-16.59681
1427158335.278,-14.524361
1427158335.293,-11.981369
1427158335.309,-8.821678
1427158335.324,-4.968254
1427158335.34,-0.46836853
1427158335.356,4.5295486
1427158335.371,9.832817
1427158335.387,15.219231
1427158335.403,20.537567
1427158335.418,25.698357
1427158335.434,30.742363
1427158335.45,35.835808
1427158335.465,41.33476
1427158335.481,47.674847
1427158335.496,55.17877
1427158335.512,63.73885
1427158335.528,72.579926
1427158335.543,80.27042
1427158335.559,85.08394
1427158335.575,85.52281
1427158335.59,80.88227
1427158335.606,71.50797
1427158335.621,58.6841
1427158335.637,44.11139
1427158335.653,29.402317
1427158335.668,15.633488
1427158335.684,3.304634
1427158335.7,-7.4800987
1427158335.715,-16.68406
1427158335.731,-24.213722
1427158335.746,-29.863232
1427158335.762,-33.551804
1427158335.778,-35.430454
1427158335.793,-35.95702
1427158335.809,-35.79448
1427158335.825,-35.604984
1427158335.84,-35.83696
1427158335.856,-36.6432
1427158335.871,-37.89491
1427158335.887,-39.277405
1427158335.903,-40.444397
1427158335.918,-41.15217
1427158335.934,-41.281586
1427158335.95,-40.89182
1427158335.965,-40.120186
1427158335.981,-39.113316
1427158335.996,-37.950104
1427158336.012,-36.575924
1427158336.028,-34.84219
1427158336.043,-32.607533
1427158336.059,-29.808378
1427158336.075,-26.544773
1427158336.09,-23.018333
1427158336.106,-19.470312
1427158336.121,-16.020517
1427158336.137,-12.662355
1427158336.153,-9.217577
1427158336.168,-5.4279437
1427158336.184,-1.0003934
1427158336.2,4.328457
1427158336.215,10.7740965
1427158336.231,18.348555
1427158336.246,26.760715
1427158336.262,35.232483
1427158336.278,42.6015
1427158336.293,47.47457
1427158336.309,48.71636
1427158336.325,45.791607
1427158336.34,39.01412
1427158336.356,29.426437
1427158336.371,18.439342
1427158336.387,7.3673973
1427158336.403,-2.8897038
1427158336.418,-11.927761
1427158336.434,-19.654343
1427158336.45,-26.08094
1427158336.465,-31.12182
1427158336.481,-34.609554
1427158336.496,-36.42124
1427158336.512,-36.662125
1427158336.528,-35.696037
1427158336.543,-34.101665
1427158336.559,-32.44874
1427158336.575,-31.126677
1427158336.59,-30.18566
1427158336.606,-29.41233
1427158336.621,-28.440132
1427158336.637,-27.002434
1427158336.653,-25.051685
1427158336.668,-22.777767
1427158336.684,-20.501385
1427158336.7,-18.509373
1427158336.715,-16.87577
1427158336.731,-15.469083
1427158336.746,-13.956591
1427158336.762,-11.999613
1427158336.778,-9.342121
1427158336.793,-5.939187
1427158336.809,-1.9172916
1427158336.825,2.4605846
1427158336.84,6.938797
1427158336.856,11.313834
1427158336.871,15.507852
1427158336.887,19.576756
1427158336.903,23.688938
1427158336.918,28.075644
1427158336.934,33.037827
1427158336.95,38.80613
1427158336.965,45.40761
1427158336.981,52.479977
1427158336.996,59.196934
1427158337.012,64.316765
1427158337.028,66.56537
1427158337.043,65.028046
1427158337.059,59.51986
1427158337.075,50.634785
1427158337.09,39.53649
1427158337.106,27.512123
1427158337.121,15.637367
1427158337.137,4.563305
1427158337.153,-5.355522
1427158337.168,-13.929571
1427158337.184,-20.929134
1427158337.2,-26.141003
1427158337.215,-29.439274
1427158337.231,-30.94991
1427158337.246,-31.045538
1427158337.262,-30.313719
1427158337.278,-29.321146
1427158337.293,-28.486582
1427158337.309,-27.945604
1427158337.325,-27.561548
1427158337.34,-27.04253
1427158337.356,-26.127033
1427158337.371,-24.755081
1427158337.387,-23.110792
1427158337.403,-21.559431
1427158337.418,-20.416977
1427158337.434,-19.754585
1427158337.45,-19.312729
1427158337.465,-18.534891
1427158337.481,-16.872463
1427158337.496,-13.978046
1427158337.512,-9.907459
1427158337.528,-5.059334
1427158337.543,-0.039705276
1427158337.559,4.6335278
1427158337.575,8.686903
1427158337.59,12.1950245
1427158337.606,15.4855385
1427158337.621,18.998304
1427158337.637,23.127907
1427158337.653,28.13951
1427158337.668,34.10401
1427158337.684,40.869324
1427158337.7,47.942722
1427158337.715,54.478897
1427158337.731,59.317646
1427158337.746,61.23632
1427158337.762,59.306915
1427158337.778,53.27104
1427158337.793,43.66566
1427158337.809,31.717087
1427158337.825,18.906132
1427158337.84,6.552788
1427158337.856,-4.519951
1427158337.871,-13.984734
1427158337.887,-21.84074
1427158337.903,-28.125134
1427158337.918,-32.79781
1427158337.934,-35.75509
1427158337.95,-37.02113
1427158337.965,-36.86801
1427158337.981,-35.82145
1427158337.996,-34.480137
1427158338.012,-33.320473
1427158338.028,-32.510036
1427158338.043,-31.921299
1427158338.059,-31.26688
1427158338.075,-30.301075
1427158338.09,-28.979565
1427158338.106,-27.471138
1427158338.122,-26.015713
1427158338.137,-24.760101
1427158338.153,-23.629025
1427158338.168,-22.3446
1427158338.184,-20.495014
1427158338.2,-17.777214
1427158338.215,-14.071598
1427158338.231,-9.519051
1427158338.247,-4.460411
1427158338.262,0.6757431
1427158338.278,5.5682297
1427158338.293,10.033848
1427158338.309,14.136494
1427158338.325,18.143135
1427158338.34,22.471539
1427158338.356,27.577671
1427158338.372,33.843525
1427158338.387,41.309082
1427158338.403,49.546234
1427158338.418,57.502327
1427158338.434,63.719543
1427158338.45,66.65745
1427158338.465,65.25655
1427158338.481,59.2529
1427158338.497,49.351265
1427158338.512,36.885277
1427158338.528,23.394127
1427158338.543,10.115646
1427158338.559,-2.1862946
1427158338.575,-13.1959
1427158338.59,-22.812698
1427158338.606,-30.895622
1427158338.622,-37.22724
1427158338.637,-41.5644
1427158338.653,-43.84841
1427158338.668,-44.32216
1427158338.684,-43.498375
1427158338.7,-42.03956
1427158338.715,-40.547813
1427158338.731,-39.39715
1427158338.747,-38.63031
1427158338.762,-38.049873
1427158338.778,-37.288757
1427158338.793,-36.043312
1427158338.809,-34.167114
1427158338.825,-31.77481
1427158338.84,-29.164383
1427158338.856,-26.678627
1427158338.872,-24.508102
1427158338.887,-22.589989
1427158338.903,-20.580887
1427158338.918,-18.033081
1427158338.934,-14.579254
1427158338.95,-10.154945
1427158338.965,-5.033081
1427158338.981,0.28059387
1427158338.997,5.287834
1427158339.012,9.710175
1427158339.028,13.643448
1427158339.043,17.434128
1427158339.059,21.553581
1427158339.075,26.35328
1427158339.09,32.060722
1427158339.106,38.730072
1427158339.122,46.265556
1427158339.137,54.31208
1427158339.153,62.097565
1427158339.168,68.36311
1427158339.184,71.59317
1427158339.2,70.458984
1427158339.215,64.35368
1427158339.231,53.7427
1427158339.247,40.07099
1427158339.262,25.262085
1427158339.278,11.067146
1427158339.293,-1.4410248
1427158339.309,-11.984512
1427158339.325,-20.814507
1427158339.34,-28.275078
1427158339.356,-34.48761
1427158339.372,-39.290268
1427158339.387,-42.448288
1427158339.403,-43.88295
1427158339.418,-43.874863
1427158339.434,-42.952065
1427158339.45,-41.762825
1427158339.465,-40.767418
1427158339.481,-40.103966
1427158339.497,-39.59543
1427158339.512,-38.90143
1427158339.528,-37.74343
1427158339.543,-36.060158
1427158339.559,-34.009293
1427158339.575,-31.866669
1427158339.59,-29.806602
1427158339.606,-27.820412
1427158339.622,-25.70047
1427158339.637,-23.19899
1427158339.653,-20.114578
1427158339.668,-16.413124
1427158339.684,-12.162476
1427158339.7,-7.501625
1427158339.715,-2.5468826
1427158339.731,2.5862885
1427158339.747,7.7930145
1427158339.762,12.948204
1427158339.778,17.921417
1427158339.793,22.627853
1427158339.809,27.07428
1427158339.825,31.366951
1427158339.84,35.75383
1427158339.856,40.56421
1427158339.872,46.169243
1427158339.887,52.750343
1427158339.903,60.12433
1427158339.918,67.509445
1427158339.934,73.58534
1427158339.95,76.74596
1427158339.965,75.658844
1427158339.981,69.755844
1427158339.997,59.51174
1427158340.012,46.271782
1427158340.028,31.790115
1427158340.043,17.633522
1427158340.059,4.8126144
1427158340.075,-6.254631
1427158340.09,-15.504707
1427158340.106,-22.966309
1427158340.122,-28.592964
1427158340.137,-32.36393
1427158340.153,-34.39395
1427158340.168,-35.082573
1427158340.184,-35.021812
1427158340.2,-34.828636
1427158340.215,-34.897247
1427158340.231,-35.304893
1427158340.247,-35.822853
1427158340.262,-36.07424
1427158340.278,-35.759377
1427158340.293,-34.782585
1427158340.309,-33.298042
1427158340.325,-31.636414
1427158340.34,-30.10392
1427158340.356,-28.820717
1427158340.372,-27.61126
1427158340.387,-26.053886
1427158340.403,-23.64038
1427158340.418,-20.049904
1427158340.434,-15.302765
1427158340.45,-9.799561
1427158340.465,-4.1273804
1427158340.481,1.1731033
1427158340.497,5.863144
1427158340.512,10.055733
1427158340.528,14.111443
1427158340.543,18.46392
1427158340.559,23.47689
1427158340.575,29.361977
1427158340.59,36.186165
1427158340.606,43.69909
1427158340.622,51.286247
1427158340.637,57.84282
1427158340.653,61.964195
1427158340.668,62.31227
1427158340.684,58.129936
1427158340.7,49.559525
1427158340.715,37.698402
1427158340.731,24.176285
1427158340.747,10.587738
1427158340.762,-1.9802933
1427158340.778,-13.057442
1427158340.794,-22.579735
1427158340.809,-30.547783
1427158340.825,-36.845833
1427158340.84,-41.215744
1427158340.856,-43.53878
1427158340.872,-43.986694
1427158340.887,-43.119537
1427158340.903,-41.66008
1427158340.919,-40.23162
1427158340.934,-39.1193
1427158340.95,-38.236473
1427158340.965,-37.237694
1427158340.981,-35.81073
1427158340.997,-33.849648
1427158341.012,-31.555183
1427158341.028,-29.28733
1427158341.044,-27.39502
1427158341.059,-25.972519
1427158341.075,-24.806335
1427158341.09,-23.40049
1427158341.106,-21.211739
1427158341.122,-17.858528
1427158341.137,-13.319504
1427158341.153,-7.9074783
1427158341.169,-2.1677551
1427158341.184,3.3913345
1427158341.2,8.440239
1427158341.215,12.954147
1427158341.231,17.180511
1427158341.247,21.536385
1427158341.262,26.467087
1427158341.278,32.332718
1427158341.294,39.257545
1427158341.309,47.049232
1427158341.325,55.016876
1427158341.34,62.033524
1427158341.356,66.67039
1427158341.372,67.60829
1427158341.387,64.06566
1427158341.403,56.115387
1427158341.419,44.7032
1427158341.434,31.334671
1427158341.45,17.567223
1427158341.465,4.5700912
1427158341.481,-7.072792
1427158341.497,-17.272964
1427158341.512,-26.136093
1427158341.528,-33.673042
1427158341.544,-39.71675
1427158341.559,-43.9777
1427158341.575,-46.307198
1427158341.59,-46.79042
1427158341.606,-45.866364
1427158341.622,-44.152657
1427158341.637,-42.285767
1427158341.653,-40.70469
1427158341.669,-39.57833
1427158341.684,-38.77691
1427158341.7,-38.048126
1427158341.715,-37.132553
1427158341.731,-35.924767
1427158341.747,-34.461884
1427158341.762,-32.873314
1427158341.778,-31.247383
1427158341.794,-29.547913
1427158341.809,-27.578438
1427158341.825,-25.093414
1427158341.84,-21.864532
1427158341.856,-17.84317
1427158341.872,-13.133575
1427158341.887,-7.9707413
1427158341.903,-2.6219788
1427158341.919,2.7078247
1427158341.934,7.919594
1427158341.95,12.972771
1427158341.965,17.854584
1427158341.981,22.585503
1427158341.997,27.20243
1427158342.012,31.829285
1427158342.028,36.73166
1427158342.044,42.264473
1427158342.059,48.719833
1427158342.075,56.043175
1427158342.09,63.6353
1427158342.106,70.26416
1427158342.122,74.39648
1427158342.137,74.60925
1427158342.153,70.191895
1427158342.169,61.395996
1427158342.184,49.3687
1427158342.2,35.744972
1427158342.215,22.114235
1427158342.231,9.563156
1427158342.247,-1.4176521
1427158342.262,-10.781052
1427158342.278,-18.631847
1427158342.294,-25.016533
1427158342.309,-29.854595
1427158342.325,-33.096634
1427158342.34,-34.82586
1427158342.356,-35.359417
1427158342.372,-35.166122
1427158342.387,-34.71932
1427158342.403,-34.337265
1427158342.419,-34.10665
1427158342.434,-33.92086
1427158342.45,-33.59743
1427158342.465,-33.00087
1427158342.481,-32.10752
1427158342.497,-30.968338
1427158342.512,-29.665611
1427158342.528,-28.22406
1427158342.544,-26.611816
1427158342.559,-24.753326
1427158342.575,-22.603073
1427158342.59,-20.144783
1427158342.606,-17.407082
1427158342.622,-14.379173
1427158342.637,-11.040218
1427158342.653,-7.284981
1427158342.669,-3.027008
1427158342.684,1.7487488
1427158342.7,6.9278336
1427158342.715,12.283932
1427158342.731,17.50272
1427158342.747,22.32241
1427158342.762,26.618961
1427158342.778,30.435398
1427158342.794,34.011436
1427158342.809,37.755478
1427158342.825,42.105076
1427158342.84,47.41823
1427158342.856,53.755905
1427158342.872,60.696808
1427158342.887,67.23761
1427158342.903,71.960754
1427158342.919,73.38726
1427158342.934,70.520355
1427158342.95,63.201256
1427158342.965,52.222813
1427158342.981,39.031883
1427158342.997,25.213978
1427158343.012,12.008617
1427158343.028,0.0716362
1427158343.044,-10.432846
1427158343.059,-19.525208
1427158343.075,-27.164051
1427158343.09,-33.142296
1427158343.106,-37.21734
1427158343.122,-39.31639
1427158343.137,-39.71755
1427158343.153,-38.96649
1427158343.169,-37.7594
1427158343.184,-36.645588
1427158343.2,-35.912052
1427158343.215,-35.489273
1427158343.231,-35.082024
1427158343.247,-34.352478
1427158343.262,-33.108788
1427158343.278,-31.420357
1427158343.294,-29.57249
1427158343.309,-27.897358
1427158343.325,-26.585766
1427158343.34,-25.543068
1427158343.356,-24.409363
1427158343.372,-22.70058
1427158343.387,-20.010365
1427158343.403,-16.181255
1427158343.419,-11.3832855
1427158343.434,-6.0303917
1427158343.45,-0.60723495
1427158343.466,4.4963074
1427158343.481,9.111683
1427158343.497,13.320869
1427158343.512,17.35788
1427158343.528,21.553867
1427158343.544,26.21516
1427158343.559,31.605537
1427158343.575,37.86315
1427158343.59,44.896397
1427158343.606,52.2927
1427158343.622,59.210712
1427158343.637,64.47197
1427158343.653,66.79758
1427158343.669,65.19197
1427158343.684,59.317036
1427158343.7,49.627026
1427158343.716,37.262356
1427158343.731,23.651272
1427158343.747,10.115898
1427158343.762,-2.452076
1427158343.778,-13.614643
1427158343.794,-23.301876
1427158343.809,-31.517319
1427158343.825,-38.24991
1427158343.841,-43.430584
1427158343.856,-47.02577
1427158343.872,-49.118004
1427158343.887,-49.96426
1427158343.903,-49.884705
1427158343.919,-49.202732
1427158343.934,-48.137733
1427158343.95,-46.80541
1427158343.966,-45.27079
1427158343.981,-43.612415
1427158343.997,-41.93148
1427158344.012,-40.32976
1427158344.028,-38.812653
1427158344.044,-37.293457
1427158344.059,-35.54322
1427158344.075,-33.346104
1427158344.091,-30.54181
1427158344.106,-27.168182
1427158344.122,-23.404194
1427158344.137,-19.506504
1427158344.153,-15.645496
1427158344.169,-11.837896
1427158344.184,-7.9044685
1427158344.2,-3.5776062
1427158344.216,1.3430138
1427158344.231,6.8527813
1427158344.247,12.714941
1427158344.262,18.521513
1427158344.278,23.879309
1427158344.294,28.5616
1427158344.309,32.580074
1427158344.325,36.189217
1427158344.341,39.825695
1427158344.356,43.997696
1427158344.372,49.164486
1427158344.387,55.5288
1427158344.403,62.816475
1427158344.419,70.14002
1427158344.434,76.06065
1427158344.45,78.93213
1427158344.466,77.47131
1427158344.481,71.23662
1427158344.497,60.82863
1427158344.512,47.619995
1427158344.528,33.274075
1427158344.544,19.135002
1427158344.559,5.997323
1427158344.575,-5.8800726
1427158344.591,-16.447823
1427158344.606,-25.601536
1427158344.622,-33.07042
1427158344.637,-38.590412
1427158344.653,-42.085583
1427158344.669,-43.86265
1427158344.684,-44.4936
1427158344.7,-44.6184
1427158344.716,-44.705307
1427158344.731,-44.885838
1427158344.747,-44.99864
1427158344.762,-44.74984
1427158344.778,-43.94359
1427158344.794,-42.629448
1427158344.809,-41.063087
1427158344.825,-39.613335
1427158344.841,-38.500786
1427158344.856,-37.681732
1427158344.872,-36.79958
1427158344.887,-35.377182
1427158344.903,-32.98603
1427158344.919,-29.50502
1427158344.934,-25.145548
1427158344.95,-20.377691
1427158344.966,-15.701066
1427158344.981,-11.4596815
1427158344.997,-7.666354
1427158345.012,-4.0514984
1427158345.028,-0.2317276
1427158345.044,4.0849752
1427158345.059,8.939507
1427158345.075,14.094724
1427158345.091,19.199932
1427158345.106,23.95794
1427158345.122,28.259981
1427158345.137,32.215633
1427158345.153,36.090836
1427158345.169,40.184284
1427158345.184,44.78936
1427158345.2,50.100765
1427158345.216,56.11288
1427158345.231,62.4974
1427158345.247,68.50287
1427158345.262,73.00773
1427158345.278,74.788055
1427158345.294,72.9041
1427158345.309,67.08899
1427158345.325,57.820503
1427158345.341,46.19022
1427158345.356,33.452065
1427158345.372,20.705343
1427158345.387,8.633965
1427158345.403,-2.391655
1427158345.419,-12.191717
1427158345.434,-20.587753
1427158345.45,-27.40169
1427158345.466,-32.48568
1427158345.481,-35.8479
1427158345.497,-37.6612
1427158345.512,-38.24981
1427158345.528,-38.016106
1427158345.544,-37.373253
1427158345.559,-36.66138
1427158345.575,-36.09518
1427158345.591,-35.713257
1427158345.606,-35.408585
1427158345.622,-34.985176
1427158345.637,-34.272522
1427158345.653,-33.16487
1427158345.669,-31.676855
1427158345.684,-29.851175
1427158345.7,-27.75888
1427158345.716,-25.434942
1427158345.731,-22.896914
1427158345.747,-20.118767
1427158345.762,-17.05766
1427158345.778,-13.633623
1427158345.794,-9.751345
1427158345.809,-5.343342
1427158345.825,-0.4301777
1427158345.841,4.8539257
1427158345.856,10.256237
1427158345.872,15.4937935
1427158345.887,20.340288
1427158345.903,24.717028
1427158345.919,28.685257
1427158345.934,32.46341
1427158345.95,36.392582
1427158345.966,40.860214
1427158345.981,46.142693
1427158345.997,52.234467
1427158346.012,58.598473
1427158346.028,64.17962
1427158346.044,67.57694
1427158346.059,67.49822
1427158346.075,63.20298
1427158346.091,54.847248
1427158346.106,43.41628
1427158346.122,30.369673
1427158346.138,17.161612
1427158346.153,4.8194923
1427158346.169,-6.1836777
1427158346.184,-15.780199
1427158346.2,-24.038206
1427158346.216,-30.902487
1427158346.231,-36.190216
1427158346.247,-39.69601
1427158346.262,-41.388626
1427158346.278,-41.535717
1427158346.294,-40.681236
1427158346.309,-39.47539
1427158346.325,-38.4433
1427158346.341,-37.80884
1427158346.356,-37.469994
1427158346.372,-37.098534
1427158346.388,-36.362278
1427158346.403,-35.05435
1427158346.419,-33.204163
1427158346.434,-31.016087
1427158346.45,-28.75435
1427158346.466,-26.598293
1427158346.481,-24.555326
1427158346.497,-22.448797
1427158346.513,-19.99168
1427158346.528,-16.882322
1427158346.544,-12.964388
1427158346.559,-8.271412
1427158346.575,-3.0825272
1427158346.591,2.2323666
1427158346.606,7.3034363
1427158346.622,11.971197
1427158346.638,16.288153
1427158346.653,20.526533
1427158346.669,25.015268
1427158346.684,30.035229
1427158346.7,35.71592
1427158346.716,42.067596
1427158346.731,48.91187
1427158346.747,55.85159
1427158346.763,62.192482
1427158346.778,66.95354
1427158346.794,69.04411
1427158346.809,67.55621
1427158346.825,62.09812
1427158346.841,52.99406
1427158346.856,41.209354
1427158346.872,28.052704
1427158346.888,14.781786
1427158346.903,2.3310757
1427158346.919,-8.806879
1427158346.934,-18.45093
1427158346.95,-26.562145
1427158346.966,-33.07556
1427158346.981,-37.896812
1427158346.997,-41.02303
1427158347.013,-42.646584
1427158347.028,-43.177742
1427158347.044,-43.131645
1427158347.059,-42.9672
1427158347.075,-42.89914
1427158347.091,-42.875977
1427158347.106,-42.687454
1427158347.122,-42.105324
1427158347.138,-41.089775
1427158347.153,-39.768616
1427158347.169,-38.374058
1427158347.184,-37.0422
1427158347.2,-35.744495
1427158347.216,-34.234142
1427158347.231,-32.22235
1427158347.247,-29.503376
1427158347.263,-26.087837
1427158347.278,-22.175428
1427158347.294,-18.076237
1427158347.309,-14.019833
1427158347.325,-10.083286
1427158347.341,-6.166855
1427158347.356,-2.0305405
1427158347.372,2.5204773
1427158347.388,7.5125523
1427158347.403,12.80331
1427158347.419,18.103876
1427158347.434,23.13125
1427158347.45,27.713997
1427158347.466,31.880243
1427158347.481,35.81885
1427158347.497,39.855244
1427158347.513,44.320576
1427158347.528,49.492126
1427158347.544,55.518337
1427158347.559,62.23274
1427158347.575,69.065994
1427158347.591,74.97592
1427158347.606,78.62546
1427158347.622,78.72505
1427158347.638,74.50271
1427158347.653,65.990616
1427158347.669,54.055447
1427158347.684,40.103825
1427158347.7,25.59502
1427158347.716,11.682137
1427158347.731,-1.0071602
1427158347.747,-12.208494
1427158347.763,-21.839378
1427158347.778,-29.776901
1427158347.794,-35.88843
1427158347.809,-40.094913
1427158347.825,-42.50492
1427158347.841,-43.474464
1427158347.856,-43.502235
1427158347.872,-43.063164
1427158347.888,-42.510117
1427158347.903,-41.98591
1427158347.919,-41.45748
1427158347.934,-40.829613
1427158347.95,-40.049698
1427158347.966,-39.13713
1427158347.981,-38.224678
1427158347.997,-37.44668
1427158348.013,-36.830303
1427158348.028,-36.223053
1427158348.044,-35.289516
1427158348.059,-33.621464
1427158348.075,-30.940641
1427158348.091,-27.243116
1427158348.106,-22.844542
1427158348.122,-18.25304
1427158348.138,-13.996429
1427158348.153,-10.3373165
1427158348.169,-7.180212
1427158348.184,-4.1394653
1427158348.2,-0.73719025
1427158348.216,3.3771286
1427158348.231,8.220306
1427158348.247,13.503689
1427158348.263,18.780926
1427158348.278,23.664091
1427158348.294,27.969168
1427158348.309,31.807476
1427158348.325,35.48454
1427158348.341,39.394188
1427158348.356,43.909447
1427158348.372,49.305984
1427158348.388,55.670822
1427158348.403,62.82196
1427158348.419,70.119675
1427158348.434,76.477036
1427158348.45,80.484276
1427158348.466,80.824684
1427158348.481,76.71101
1427158348.497,68.23933
1427158348.513,56.36812
1427158348.528,42.583885
1427158348.544,28.408432
1427158348.559,14.975676
1427158348.575,2.8896084
1427158348.591,-7.670973
1427158348.606,-16.732325
1427158348.622,-24.29275
1427158348.638,-30.31589
1427158348.653,-34.771267
1427158348.669,-37.749863
1427158348.684,-39.515938
1427158348.7,-40.42917
1427158348.716,-40.85927
1427158348.731,-41.105373
1427158348.747,-41.33734
1427158348.763,-41.59108
1427158348.778,-41.82413
1427158348.794,-41.94544
1427158348.809,-41.851326
1427158348.825,-41.448887
1427158348.841,-40.665306
1427158348.856,-39.45524
1427158348.872,-37.799904
1427158348.888,-35.740105
1427158348.903,-33.319168
1427158348.919,-30.582207
1427158348.934,-27.517921
1427158348.95,-24.028536
1427158348.966,-19.984495
1427158348.981,-15.308594
1427158348.997,-10.023701
1427158349.013,-4.321477
1427158349.028,1.5291762
1427158349.044,7.228157
1427158349.06,12.591398
1427158349.075,17.551126
1427158349.091,22.200148
1427158349.106,26.708345
1427158349.122,31.333591
1427158349.138,36.35704
1427158349.153,42.063847
1427158349.169,48.567272
1427158349.185,55.649776
1427158349.2,62.606842
1427158349.216,68.26356
1427158349.231,71.26005
1427158349.247,70.4383
1427158349.263,65.29868
1427158349.278,56.17989
1427158349.294,44.145622
1427158349.31,30.621098
1427158349.325,16.927008
1427158349.341,3.967639
1427158349.356,-7.8260875
1427158349.372,-18.321642
1427158349.388,-27.45103
1427158349.403,-35.081703
1427158349.419,-40.99824
1427158349.435,-45.04508
1427158349.45,-47.310806
1427158349.466,-48.122887
1427158349.481,-47.994827
1427158349.497,-47.442387
1427158349.513,-46.843685
1427158349.528,-46.321663
1427158349.544,-45.814262
1427158349.56,-45.172188
1427158349.575,-44.298615
1427158349.591,-43.25656
1427158349.606,-42.215656
1427158349.622,-41.340557
1427158349.638,-40.64734
1427158349.653,-39.90908
1427158349.669,-38.705517
1427158349.685,-36.595757
1427158349.7,-33.32148
1427158349.716,-28.944946
1427158349.731,-23.892353
1427158349.747,-18.719254
1427158349.763,-13.952651
1427158349.778,-9.80521
1427158349.794,-6.1369314
1427158349.81,-2.4978867
1427158349.825,1.6096196
1427158349.841,6.514841
1427158349.856,12.20192
1427158349.872,18.30102
1427158349.888,24.269833
1427158349.903,29.619766
1427158349.919,34.105015
1427158349.935,37.803013
1427158349.95,41.062817
1427158349.966,44.38824
1427158349.981,48.303764
1427158349.997,53.227352
1427158350.013,59.27921
1427158350.028,66.17448
1427158350.044,73.07597
1427158350.06,78.66372
1427158350.075,81.39724
1427158350.091,79.99186
1427158350.106,73.86718
1427158350.122,63.41551
1427158350.138,49.87874
1427158350.153,34.92396
1427158350.169,20.083416
1427158350.185,6.3473825
1427158350.2,-5.921655
1427158350.216,-16.776371
1427158350.231,-26.325708
1427158350.247,-34.49137
1427158350.263,-41.04249
1427158350.278,-45.69584
1427158350.294,-48.43449
1427158350.31,-49.554173
1427158350.325,-49.637386
1427158350.341,-49.317234
1427158350.356,-49.04662
1427158350.372,-48.945568
1427158350.388,-48.87626
1427158350.403,-48.56635
1427158350.419,-47.854942
1427158350.435,-46.77333
1427158350.45,-45.519455
1427158350.466,-44.291336
1427158350.481,-43.163967
1427158350.497,-42.01034
1427158350.513,-40.587105
1427158350.528,-38.62526
1427158350.544,-35.965504
1427158350.56,-32.57828
1427158350.575,-28.5793
1427158350.591,-24.172304
1427158350.606,-19.584726
1427158350.622,-15.039824
1427158350.638,-10.709032
1427158350.653,-6.6532125
1427158350.669,-2.8219328
1427158350.685,0.9278674
1427158350.7,4.789901
1427158350.716,8.890211
1427158350.731,13.245382
1427158350.747,17.756947
1427158350.763,22.222235
1427158350.778,26.45601
1427158350.794,30.346851
1427158350.81,33.93157
1427158350.825,37.37536
1427158350.841,40.977306
1427158350.856,45.070564
1427158350.872,49.9852
1427158350.888,55.903862
1427158350.903,62.72462
1427158350.919,69.917564
1427158350.935,76.49489
1427158350.95,81.11524
1427158350.966,82.41601
1427158350.981,79.44871
1427158350.997,72.01856
1427158351.013,60.78298
1427158351.028,47.060875
1427158351.044,32.38275
1427158351.06,18.09277
1427158351.075,5.053377
1427158351.091,-6.3223352
1427158351.106,-15.912556
1427158351.122,-23.693863
1427158351.138,-29.670692
1427158351.153,-33.8965
1427158351.169,-36.58959
1427158351.185,-38.155796
1427158351.2,-39.0868
1427158351.216,-39.776085
1427158351.231,-40.42808
1427158351.247,-40.995823
1427158351.263,-41.29368
1427158351.278,-41.1867
1427158351.294,-40.67752
1427158351.31,-39.92806
1427158351.325,-39.204243
1427158351.341,-38.7007
1427158351.356,-38.428974
1427158351.372,-38.19358
1427158351.388,-37.653694
1427158351.403,-36.449165
1427158351.419,-34.360855
1427158351.435,-31.389236
1427158351.45,-27.770855
1427158351.466,-23.859583
1427158351.481,-20.006401
1427158351.497,-16.35725
1427158351.513,-12.815216
1427158351.528,-9.068848
1427158351.544,-4.7937975
1427158351.56,0.18499756
1427158351.575,5.708138
1427158351.591,11.367724
1427158351.606,16.632278
1427158351.622,21.132387
1427158351.638,24.829493
1427158351.653,28.04869
1427158351.669,31.349014
1427158351.685,35.345547
1427158351.7,40.471115
1427158351.716,46.83323
1427158351.732,54.05401
1427158351.747,61.26857
1427158351.763,67.191154
1427158351.778,70.39608
1427158351.794,69.68853
1427158351.81,64.53571
1427158351.825,55.251205
1427158351.841,42.946064
1427158351.857,29.164991
1427158351.872,15.405736
1427158351.888,2.7138965
1427158351.903,-8.41807
1427158351.919,-17.975697
1427158351.935,-26.127573
1427158351.95,-33.00051
1427158351.966,-38.556087
1427158351.982,-42.67959
1427158351.997,-45.27603
1427158352.013,-46.448612
1427158352.028,-46.503143
1427158352.044,-45.865158
1427158352.06,-44.939354
1427158352.075,-43.985176
1427158352.091,-43.058445
1427158352.107,-42.074745
1427158352.122,-40.94611
1427158352.138,-39.67857
1427158352.153,-38.38572
1427158352.169,-37.218636
1427158352.185,-36.188053
1427158352.2,-35.110264
1427158352.216,-33.600964
1427158352.232,-31.271673
1427158352.247,-27.913826
1427158352.263,-23.634373
1427158352.278,-18.832096
1427158352.294,-14.019135
1427158352.31,-9.58707
1427158352.325,-5.6311445
1427158352.341,-1.9259834
1427158352.357,1.9161606
1427158352.372,6.2489853
1427158352.388,11.167816
1427158352.403,16.474215
1427158352.419,21.765623
1427158352.435,26.639973
1427158352.45,30.867468
1427158352.466,34.51969
1427158352.482,37.90274
1427158352.497,41.52865
1427158352.513,45.91532
1427158352.528,51.375816
1427158352.544,57.83307
1427158352.56,64.65126
1427158352.575,70.65273
1427158352.591,74.34845
1427158352.607,74.39377
1427158352.622,70.0764
1427158352.638,61.592438
1427158352.653,50.009216
1427158352.669,36.812946
1427158352.685,23.417084
1427158352.7,10.725178
1427158352.716,-0.889204
1427158352.732,-11.419996
1427158352.747,-20.84721
1427158352.763,-28.993002
1427158352.778,-35.523125
1427158352.794,-40.164326
1427158352.81,-42.900932
1427158352.825,-44.076225
1427158352.841,-44.24935
1427158352.857,-43.98072
1427158352.872,-43.64572
1427158352.888,-43.314713
1427158352.903,-42.862793
1427158352.919,-42.09482
1427158352.935,-40.921432
1427158352.95,-39.468895
1427158352.966,-38.007725
1427158352.982,-36.84515
1427158352.997,-36.10742
1427158353.013,-35.633434
1427158353.028,-34.967632
1427158353.044,-33.575253
1427158353.06,-31.100483
1427158353.075,-27.5318
1427158353.091,-23.24561
1427158353.107,-18.77248
1427158353.122,-14.564728
1427158353.138,-10.758621
1427158353.153,-7.124054
1427158353.169,-3.2353477
1427158353.185,1.302475
1427158353.2,6.598549
1427158353.216,12.436924
1427158353.232,18.355392
1427158353.247,23.866657
1427158353.263,28.670887
1427158353.278,32.756477
1427158353.294,36.401787
1427158353.31,40.042698
1427158353.325,44.130474
1427158353.341,49.031544
1427158353.357,54.919067
1427158353.372,61.670013
1427158353.388,68.74753
1427158353.403,75.1725
1427158353.419,79.64055
1427158353.435,80.86174
1427158353.45,77.955154
1427158353.466,70.81802
1427158353.482,60.197006
1427158353.497,47.425537
1427158353.513,33.975704
1427158353.528,21.014568
1427158353.544,9.171318
1427158353.56,-1.4063148
1427158353.575,-10.780483
1427158353.591,-18.964981
1427158353.607,-25.829315
1427158353.622,-31.100433
1427158353.638,-34.587933
1427158353.653,-36.30138
1427158353.669,-36.554394
1427158353.685,-35.869034
1427158353.7,-34.888355
1427158353.716,-34.130215
1427158353.732,-33.853886
1427158353.747,-34.007214
1427158353.763,-34.30254
1427158353.778,-34.401745
1427158353.794,-34.07038
1427158353.81,-33.279472
1427158353.825,-32.140884
1427158353.841,-30.783524
1427158353.857,-29.24194
1427158353.872,-27.422789
1427158353.888,-25.196949
1427158353.903,-22.451263
1427158353.919,-19.192686
1427158353.935,-15.488783
1427158353.95,-11.427179
1427158353.966,-7.082445
1427158353.982,-2.5082989
1427158353.997,2.229889
1427158354.013,7.0374546
1427158354.028,11.811169
1427158354.044,16.457369
1427158354.06,20.975277
1427158354.075,25.450884
1427158354.091,30.09655
1427158354.107,35.186287
1427158354.122,40.94831
1427158354.138,47.374382
1427158354.153,54.051643
1427158354.169,60.068237
1427158354.185,64.15418
1427158354.2,65.00606
1427158354.216,61.75637
1427158354.232,54.324104
1427158354.247,43.491882
1427158354.263,30.617174
1427158354.278,17.192785
1427158354.294,4.395893
1427158354.31,-7.0922127
1427158354.325,-17.042362
1427158354.341,-25.456707
1427158354.357,-32.356102
1427158354.372,-37.713577
1427158354.388,-41.483223
1427158354.404,-43.712982
1427158354.419,-44.61367
1427158354.435,-44.535805
1427158354.45,-43.88919
1427158354.466,-43.027943
1427158354.482,-42.19557
1427158354.497,-41.47579
1427158354.513,-40.868984
1427158354.529,-40.28365
1427158354.544,-39.628574
1427158354.56,-38.804195
1427158354.575,-37.726578
1427158354.591,-36.29273
1427158354.607,-34.408157
1427158354.622,-31.973747
1427158354.638,-28.969276
1427158354.654,-25.422832
1427158354.669,-21.470903
1427158354.685,-17.25481
1427158354.7,-12.880203
1427158354.716,-8.36347
1427158354.732,-3.6421595
1427158354.747,1.3479924
1427158354.763,6.5833726
1427158354.779,11.935945
1427158354.794,17.17033
1427158354.81,22.04243
1427158354.825,26.415691
1427158354.841,30.338999
1427158354.857,34.069347
1427158354.872,38.047874
1427158354.888,42.763863
1427158354.904,48.56176
1427158354.919,55.44413
1427158354.935,62.851242
1427158354.95,69.65326
1427158354.966,74.37168
1427158354.982,75.560875
1427158354.997,72.30963
1427158355.013,64.57082
1427158355.029,53.210197
1427158355.044,39.659065
1427158355.06,25.481539
1427158355.075,11.886826
1427158355.091,-0.46416688
1427158355.107,-11.365263
1427158355.122,-20.831467
1427158355.138,-28.8769
1427158355.154,-35.39725
1427158355.169,-40.240948
1427158355.185,-43.38073
1427158355.2,-45.03272
1427158355.216,-45.622093
1427158355.232,-45.68113
1427158355.247,-45.616776
1427158355.263,-45.629242
1427158355.279,-45.65527
1427158355.294,-45.470856
1427158355.31,-44.877327
1427158355.325,-43.81856
1427158355.341,-42.41867
1427158355.357,-40.936684
1427158355.372,-39.605446
1427158355.388,-38.494587
1427158355.404,-37.445564
1427158355.419,-36.099236
1427158355.435,-34.06575
1427158355.45,-31.098566
1427158355.466,-27.211342
1427158355.482,-22.71243
1427158355.497,-18.055183
1427158355.513,-13.6698065
1427158355.529,-9.743813
1427158355.544,-6.2042427
1427158355.56,-2.708664
1427158355.575,1.1504526
1427158355.591,5.665496
1427158355.607,10.86043
1427158355.622,16.50278
1427158355.638,22.149355
1427158355.654,27.385628
1427158355.669,31.946016
1427158355.685,35.8481
1427158355.7,39.372536
1427158355.716,42.991383
1427158355.732,47.186977
1427158355.747,52.330166
1427158355.763,58.54875
1427158355.779,65.574356
1427158355.794,72.69562
1427158355.81,78.74292
1427158355.825,82.314354
1427158355.841,82.12497
1427158355.857,77.44548
1427158355.872,68.391624
1427158355.888,55.928127
1427158355.904,41.577026
1427158355.919,26.878977
1427158355.935,12.985766
1427158355.95,0.43753052
1427158355.966,-10.663004
1427158355.982,-20.355911
1427158355.997,-28.574638
1427158356.013,-35.06961
1427158356.029,-39.579422
1427158356.044,-42.08999
1427158356.06,-42.931267
1427158356.075,-42.735374
1427158356.091,-42.188263
1427158356.107,-41.806515
1427158356.122,-41.74138
1427158356.138,-41.843025
1427158356.154,-41.803238
1427158356.169,-41.407936
1427158356.185,-40.6202
1427158356.2,-39.608685
1427158356.216,-38.564274
1427158356.232,-37.550888
1427158356.247,-36.374535
1427158356.263,-34.702576
1427158356.279,-32.1876
1427158356.294,-28.70386
1427158356.31,-24.438465
1427158356.325,-19.828024
1427158356.341,-15.349001
1427158356.357,-11.306826
1427158356.372,-7.684889
1427158356.388,-4.193222
1427158356.404,-0.42666006
1427158356.419,3.8719206
1427158356.435,8.714194
1427158356.45,13.81697
1427158356.466,18.813498
1427158356.482,23.38171
1427158356.497,27.406685
1427158356.513,31.000858
1427158356.529,34.43499
1427158356.544,38.07768
1427158356.56,42.329845
1427158356.575,47.562347
1427158356.591,53.970688
1427158356.607,61.31077
1427158356.622,68.77479
1427158356.638,74.96489
1427158356.654,78.24002
1427158356.669,77.252525
1427158356.685,71.47275
1427158356.7,61.42415
1427158356.716,48.4927
1427158356.732,34.36641
1427158356.747,20.516249
1427158356.763,7.7983665
1427158356.779,-3.52705
1427158356.794,-13.495142
1427158356.81,-22.139235
1427158356.825,-29.311632
1427158356.841,-34.749916
1427158356.857,-38.287148
1427158356.872,-40.004944
1427158356.888,-40.308178
1427158356.904,-39.808884
1427158356.919,-39.141052
1427158356.935,-38.74294
1427158356.95,-38.78795
1427158356.966,-39.1454
1427158356.982,-39.532536
1427158356.997,-39.642418
1427158357.013,-39.32518
1427158357.029,-38.592247
1427158357.044,-37.576897
1427158357.06,-36.427525
1427158357.076,-35.155533
1427158357.091,-33.58718
1427158357.107,-31.410366
1427158357.122,-28.314117
1427158357.138,-24.133999
1427158357.154,-18.95425
1427158357.169,-13.117157
1427158357.185,-7.0905685
1427158357.2,-1.3102837
1427158357.216,3.9905624
1427158357.232,8.798
1427158357.247,13.308155
1427158357.263,17.777966
1427158357.279,22.466106
1427158357.294,27.59467
1427158357.31,33.361794
1427158357.326,39.917015
1427158357.341,47.232426
1427158357.357,54.9083
1427158357.372,62.044632
1427158357.388,67.30057
1427158357.404,69.214966
1427158357.419,66.731346
1427158357.435,59.615055
1427158357.451,48.592365
1427158357.466,35.109776
1427158357.482,20.796566
1427158357.497,6.980957
1427158357.513,-5.601242
1427158357.529,-16.714783
1427158357.544,-26.357342
1427158357.56,-34.470154
1427158357.576,-40.888107
1427158357.591,-45.407593
1427158357.607,-48.021816
1427158357.622,-49.00582
1427158357.638,-48.891453
1427158357.654,-48.251522
1427158357.669,-47.49289
1427158357.685,-46.74671
1427158357.701,-45.9603
1427158357.716,-45.016476
1427158357.732,-43.897404
1427158357.747,-42.707657
1427158357.763,-41.594254
1427158357.779,-40.618332
1427158357.794,-39.671425
1427158357.81,-38.45315
1427158357.826,-36.61897
1427158357.841,-33.92606
1427158357.857,-30.353981
1427158357.872,-26.124104
1427158357.888,-21.59097
1427158357.904,-17.0671
1427158357.919,-12.678665
1427158357.935,-8.319584
1427158357.951,-3.7523384
1427158357.966,1.2434769
1427158357.982,6.700512
1427158357.997,12.4609375
1427158358.013,18.214779
1427158358.029,23.65353
1427158358.044,28.615456
1427158358.06,33.15623
1427158358.076,37.52482
1427158358.091,42.096687
1427158358.107,47.26641
1427158358.122,53.35153
1427158358.138,60.407215
1427158358.154,68.04578
1427158358.169,75.30099
1427158358.185,80.74916
1427158358.201,82.81286
1427158358.216,80.30519
1427158358.232,72.87765
1427158358.247,61.2221
1427158358.263,46.80008
1427158358.279,31.330101
1427158358.294,16.217316
1427158358.31,2.270504
1427158358.326,-10.278484
1427158358.341,-21.463322
1427158358.357,-31.281422
1427158358.372,-39.544365
1427158358.388,-45.970947
1427158358.404,-50.379707
1427158358.419,-52.893066
1427158358.435,-53.917362
1427158358.451,-54.051258
1427158358.466,-53.83626
1427158358.482,-53.60045
1427158358.497,-53.387177
1427158358.513,-53.044456
1427158358.529,-52.36509
1427158358.544,-51.29221
1427158358.56,-49.945854
1427158358.576,-48.58277
1427158358.591,-47.397198
1427158358.607,-46.371212
1427158358.622,-45.204144
1427158358.638,-43.44726
1427158358.654,-40.686474
1427158358.669,-36.76579
1427158358.685,-31.86589
1427158358.701,-26.457924
1427158358.716,-21.094929
1427158358.732,-16.251225
1427158358.747,-12.114677
1427158358.763,-8.558506
1427158358.779,-5.1882668
1427158358.794,-1.4504471
1427158358.81,3.1144295
1427158358.826,8.680683
1427158358.841,15.009491
1427158358.857,21.533287
1427158358.872,27.571144
1427158358.888,32.63137
1427158358.904,36.6532
1427158358.919,39.957798
1427158358.935,43.12572
1427158358.951,46.732674
1427158358.966,51.183296
1427158358.982,56.698246
1427158358.997,63.30067
1427158359.013,70.71503
1427158359.029,78.25859
1427158359.044,84.72764
1427158359.06,88.56894
1427158359.076,88.286804
1427158359.091,83.016556
1427158359.107,72.891014
1427158359.122,59.092007
1427158359.138,43.40708
1427158359.154,27.629274
1427158359.169,13.043932
1427158359.185,0.26625443
1427158359.201,-10.631636
1427158359.216,-19.77274
1427158359.232,-27.234749
1427158359.247,-32.992672
1427158359.263,-37.00349
1427158359.279,-39.374744
1427158359.294,-40.4182
1427158359.31,-40.5711
1427158359.326,-40.28358
1427158359.341,-39.873528
1427158359.357,-39.479507
1427158359.372,-39.086838
1427158359.388,-38.62639
1427158359.404,-38.046387
1427158359.419,-37.357933
1427158359.435,-36.603455
1427158359.451,-35.793793
1427158359.466,-34.87464
1427158359.482,-33.718094
1427158359.497,-32.151226
1427158359.513,-30.034279
1427158359.529,-27.27466
1427158359.544,-23.901772
1427158359.56,-19.999256
1427158359.576,-15.70085
1427158359.591,-11.122482
1427158359.607,-6.3423862
1427158359.622,-1.3945885
1427158359.638,3.66185
1427158359.654,8.768604
1427158359.669,13.77253
1427158359.685,18.528835
1427158359.701,22.905228
1427158359.716,26.91734
1427158359.732,30.771648
1427158359.747,34.841232
1427158359.763,39.57099
1427158359.779,45.295986
1427158359.794,52.00508
1427158359.81,59.16427
1427158359.826,65.69945
1427158359.841,70.19269
1427158359.857,71.246414
1427158359.872,67.94708
1427158359.888,60.19624
1427158359.904,48.766106
1427158359.919,35.0491
1427158359.935,20.619324
1427158359.951,6.750927
1427158359.966,-5.811695
1427158359.982,-16.874004
1427158359.998,-26.496395
1427158360.013,-34.765697
1427158360.029,-41.5728
1427158360.044,-46.668438
1427158360.06,-49.806484
1427158360.076,-50.980732
1427158360.091,-50.546524
1427158360.107,-49.13779
1427158360.123,-47.493786
1427158360.138,-46.18958
1427158360.154,-45.388668
1427158360.169,-44.8652
1427158360.185,-44.14848
1427158360.201,-42.82783
1427158360.216,-40.76603
1427158360.232,-38.175945
1427158360.248,-35.45839
1427158360.263,-33.00777
1427158360.279,-30.910809
1427158360.294,-28.926605
1427158360.31,-26.544716
1427158360.326,-23.281261
1427158360.341,-18.867645
1427158360.357,-13.408337
1427158360.373,-7.274746
1427158360.388,-0.9812279
1427158360.404,5.0408363
1427158360.419,10.572456
1427158360.435,15.612415
1427158360.451,20.332302
1427158360.466,24.99945
1427158360.482,29.890633
1427158360.498,35.2827
1427158360.513,41.402473
1427158360.529,48.345985
1427158360.544,55.916553
1427158360.56,63.464363
1427158360.576,69.83986
1427158360.591,73.63408
1427158360.607,73.54874
1427158360.623,68.89877
1427158360.638,59.87307
1427158360.654,47.548546
1427158360.669,33.478325
1427158360.685,19.224709
1427158360.701,5.9042625
1427158360.716,-5.9711037
1427158360.732,-16.34543
1427158360.748,-25.326204
1427158360.763,-32.913887
1427158360.779,-38.932777
1427158360.794,-43.137135
1427158360.81,-45.38828
1427158360.826,-45.869934
1427158360.841,-45.022743
1427158360.857,-43.494446
1427158360.873,-41.8778
1427158360.888,-40.5694
1427158360.904,-39.650345
1427158360.919,-38.96028
1427158360.935,-38.218315
1427158360.951,-37.22348
1427158360.966,-35.94387
1427158360.982,-34.503807
1427158360.998,-33.067703
1427158361.013,-31.697083
1427158361.029,-30.244717
1427158361.044,-28.412712
1427158361.06,-25.841713
1427158361.076,-22.29274
1427158361.091,-17.731525
1427158361.107,-12.366142
1427158361.123,-6.561514
1427158361.138,-0.72981167
1427158361.154,4.8167477
1427158361.169,9.903572
1427158361.185,14.545807
1427158361.201,18.857967
1427158361.216,23.021551
1427158361.232,27.245296
1427158361.248,31.795353
1427158361.263,36.96049
1427158361.279,42.97018
1427158361.294,49.784164
1427158361.31,56.909763
1427158361.326,63.262604
1427158361.341,67.37303
1427158361.357,67.76034
1427158361.373,63.524284
1427158361.388,54.696228
1427158361.404,42.27559
1427158361.419,27.895855
1427158361.435,13.261645
1427158361.451,-0.36460447
1427158361.466,-12.345779
1427158361.482,-22.589907
1427158361.498,-31.213062
1427158361.513,-38.297104
1427158361.529,-43.731255
1427158361.544,-47.32463
1427158361.56,-48.96576
1427158361.576,-48.805958
1427158361.591,-47.251686
1427158361.607,-44.895645
1427158361.623,-42.29946
1427158361.638,-39.85975
1427158361.654,-37.706062
1427158361.669,-35.743614
1427158361.685,-33.76021
1427158361.701,-31.594742
1427158361.716,-29.2081
1427158361.732,-26.722298
1427158361.748,-24.342112
1427158361.763,-22.189201
1427158361.779,-20.192818
1427158361.794,-18.07819
1427158361.81,-15.424416
1427158361.826,-11.903355
1427158361.841,-7.3988724
1427158361.857,-2.1355743
1427158361.873,3.4523506
1427158361.888,8.832722
1427158361.904,13.646397
1427158361.919,17.803936
1427158361.935,21.50969
1427158361.951,25.147991
1427158361.966,29.143513
1427158361.982,33.84542
1427158361.998,39.484444
1427158362.013,46.16537
1427158362.029,53.765945
1427158362.044,61.827034
1427158362.06,69.46523
1427158362.076,75.42163
1427158362.091,78.34593
1427158362.107,77.1774
1427158362.123,71.570366
1427158362.138,62.01555
1427158362.154,49.733433
1427158362.169,36.26329
1427158362.185,23.069061
1427158362.201,11.119389
1427158362.216,0.91041565
1427158362.232,-7.464302
1427158362.248,-14.100239
1427158362.263,-19.085136
1427158362.279,-22.481155
1427158362.294,-24.364643
1427158362.31,-24.907452
1427158362.326,-24.394009
1427158362.341,-23.173012
1427158362.357,-21.588497
1427158362.373,-19.894997
1427158362.388,-18.247227
1427158362.404,-16.69912
1427158362.419,-15.295322
1427158362.435,-14.0432625
1427158362.451,-12.949814
1427158362.466,-11.907974
1427158362.482,-10.742935
1427158362.498,-9.197277
1427158362.513,-7.067745
1427158362.529,-4.330242
1427158362.544,-1.124176
1427158362.56,2.2594452
1427158362.576,5.558674
1427158362.591,8.599129
1427158362.607,11.3605995
1427158362.623,13.940891
1427158362.638,16.53637
1427158362.654,19.412273
1427158362.67,22.837765
1427158362.685,27.032284
1427158362.701,31.943714
1427158362.716,37.096622
1427158362.732,41.521072
1427158362.748,43.92212
1427158362.763,43.039112
1427158362.779,38.13214
1427158362.795,29.27998
1427158362.81,17.399296
1427158362.826,3.9784508
1427158362.841,-9.414028
1427158362.857,-21.585396
1427158362.873,-31.861801
1427158362.888,-40.073627
1427158362.904,-46.299904
1427158362.92,-50.659313
1427158362.935,-53.19033
1427158362.951,-53.92152
1427158362.966,-52.97849
1427158362.982,-50.68324
1427158362.998,-47.520096
1427158363.013,-43.992855
1427158363.029,-40.459175
1427158363.045,-37.051746
1427158363.06,-33.705097
1427158363.076,-30.284607
1427158363.091,-26.7532
1427158363.107,-23.178505
1427158363.123,-19.699997
1427158363.138,-16.379345
1427158363.154,-13.088379
1427158363.17,-9.525833
1427158363.185,-5.3386345
1427158363.201,-0.311306
1427158363.216,5.4771996
1427158363.232,11.656441
1427158363.248,17.724762
1427158363.263,23.274673
1427158363.279,28.189312
1427158363.295,32.697266
1427158363.31,37.32735
1427158363.326,42.684032
1427158363.341,49.22299
1427158363.357,56.96972
1427158363.373,65.38774
1427158363.388,73.34468
1427158363.404,79.34326
1427158363.42,81.878494
1427158363.435,79.91869
1427158363.451,73.23094
1427158363.466,62.498947
1427158363.482,49.079082
1427158363.498,34.56091
1427158363.513,20.288609
1427158363.529,7.104885
1427158363.545,-4.6799774
1427158363.56,-15.044262
1427158363.576,-24.01102
1427158363.591,-31.446892
1427158363.607,-37.13191
1427158363.623,-40.879967
1427158363.638,-42.76905
1427158363.654,-43.16861
1427158363.67,-42.668633
1427158363.685,-41.872078
1427158363.701,-41.174904
1427158363.716,-40.681507
1427158363.732,-40.270027
1427158363.748,-39.71668
1427158363.763,-38.867363
1427158363.779,-37.686455
1427158363.795,-36.25963
1427158363.81,-34.670853
1427158363.826,-32.91873
1427158363.841,-30.865376
1427158363.857,-28.26216
1427158363.873,-24.845585
1427158363.888,-20.447252
1427158363.904,-15.041615
1427158363.92,-8.819267
1427158363.935,-2.142147
1427158363.951,4.534418
1427158363.966,10.802017
1427158363.982,16.406967
1427158363.998,21.358158
1427158364.013,25.88043
1427158364.029,30.355312
1427158364.045,35.213238
1427158364.06,40.838974
1427158364.076,47.445663
1427158364.091,54.994785
1427158364.107,63.023422
1427158364.123,70.555565
1427158364.138,76.18389
1427158364.154,78.38021
1427158364.17,75.89965
1427158364.185,68.256996
1427158364.201,55.910446
1427158364.216,40.14138
1427158364.232,22.626614
1427158364.248,4.9524364
1427158364.263,-11.751028
1427158364.279,-26.859905
1427158364.295,-40.10283
1427158364.31,-51.327896
1427158364.326,-60.336456
1427158364.341,-66.9415
1427158364.357,-71.06883
1427158364.373,-72.88222
1427158364.388,-72.78245
1427158364.404,-71.286896
1427158364.42,-68.939606
1427158364.435,-66.146164
1427158364.451,-63.209576
1427158364.466,-60.29564
1427158364.482,-57.5303
1427158364.498,-54.977444
1427158364.513,-52.65418
1427158364.529,-50.496937
1427158364.545,-48.35179
1427158364.56,-45.96533
1427158364.576,-43.09116
1427158364.591,-39.53281
1427158364.607,-35.23857
1427158364.623,-30.3417
1427158364.638,-25.109333
1427158364.654,-19.829788
1427158364.67,-14.689686
1427158364.685,-9.678675
1427158364.701,-4.6215754
1427158364.716,0.715353
1427158364.732,6.466839
1427158364.748,12.584347
1427158364.763,18.83495
1427158364.779,24.885082
1427158364.795,30.44116
1427158364.81,35.366146
1427158364.826,39.727283
1427158364.841,43.812637
1427158364.857,48.065678
1427158364.873,52.97353
1427158364.888,58.859314
1427158364.904,65.68456
1427158364.92,72.83577
1427158364.935,79.15306
1427158364.951,83.13176
1427158364.966,83.37457
1427158364.982,79.06307
1427158364.998,70.28654
1427158365.013,58.034817
1427158365.029,43.83617
1427158365.045,29.269634
1427158365.06,15.5671425
1427158365.076,3.3783836
1427158365.091,-7.0780373
1427158365.107,-15.805325
1427158365.123,-22.804348
1427158365.138,-27.987175
1427158365.154,-31.284039
1427158365.17,-32.78548
1427158365.185,-32.81876
1427158365.201,-31.912773
1427158365.216,-30.65744
1427158365.232,-29.531197
1427158365.248,-28.736671
1427158365.263,-28.234913
1427158365.279,-27.789867
1427158365.295,-27.130192
1427158365.31,-26.094776
1427158365.326,-24.662563
1427158365.342,-22.982239
1427158365.357,-21.205605
1427158365.373,-19.405178
1427158365.388,-17.477135
1427158365.404,-15.177975
1427158365.42,-12.279495
1427158365.435,-8.687374
1427158365.451,-4.571987
1427158365.467,-0.26483536
1427158365.482,3.830532
1427158365.498,7.4991302
1427158365.513,10.751457
1427158365.529,13.8803215
1427158365.545,17.320152
1427158365.56,21.517727
1427158365.576,26.779644
1427158365.592,33.139015
1427158365.607,40.256207
1427158365.623,47.3505
1427158365.638,53.27728
1427158365.654,56.732906
1427158365.67,56.64733
1427158365.685,52.518074
1427158365.701,44.63024
1427158365.717,33.98155
1427158365.732,21.947601
1427158365.748,9.908176
1427158365.763,-1.1453896
1427158365.779,-10.64748
1427158365.795,-18.4146
1427158365.81,-24.425037
1427158365.826,-28.699902
1427158365.842,-31.242527
1427158365.857,-32.114765
1427158365.873,-31.506302
1427158365.888,-29.774363
1427158365.904,-27.381878
1427158365.92,-24.805975
1427158365.935,-22.395103
1427158365.951,-20.346033
1427158365.967,-18.689909
1427158365.982,-17.378508
1427158365.998,-16.293783
1427158366.013,-15.347496
1427158366.029,-14.395918
1427158366.045,-13.273264
1427158366.06,-11.768236
1427158366.076,-9.727526
1427158366.092,-7.0976677
1427158366.107,-3.9836254
1427158366.123,-0.60069275
1427158366.138,2.7996845
1427158366.154,6.0457077
1427158366.17,9.107912
1427158366.185,12.1150875
1427158366.201,15.335272
1427158366.217,19.114378
1427158366.232,23.783585
1427158366.248,29.52125
1427158366.263,36.13521
1427158366.279,42.953705
1427158366.295,48.79692
1427158366.31,52.234787
1427158366.326,52.004593
1427158366.342,47.44563
1427158366.357,38.77925
1427158366.373,27.076626
1427158366.388,13.892182
1427158366.404,0.80128
1427158366.42,-11.028494
1427158366.435,-20.998966
1427158366.451,-28.996181
1427158366.467,-35.124023
1427158366.482,-39.495373
1427158366.498,-42.126472
1427158366.513,-43.04299
1427158366.529,-42.402203
1427158366.545,-40.59745
1427158366.56,-38.157173
1427158366.576,-35.599842
1427158366.592,-33.250847
1427158366.607,-31.167248
1427158366.623,-29.214813
1427158366.638,-27.24268
1427158366.654,-25.182825
1427158366.67,-23.12235
1427158366.685,-21.185993
1427158366.701,-19.48619
1427158366.717,-17.999643
1427158366.732,-16.620739
1427158366.748,-15.191891
1427158366.763,-13.626276
1427158366.779,-11.902241
1427158366.795,-10.057495
1427158366.81,-8.117044
1427158366.826,-6.0637684
1427158366.842,-3.819395
1427158366.857,-1.249073
1427158366.873,1.8194027
1427158366.888,5.5040684
1427158366.904,9.736515
1427158366.92,14.083879
1427158366.935,17.717733
1427158366.951,19.481876
1427158366.967,18.270899
1427158366.982,13.408783
1427158366.998,5.005041
1427158367.013,-6.003357
1427158367.029,-18.093967
1427158367.045,-29.66566
1427158367.06,-39.49529
1427158367.076,-46.988594
1427158367.092,-52.155098
1427158367.107,-55.35707
1427158367.123,-57.001656
1427158367.138,-57.37282
1427158367.154,-56.61749
1427158367.17,-54.834396
1427158367.185,-52.176056
1427158367.201,-48.870106
1427158367.217,-45.141106
1427158367.232,-41.157997
1427158367.248,-36.950882
1427158367.263,-32.49082
1427158367.279,-27.738327
1427158367.295,-22.719963
1427158367.31,-17.555222
1427158367.326,-12.408379
1427158367.342,-7.432419
1427158367.357,-2.7370377
1427158367.373,1.6425781
1427158367.388,5.710457
1427158367.404,9.530457
1427158367.42,13.171577
1427158367.435,16.72071
1427158367.451,20.236282
1427158367.467,23.752052
1427158367.482,27.287666
1427158367.498,30.916115
1427158367.513,34.826584
1427158367.529,39.258545
1427158367.545,44.38849
1427158367.56,50.0506
1427158367.576,55.602997
1427158367.592,59.955032
1427158367.607,61.851624
1427158367.623,60.347733
1427158367.638,55.180115
1427158367.654,46.896988
1427158367.67,36.631485
1427158367.685,25.754456
1427158367.701,15.403427
1427158367.717,6.31546
1427158367.732,-1.1828308
1427158367.748,-7.0171356
1427158367.763,-11.203583
1427158367.779,-13.78183
1427158367.795,-14.83873
1427158367.81,-14.551865
1427158367.826,-13.163605
1427158367.842,-10.985184
1427158367.857,-8.323883
1427158367.873,-5.457733
1427158367.888,-2.6716309
1427158367.904,-0.20762634
1427158367.92,1.720932
1427158367.935,3.0214386
1427158367.951,3.771103
1427158367.967,4.2134857
1427158367.982,4.6789246
1427158367.998,5.4770203
1427158368.014,6.763443
1427158368.029,8.504898
1427158368.045,10.524567
1427158368.06,12.594986
1427158368.076,14.569717
1427158368.092,16.422379
1427158368.107,18.273972
1427158368.123,20.318314
1427158368.138,22.800156
1427158368.154,25.971985
1427158368.17,29.988586
1427158368.185,34.803894
1427158368.201,39.991974
1427158368.217,44.717148
1427158368.232,47.844116
1427158368.248,48.29718
1427158368.264,45.40216
1427158368.279,39.188538
1427158368.295,30.402878
1427158368.31,20.244034
1427158368.326,9.96347
1427158368.342,0.49983215
1427158368.357,-7.644867
1427158368.373,-14.323425
1427158368.389,-19.541458
1427158368.404,-23.327118
1427158368.42,-25.69719
1427158368.435,-26.720856
1427158368.451,-26.58928
1427158368.467,-25.571991
1427158368.482,-24.019424
1427158368.498,-22.202744
1427158368.514,-20.328476
1427158368.529,-18.510635
1427158368.545,-16.795883
1427158368.56,-15.20546
1427158368.576,-13.713882
1427158368.592,-12.253189
1427158368.607,-10.721985
1427158368.623,-8.990753
1427158368.639,-6.9452057
1427158368.654,-4.548828
1427158368.67,-1.8648682
1427158368.685,0.9700775
1427158368.701,3.7641602
1427158368.717,6.3762665
1427158368.732,8.756195
1427158368.748,11.018539
1427158368.764,13.363846
1427158368.779,16.062637
1427158368.795,19.372757
1427158368.81,23.490387
1427158368.826,28.430252
1427158368.842,33.924774
1427158368.857,39.32689
1427158368.873,43.627563
1427158368.889,45.65796
1427158368.904,44.453995
1427158368.92,39.62622
1427158368.935,31.561264
1427158368.951,21.31401
1427158368.967,10.258331
1427158368.982,-0.38261414
1427158368.998,-9.823578
1427158369.014,-17.73735
1427158369.029,-24.086884
1427158369.045,-28.903397
1427158369.06,-32.161133
1427158369.076,-33.827866
1427158369.092,-34.019516
1427158369.107,-33.053284
1427158369.123,-31.399887
1427158369.139,-29.535309
1427158369.154,-27.762299
1427158369.17,-26.156998
1427158369.185,-24.58496
1427158369.201,-22.841797
1427158369.217,-20.809372
1427158369.232,-18.556686
1427158369.248,-16.292847
1427158369.264,-14.272598
1427158369.279,-12.629547
1427158369.295,-11.264038
1427158369.31,-9.872635
1427158369.326,-8.081268
1427158369.342,-5.637726
1427158369.357,-2.5475464
1427158369.373,0.94454956
1427158369.389,4.454315
1427158369.404,7.694763
1427158369.42,10.560181
1427158369.435,13.188431
1427158369.451,15.843658
1427158369.467,18.86467
1427158369.482,22.533463
1427158369.498,27.020432
1427158369.514,32.262222
1427158369.529,37.879166
1427158369.545,43.079315
1427158369.56,46.778046
1427158369.576,47.867035
1427158369.592,45.610535
1427158369.607,39.92758
1427158369.623,31.493134
1427158369.639,21.469742
1427158369.654,11.151093
1427158369.67,1.5540771
1427158369.685,-6.747452
1427158369.701,-13.574997
1427158369.717,-18.915894
1427158369.732,-22.813171
1427158369.748,-25.252563
1427158369.764,-26.263428
1427158369.779,-25.982666
1427158369.795,-24.715332
1427158369.81,-22.81305
1427158369.826,-20.59491
1427158369.842,-18.262726
1427158369.857,-15.892944
1427158369.873,-13.503418
1427158369.889,-11.110931
1427158369.904,-8.816284
1427158369.92,-6.774231
1427158369.935,-5.1200256
1427158369.951,-3.9296875
1427158369.967,-3.1460571
1427158369.982,-2.5507202
1427158369.998,-1.8469238
1427158370.014,-0.7376709
1427158370.029,0.9847107
1427158370.045,3.342926
1427158370.06,6.174759
1427158370.076,9.195114
1427158370.092,12.14595
1427158370.107,14.913361
1427158370.123,17.62355
1427158370.139,20.589508
1427158370.154,24.213806
1427158370.17,28.776169
1427158370.185,34.267456
1427158370.201,40.221313
1427158370.217,45.766846
1427158370.232,49.743057
1427158370.248,51.04309
1427158370.264,48.92073
1427158370.279,43.291397
1427158370.295,34.75537
1427158370.31,24.450607
1427158370.326,13.695892
1427158370.342,3.6339722
1427158370.357,-5.028122
1427158370.373,-12.025726
1427158370.389,-17.395782
1427158370.404,-21.268143
1427158370.42,-23.73964
1427158370.435,-24.83699
1427158370.451,-24.65129
1427158370.467,-23.41069
1427158370.482,-21.465881
1427158370.498,-19.204529
1427158370.514,-16.953232
1427158370.529,-14.882553
1427158370.545,-13.026352
1427158370.56,-11.354813
1427158370.576,-9.849045
1427158370.592,-8.506561
1427158370.607,-7.338379
1427158370.623,-6.274231
1427158370.639,-5.1699066
1427158370.654,-3.8338013
1427158370.67,-2.1351776
1427158370.685,-0.04006958
1427158370.701,2.3532104
1427158370.717,4.8851776
1427158370.732,7.4045105
1427158370.748,9.829071
1427158370.764,12.15625
1427158370.779,14.485809
1427158370.795,17.025146
1427158370.81,20.062729
1427158370.826,23.905472
1427158370.842,28.7016
1427158370.857,34.22357
1427158370.873,39.780243
1427158370.889,44.227295
1427158370.904,46.317535
1427158370.92,45.09839
1427158370.936,40.274643
1427158370.951,32.323517
1427158370.967,22.313171
1427158370.982,11.517441
1427158370.998,1.0545502
1427158371.014,-8.343643
1427158371.029,-16.329895
1427158371.045,-22.75557
1427158371.061,-27.56549
1427158371.076,-30.735123
1427158371.092,-32.287888
1427158371.107,-32.41461
1427158371.123,-31.452515
1427158371.139,-29.844894
1427158371.154,-27.982605
1427158371.17,-26.138794
1427158371.186,-24.39302
1427158371.201,-22.700409
1427158371.217,-20.97438
1427158371.232,-19.162048
1427158371.248,-17.32373
1427158371.264,-15.605713
1427158371.279,-14.160294
1427158371.295,-13.069244
1427158371.311,-12.251038
1427158371.326,-11.4470215
1427158371.342,-10.276123
1427158371.357,-8.408997
1427158371.373,-5.658661
1427158371.389,-2.1569977
1427158371.404,1.7226105
1427158371.42,5.512192
1427158371.436,8.852692
1427158371.451,11.650299
1427158371.467,14.132172
1427158371.482,16.72197
1427158371.498,19.887177
1427158371.514,23.987617
1427158371.529,29.143684
1427158371.545,35.15168
1427158371.561,41.436516
1427158371.576,47.04612
1427158371.592,50.78105
1427158371.607,51.46746
1427158371.623,48.33898
1427158371.639,41.31347
1427158371.654,31.09021
1427158371.67,18.910126
1427158371.686,6.1912003
1427158371.701,-5.8916473
1427158371.717,-16.610123
1427158371.732,-25.625587
1427158371.748,-32.804092
1427158371.764,-38.058388
1427158371.779,-41.28784
1427158371.795,-42.49404
1427158371.811,-41.884544
1427158371.826,-39.945442
1427158371.842,-37.29924
1427158371.857,-34.545074
1427158371.873,-32.063904
1427158371.889,-29.973167
1427158371.904,-28.129143
1427158371.92,-26.243385
1427158371.936,-24.089859
1427158371.951,-21.619484
1427158371.967,-18.994896
1427158371.982,-16.559692
1427158371.998,-14.635071
1427158372.014,-13.360878
1427158372.029,-12.559441
1427158372.045,-11.79023
1427158372.061,-10.51918
1427158372.076,-8.332649
1427158372.092,-5.131462
1427158372.107,-1.1505356
1427158372.123,3.1757622
1427158372.139,7.4014206
1427158372.154,11.272495
1427158372.17,14.776897
1427158372.186,18.131577
1427158372.201,21.674656
1427158372.217,25.771774
1427158372.232,30.709309
1427158372.248,36.597668
1427158372.264,43.194637
1427158372.279,49.805874
1427158372.295,55.30947
1427158372.311,58.363182
1427158372.326,57.76052
1427158372.342,52.8695
1427158372.357,43.875526
1427158372.373,31.776127
1427158372.389,18.036972
1427158372.404,4.190525
1427158372.42,-8.587109
1427158372.436,-19.593594
1427158372.451,-28.566505
1427158372.467,-35.466423
1427158372.482,-40.322166
1427158372.498,-43.165382
1427158372.514,-44.1123
1427158372.529,-43.439503
1427158372.545,-41.613068
1427158372.561,-39.18772
1427158372.576,-36.70349
1427158372.592,-34.498917
1427158372.607,-32.666306
1427158372.623,-31.050816
1427158372.639,-29.401615
1427158372.654,-27.485125
1427158372.67,-25.246273
1427158372.686,-22.81571
1427158372.701,-20.47853
1427158372.717,-18.496243
1427158372.732,-16.960129
1427158372.748,-15.696449
1427158372.764,-14.311397
1427158372.779,-12.361248
1427158372.795,-9.561437
1427158372.811,-5.897143
1427158372.826,-1.6451964
1427158372.842,2.788691
1427158372.857,7.035636
1427158372.873,10.944175
1427158372.889,14.588958
1427158372.904,18.199165
1427158372.92,22.049232
1427158372.936,26.406437
1427158372.951,31.465021
1427158372.967,37.326603
1427158372.982,43.880005
1427158372.998,50.68589
1427158373.014,56.873688
1427158373.029,61.194595
1427158373.045,62.320816
1427158373.061,59.24659
1427158373.076,51.69427
1427158373.092,40.27481
1427158373.107,26.370018
1427158373.123,11.694206
1427158373.139,-2.1971703
1427158373.154,-14.244423
1427158373.17,-24.00643
1427158373.186,-31.445553
1427158373.201,-36.68496
1427158373.217,-39.781208
1427158373.232,-40.738335
1427158373.248,-39.643463
1427158373.264,-36.897583
1427158373.279,-33.20001
1427158373.295,-29.398796
1427158373.311,-26.149204
1427158373.326,-23.707909
1427158373.342,-21.843697
1427158373.357,-20.104286
1427158373.373,-18.109081
1427158373.389,-15.804497
1427158373.404,-13.486046
1427158373.42,-11.60059
1427158373.436,-10.408237
1427158373.451,-9.815971
1427158373.467,-9.355068
1427158373.482,-8.408367
1427158373.498,-6.4862976
1427158373.514,-3.4881096
1427158373.529,0.32216644
1427158373.545,4.4148254
1427158373.561,8.269833
1427158373.576,11.597389
1427158373.592,14.47459
1427158373.608,17.316624
1427158373.623,20.716705
1427158373.639,25.221397
1427158373.654,31.114883
1427158373.67,38.271843
1427158373.686,46.069977
1427158373.701,53.408806
1427158373.717,58.870102
1427158373.733,60.98311
1427158373.748,58.62017
1427158373.764,51.37989
1427158373.779,39.811913
1427158373.795,25.314117
1427158373.811,9.758644
1427158373.826,-5.1162033
1427158373.842,-18.1176
1427158373.858,-28.771812
1427158373.873,-37.126984
1427158373.889,-43.408676
1427158373.904,-47.736282
1427158373.92,-50.09124
1427158373.936,-50.4438
1427158373.951,-49.000328
1427158373.967,-46.230225
1427158373.983,-42.798332
1427158373.998,-39.29785
1427158374.014,-36.048218
1427158374.029,-33.072
1427158374.045,-30.184593
1427158374.061,-27.225937
1427158374.076,-24.256546
1427158374.092,-21.509727
1427158374.108,-19.30767
1427158374.123,-17.800674
1427158374.139,-16.844368
1427158374.154,-15.9604645
1427158374.17,-14.491951
1427158374.186,-11.898216
1427158374.201,-8.010414
1427158374.217,-3.102211
1427158374.233,2.2243042
1427158374.248,7.3264236
1427158374.264,11.784439
1427158374.279,15.6036
1427158374.295,19.164055
1427158374.311,23.093758
1427158374.326,28.042862
1427158374.342,34.44371
1427158374.358,42.29393
1427158374.373,51.00453
1427158374.389,59.29387
1427158374.404,65.377365
1427158374.42,67.35872
1427158374.436,63.90779
1427158374.451,54.756622
1427158374.467,40.930542
1427158374.483,24.44043
1427158374.498,7.5717163
1427158374.514,-7.842636
1427158374.529,-20.841324
1427158374.545,-31.297348
1427158374.561,-39.456696
1427158374.576,-45.51259
1427158374.592,-49.399445
1427158374.608,-50.943314
1427158374.623,-50.16664
1427158374.639,-47.54399
1427158374.654,-43.93062
1427158374.67,-40.271835
1427158374.686,-37.20294
1427158374.701,-34.878677
1427158374.717,-32.993988
1427158374.733,-31.063293
1427158374.748,-28.72647
1427158374.764,-25.949081
1427158374.779,-23.019333
1427158374.795,-20.373627
1427158374.811,-18.37407
1427158374.826,-17.113419
1427158374.842,-16.336807
1427158374.858,-15.53746
1427158374.873,-14.113358
1427158374.889,-11.600204
1427158374.904,-7.795212
1427158374.92,-2.8798676
1427158374.936,2.7049866
1427158374.951,8.371994
1427158374.967,13.633179
1427158374.983,18.255554
1427158374.998,22.344833
1427158375.014,26.264359
1427158375.029,30.512848
1427158375.045,35.57495
1427158375.061,41.766052
1427158375.076,49.08745
1427158375.092,57.04811
1427158375.108,64.58768
1427158375.123,70.1378
1427158375.139,72.00397
1427158375.154,68.8835
1427158375.17,60.387222
1427158375.186,47.247437
1427158375.201,31.116272
1427158375.217,14.033676
1427158375.233,-2.2533264
1427158375.248,-16.635544
1427158375.264,-28.677643
1427158375.279,-38.29396
1427158375.295,-45.431473
1427158375.311,-49.945435
1427158375.326,-51.768173
1427158375.342,-51.136383
1427158375.358,-48.706024
1427158375.373,-45.42218
1427158375.389,-42.210876
1427158375.404,-39.664474
1427158375.42,-37.932693
1427158375.436,-36.79866
1427158375.451,-35.92508
1427158375.467,-35.037598
1427158375.483,-34.043976
1427158375.498,-32.964325
1427158375.514,-31.83818
1427158375.529,-30.640808
1427158375.545,-29.29329
1427158375.561,-27.686462
1427158375.576,-25.793427
1427158375.592,-23.629639
1427158375.608,-21.272614
1427158375.623,-18.700348
1427158375.639,-15.824005
1427158375.654,-12.443024
1427158375.67,-8.358139
1427158375.686,-3.4851685
1427158375.701,2.0416107
1427158375.717,7.897064
1427158375.733,13.643448
1427158375.748,18.910675
1427158375.764,23.540207
1427158375.779,27.643219
1427158375.795,31.562195
1427158375.811,35.77414
1427158375.826,40.73555
1427158375.842,46.770935
1427158375.858,53.87018
1427158375.873,61.578995
1427158375.889,68.82811
1427158375.904,74.08647
1427158375.92,75.67209
1427158375.936,72.31206
1427158375.951,63.647644
1427158375.967,50.448563
1427158375.983,34.392517
1427158375.998,17.56372
1427158376.014,1.7550049
1427158376.029,-11.882095
1427158376.045,-22.955475
1427158376.061,-31.554428
1427158376.076,-37.889755
1427158376.092,-42.101303
1427158376.108,-44.2726
1427158376.123,-44.565598
1427158376.139,-43.35347
1427158376.154,-41.19847
1427158376.17,-38.748535
1427158376.186,-36.510406
1427158376.201,-34.75377
1427158376.217,-33.49791
1427158376.233,-32.583923
1427158376.248,-31.815918
1427158376.264,-31.047012
1427158376.28,-30.210678
1427158376.295,-29.319519
1427158376.311,-28.369843
1427158376.326,-27.325714
1427158376.342,-26.069092
1427158376.358,-24.46112
1427158376.373,-22.340256
1427158376.389,-19.618317
1427158376.405,-16.306458
1427158376.42,-12.492981
1427158376.436,-8.320984
1427158376.451,-3.914444
1427158376.467,0.6395416
1427158376.483,5.2813416
1427158376.498,9.946732
1427158376.514,14.52478
1427158376.53,18.904922
1427158376.545,23.052383
1427158376.561,27.050201
1427158376.576,31.146133
1427158376.592,35.718796
1427158376.608,41.150665
1427158376.623,47.65413
1427158376.639,55.086304
1427158376.655,62.775116
1427158376.67,69.50383
1427158376.686,73.68388
1427158376.701,73.820435
1427158376.717,68.988495
1427158376.733,59.245285
1427158376.748,45.678635
1427158376.764,30.059738
1427158376.78,14.31282
1427158376.795,-0.063323975
1427158376.811,-12.232712
1427158376.826,-21.983154
1427158376.842,-29.424896
1427158376.858,-34.74681
1427158376.873,-38.02687
1427158376.889,-39.3571
1427158376.905,-38.943283
1427158376.92,-37.2296
1427158376.936,-34.837524
1427158376.951,-32.43068
1427158376.967,-30.51474
1427158376.983,-29.276169
1427158376.998,-28.569962
1427158377.014,-28.015686
1427158377.03,-27.204712
1427158377.045,-25.923904
1427158377.061,-24.248718
1427158377.076,-22.521912
1427158377.092,-21.109741
1427158377.108,-20.202652
1427158377.123,-19.604004
1427158377.139,-18.807999
1427158377.155,-17.208801
1427158377.17,-14.366974
1427158377.186,-10.234009
1427158377.201,-5.147461
1427158377.217,0.3218994
1427158377.233,5.644577
1427158377.248,10.521988
1427158377.264,14.965988
1427158377.28,19.24556
1427158377.295,23.729004
1427158377.311,28.765976
1427158377.326,34.617462
1427158377.342,41.359573
1427158377.358,48.77849
1427158377.373,56.21866
1427158377.389,62.497467
1427158377.405,66.06874
1427158377.42,65.441864
1427158377.436,59.714615
1427158377.451,49.040115
1427158377.467,34.686066
1427158377.483,18.606369
1427158377.498,2.8332977
1427158377.514,-11.191147
1427158377.53,-22.82225
1427158377.545,-32.060516
1427158377.561,-39.13777
1427158377.576,-44.181534
1427158377.592,-47.116653
1427158377.608,-47.855667
1427158377.623,-46.567688
1427158377.639,-43.820633
1427158377.655,-40.467148
1427158377.67,-37.39023
1427158377.686,-35.1568
1427158377.701,-33.881226
1427158377.717,-33.26471
1427158377.733,-32.75847
1427158377.748,-31.867859
1427158377.764,-30.38092
1427158377.78,-28.389923
1427158377.795,-26.2724
1427158377.811,-24.397095
1427158377.826,-22.928665
1427158377.842,-21.678833
1427158377.858,-20.18805
1427158377.873,-17.907272
1427158377.889,-14.49527
1427158377.905,-9.9509735
1427158377.92,-4.5628815
1427158377.936,1.201355
1427158377.951,6.9172363
1427158377.967,12.345978
1427158377.983,17.428482
1427158377.998,22.250473
1427158378.014,26.949722
1427158378.03,31.69844
1427158378.045,36.72377
1427158378.061,42.31134
1427158378.076,48.70793
1427158378.092,55.90129
1427158378.108,63.39679
1427158378.123,70.09384
1427158378.139,74.43402
1427158378.155,74.84189
1427158378.17,70.22443
1427158378.186,60.447617
1427158378.201,46.44455
1427158378.217,29.955963
1427158378.233,12.967194
1427158378.248,-2.8594513
1427158378.264,-16.516632
1427158378.28,-27.65419
1427158378.295,-36.314972
1427158378.311,-42.664642
1427158378.326,-46.831543
1427158378.342,-48.935272
1427158378.358,-49.25284
1427158378.373,-48.245453
1427158378.389,-46.548203
1427158378.405,-44.750824
1427158378.42,-43.272385
1427158378.436,-42.202744
1427158378.451,-41.432632
1427158378.467,-40.759262
1427158378.483,-40.034515
1427158378.498,-39.233078
1427158378.514,-38.406784
1427158378.53,-37.551514
1427158378.545,-36.539047
1427158378.561,-35.115417
1427158378.576,-33.008102
1427158378.592,-30.054657
1427158378.608,-26.316574
1427158378.623,-22.059036
1427158378.639,-17.638184
1427158378.655,-13.3293
1427158378.67,-9.2144165
1427158378.686,-5.1215973
1427158378.701,-0.7798004
1427158378.717,4.0829163
1427158378.733,9.517517
1427158378.748,15.332474
1427158378.764,21.126144
1427158378.78,26.48732
1427158378.795,31.131409
1427158378.811,35.062897
1427158378.826,38.59723
1427158378.842,42.254135
1427158378.858,46.64685
1427158378.873,52.241577
1427158378.889,59.149002
1427158378.905,66.91583
1427158378.92,74.42323
1427158378.936,80.07533
1427158378.952,82.148575
1427158378.967,79.35727
1427158378.983,71.30061
1427158378.998,58.636337
1427158379.014,42.88507
1427158379.03,25.93602
1427158379.045,9.477051
1427158379.061,-5.358322
1427158379.076,-18.092255
1427158379.092,-28.646347
1427158379.108,-37.08455
1427158379.123,-43.41922
1427158379.139,-47.611603
1427158379.155,-49.733414
1427158379.17,-50.100296
1427158379.186,-49.2865
1427158379.202,-48.022125
1427158379.217,-46.93463
1427158379.233,-46.381943
1427158379.248,-46.327713
1427158379.264,-46.462585
1427158379.28,-46.371994
1427158379.295,-45.790405
1427158379.311,-44.67395
1427158379.327,-43.22255
1427158379.342,-41.71582
1427158379.358,-40.356827
1427158379.373,-39.128265
1427158379.389,-37.795578
1427158379.405,-35.96411
1427158379.42,-33.242462
1427158379.436,-29.39827
1427158379.452,-24.472702
1427158379.467,-18.814026
1427158379.483,-12.991074
1427158379.498,-7.576233
1427158379.514,-2.9506683
1427158379.53,0.8607178
1427158379.545,4.179947
1427158379.561,7.536606
1427158379.577,11.376366
1427158379.592,15.909683
1427158379.608,21.00093
1427158379.623,26.26355
1427158379.639,31.239662
1427158379.655,35.617096
1427158379.67,39.336975
1427158379.686,42.601555
1427158379.702,45.828094
1427158379.717,49.50628
1427158379.733,54.098236
1427158379.748,59.86689
1427158379.764,66.698074
1427158379.78,73.9291
1427158379.795,80.335754
1427158379.811,84.30247
1427158379.827,84.260216
1427158379.842,79.189766
1427158379.858,69.003
1427158379.873,54.64595
1427158379.889,37.78885
1427158379.905,20.33194
1427158379.92,3.858673
1427158379.936,-10.650223
1427158379.952,-22.81884
1427158379.967,-32.64628
1427158379.983,-40.23197
1427158379.998,-45.62319
1427158380.014,-48.868904
1427158380.03,-50.18167
1427158380.045,-49.999496
1427158380.061,-48.96663
1427158380.077,-47.771202
1427158380.092,-46.90281
1427158380.108,-46.548645
1427158380.123,-46.542168
1427158380.139,-46.56025
1427158380.155,-46.29332
1427158380.17,-45.596474
1427158380.186,-44.541595
1427158380.202,-43.33558
1427158380.217,-42.172516
1427158380.233,-41.08663
1427158380.248,-39.9236
1427158380.264,-38.356964
1427158380.28,-36.01999
1427158380.295,-32.691216
1427158380.311,-28.403297
1427158380.327,-23.469147
1427158380.342,-18.367233
1427158380.358,-13.571259
1427158380.373,-9.345261
1427158380.389,-5.6689835
1427158380.405,-2.2473526
1427158380.42,1.3432465
1427158380.436,5.456665
1427158380.452,10.231354
1427158380.467,15.564697
1427158380.483,21.0969
1427158380.498,26.389603
1427158380.514,31.056198
1427158380.53,34.905724
1427158380.545,38.044815
1427158380.561,40.846382
1427158380.577,43.870773
1427158380.592,47.71273
1427158380.608,52.843468
1427158380.623,59.446526
1427158380.639,67.21538
1427158380.655,75.26599
1427158380.67,82.11761
1427158380.686,85.99847
1427158380.702,85.3027
1427158380.717,79.209335
1427158380.733,67.99567
1427158380.748,53.06002
1427158380.764,36.42926
1427158380.78,20.11892
1427158380.795,5.526497
1427158380.811,-6.770569
1427158380.827,-16.835762
1427158380.842,-24.954025
1427158380.858,-31.32626
1427158380.873,-35.92542
1427158380.889,-38.677113
1427158380.905,-39.674446
1427158380.92,-39.299854
1427158380.936,-38.15679
1427158380.952,-36.897648
1427158380.967,-35.985966
1427158380.983,-35.616913
1427158380.998,-35.70705
1427158381.014,-36.055756
1427158381.03,-36.4398
1427158381.045,-36.69803
1427158381.061,-36.72999
1427158381.077,-36.43098
1427158381.092,-35.65594
1427158381.108,-34.237545
1427158381.123,-32.062225
1427158381.139,-29.134117
1427158381.155,-25.601074
1427158381.17,-21.663052
1427158381.186,-17.477894
1427158381.202,-13.116825
1427158381.217,-8.544666
1427158381.233,-3.7673073
1427158381.248,1.1480713
1427158381.264,6.020687
1427158381.28,10.648647
1427158381.295,14.909267
1427158381.311,18.814362
1427158381.327,22.505322
1427158381.342,26.223255
1427158381.358,30.251945
1427158381.373,34.887806
1427158381.389,40.367054
1427158381.405,46.814827
1427158381.42,53.986877
1427158381.436,61.123528
1427158381.452,66.934784
1427158381.467,69.912415
1427158381.483,68.77034
1427158381.498,62.977997
1427158381.514,52.94832
1427158381.53,39.91076
1427158381.545,25.453613
1427158381.561,11.022533
1427158381.577,-2.406063
1427158381.592,-14.349442
1427158381.608,-24.640099
1427158381.624,-33.17514
1427158381.639,-39.837383
1427158381.655,-44.48034
1427158381.67,-47.12612
1427158381.686,-48.023853
1427158381.702,-47.6594
1427158381.717,-46.62748
1427158381.733,-45.4432
1427158381.748,-44.42258
1427158381.764,-43.613487
1427158381.78,-42.89189
1427158381.795,-42.089584
1427158381.811,-41.10777
1427158381.827,-39.9933
1427158381.842,-38.853085
1427158381.858,-37.723286
1427158381.874,-36.474125
1427158381.889,-34.85442
1427158381.905,-32.555283
1427158381.92,-29.404205
1427158381.936,-25.494202
1427158381.952,-21.129662
1427158381.967,-16.728043
1427158381.983,-12.620132
1427158381.999,-8.930103
1427158382.014,-5.5469017
1427158382.03,-2.187996
1427158382.045,1.5247192
1427158382.061,5.8931217
1427158382.077,11.030352
1427158382.092,16.788803
1427158382.108,22.74185
1427158382.124,28.337042
1427158382.139,33.095013
1427158382.155,36.826286
1427158382.17,39.733784
1427158382.186,42.395668
1427158382.202,45.55787
1427158382.217,49.8721
1427158382.233,55.656258
1427158382.249,62.658096
1427158382.264,70.009674
1427158382.28,76.30303
1427158382.295,79.913666
1427158382.311,79.430214
1427158382.327,74.10912
1427158382.342,64.18054
1427158382.358,50.773872
1427158382.374,35.554066
1427158382.389,20.176828
1427158382.405,5.821373
1427158382.42,-6.9341993
1427158382.436,-17.99062
1427158382.452,-27.432934
1427158382.467,-35.262886
1427158382.483,-41.38584
1427158382.499,-45.715805
1427158382.514,-48.34926
1427158382.53,-49.60455
1427158382.545,-49.956734
1427158382.561,-49.859634
1427158382.577,-49.64102
1427158382.592,-49.42744
1427158382.608,-49.22932
1427158382.624,-49.008457
1427158382.639,-48.754852
1427158382.655,-48.495705
1427158382.67,-48.253616
1427158382.686,-47.97468
1427158382.702,-47.51785
1427158382.717,-46.64427
1427158382.733,-45.123585
1427158382.749,-42.797024
1427158382.764,-39.655148
1427158382.78,-35.864876
1427158382.795,-31.700928
1427158382.811,-27.429783
1427158382.827,-23.224493
1427158382.842,-19.111008
1427158382.858,-15.031067
1427158382.874,-10.876791
1427158382.889,-6.6282616
1427158382.905,-2.3610783
1427158382.92,1.7907925
1427158382.936,5.712654
1427158382.952,9.370609
1427158382.967,12.869343
1427158382.983,16.380562
1427158382.999,20.079458
1427158383.014,24.044586
1427158383.03,28.225834
1427158383.045,32.429825
1427158383.061,36.421886
1427158383.077,40.00984
1427158383.092,43.17264
1427158383.108,46.084145
1427158383.124,49.097027
1427158383.139,52.649532
1427158383.155,57.166023
1427158383.17,62.842327
1427158383.186,69.5154
1427158383.202,76.47789
1427158383.217,82.51388
1427158383.233,86.07631
1427158383.249,85.73975
1427158383.264,80.661995
1427158383.28,70.917946
1427158383.295,57.51758
1427158383.311,42.080708
1427158383.327,26.303566
1427158383.342,11.504402
1427158383.358,-1.6097603
1427158383.374,-12.840061
1427158383.389,-22.267685
1427158383.405,-29.994888
1427158383.42,-36.065617
1427158383.436,-40.483746
1427158383.452,-43.366455
1427158383.467,-44.950577
1427158383.483,-45.60741
1427158383.499,-45.708942
1427158383.514,-45.562374
1427158383.53,-45.34598
1427158383.545,-45.10852
1427158383.561,-44.792553
1427158383.577,-44.325394
1427158383.592,-43.65473
1427158383.608,-42.79403
1427158383.624,-41.80648
1427158383.639,-40.73667
1427158383.655,-39.575043
1427158383.67,-38.207195
1427158383.686,-36.450424
1427158383.702,-34.167324
1427158383.717,-31.298042
1427158383.733,-27.91317
1427158383.749,-24.1501
1427158383.764,-20.148567
1427158383.78,-16.018501
1427158383.795,-11.834656
1427158383.811,-7.6582184
1427158383.827,-3.5954742
1427158383.842,0.23335266
1427158383.858,3.703148
1427158383.874,6.772331
1427158383.889,9.519287
1427158383.905,12.151451
1427158383.92,14.950203
1427158383.936,18.184319
1427158383.952,21.96128
1427158383.967,26.169128
1427158383.983,30.460167
1427158383.999,34.460022
1427158384.014,37.879738
1427158384.03,40.6995
1427158384.045,43.205704
1427158384.061,45.91752
1427158384.077,49.379463
1427158384.092,53.999794
1427158384.108,59.864655
1427158384.124,66.6158
1427158384.139,73.400665
1427158384.155,78.92972
1427158384.17,81.729996
1427158384.186,80.518005
1427158384.202,74.63476
1427158384.217,64.34822
1427158384.233,50.846985
1427158384.249,35.87673
1427158384.264,21.183563
1427158384.28,8.041901
1427158384.295,-2.9797592
1427158384.311,-11.899147
1427158384.327,-19.000923
1427158384.342,-24.557594
1427158384.358,-28.70655
1427158384.374,-31.4861
1427158384.389,-33.02523
1427158384.405,-33.605217
1427158384.42,-33.639214
1427158384.436,-33.53701
1427158384.452,-33.55945
1427158384.467,-33.75261
1427158384.483,-34.00403
1427158384.499,-34.170517
1427158384.514,-34.220787
1427158384.53,-34.27487
1427158384.546,-34.492622
1427158384.561,-34.922424
1427158384.577,-35.385788
1427158384.592,-35.48694
1427158384.608,-34.761932
1427158384.624,-32.922554
1427158384.639,-29.997845
1427158384.655,-26.340408
1427158384.671,-22.427689
1427158384.686,-18.642288
1427158384.702,-15.086601
1427158384.717,-11.572468
1427158384.733,-7.7864647
1427158384.749,-3.4711342
1427158384.764,1.3835373
1427158384.78,6.546028
1427158384.796,11.615128
1427158384.811,16.229568
1427158384.827,20.202011
1427158384.842,23.618443
1427158384.858,26.79322
1427158384.874,30.201576
1427158384.889,34.315735
1427158384.905,39.46646
1427158384.921,45.67858
1427158384.936,52.532043
1427158384.952,59.122017
1427158384.967,64.15674
1427158384.983,66.251816
1427158384.999,64.35733
1427158385.014,58.093033
1427158385.03,47.949665
1427158385.046,35.12377
1427158385.061,21.170872
1427158385.077,7.510723
1427158385.092,-4.8869095
1427158385.108,-15.59676
1427158385.124,-24.569225
1427158385.139,-31.8951
1427158385.155,-37.602062
1427158385.171,-41.65371
1427158385.186,-44.054703
1427158385.202,-45.00476
1427158385.217,-44.914967
1427158385.233,-44.33288
1427158385.249,-43.728218
1427158385.264,-43.351078
1427158385.28,-43.158226
1427158385.296,-42.920708
1427158385.311,-42.37881
1427158385.327,-41.431583
1427158385.342,-40.17756
1427158385.358,-38.879463
1427158385.374,-37.733944
1427158385.389,-36.752926
1427158385.405,-35.676064
1427158385.421,-34.076786
1427158385.436,-31.555157
1427158385.452,-27.975021
1427158385.467,-23.540283
1427158385.483,-18.728813
1427158385.499,-14.075199
1427158385.514,-9.928299
1427158385.53,-6.28249
1427158385.546,-2.816597
1427158385.561,0.9507065
1427158385.577,5.378765
1427158385.592,10.50658
1427158385.608,16.07695
1427158385.624,21.645134
1427158385.639,26.788979
1427158385.655,31.277668
1427158385.671,35.124783
1427158385.686,38.5894
1427158385.702,42.069542
1427158385.717,46.094723
1427158385.733,51.110775
1427158385.749,57.346485
1427158385.764,64.47561
1427158385.78,71.52991
1427158385.796,76.97006
1427158385.811,79.115326
1427158385.827,76.69745
1427158385.842,69.390564
1427158385.858,57.92186
1427158385.874,43.837383
1427158385.889,28.911198
1427158385.905,14.588268
1427158385.921,1.6823082
1427158385.936,-9.586674
1427158385.952,-19.308216
1427158385.967,-27.595974
1427158385.983,-34.42605
1427158385.999,-39.696133
1427158386.014,-43.361942
1427158386.03,-45.562485
1427158386.046,-46.652935
1427158386.061,-47.070854
1427158386.077,-47.22189
1427158386.092,-47.33489
1427158386.108,-47.46608
1427158386.124,-47.552967
1427158386.139,-47.503574
1427158386.155,-47.265884
1427158386.171,-46.83076
1427158386.186,-46.214573
1427158386.202,-45.416927
1427158386.217,-44.401302
1427158386.233,-43.101654
1427158386.249,-41.43777
1427158386.264,-39.38468
1427158386.28,-36.954887
1427158386.296,-34.200706
1427158386.311,-31.168953
1427158386.327,-27.93695
1427158386.342,-24.526253
1427158386.358,-20.974415
1427158386.374,-17.276966
1427158386.389,-13.425751
1427158386.405,-9.411011
1427158386.421,-5.2600975
1427158386.436,-1.0467453
1427158386.452,3.1159515
1427158386.467,7.1397095
1427158386.483,11.01157
1427158386.499,14.8282585
1427158386.514,18.732494
1427158386.53,22.847824
1427158386.546,27.192722
1427158386.561,31.635815
1427158386.577,35.94857
1427158386.592,39.941902
1427158386.608,43.55072
1427158386.624,46.930367
1427158386.639,50.42373
1427158386.655,54.47522
1427158386.671,59.489773
1427158386.686,65.62886
1427158386.702,72.609985
1427158386.717,79.612885
1427158386.733,85.27792
1427158386.749,88.01135
1427158386.764,86.40689
1427158386.78,79.78754
1427158386.796,68.46571
1427158386.811,53.76295
1427158386.827,37.553165
1427158386.842,21.664234
1427158386.858,7.3592606
1427158386.874,-4.8555145
1427158386.889,-15.1022
1427158386.905,-23.7342
1427158386.921,-30.998558
1427158386.936,-36.886463
1427158386.952,-41.21859
1427158386.967,-43.912567
1427158386.983,-45.161636
1427158386.999,-45.406612
1427158387.014,-45.22218
1427158387.03,-45.06308
1427158387.046,-45.12799
1427158387.061,-45.325077
1427158387.077,-45.46532
1427158387.092,-45.404068
1427158387.108,-45.179882
1427158387.124,-44.97695
1427158387.139,-44.997185
1427158387.155,-45.26456
1427158387.171,-45.54247
1427158387.186,-45.37468
1427158387.202,-44.27511
1427158387.218,-41.956787
1427158387.233,-38.479584
1427158387.249,-34.241863
1427158387.264,-29.803886
1427158387.28,-25.62674
1427158387.296,-21.934963
1427158387.311,-18.60186
1427158387.327,-15.326267
1427158387.343,-11.784401
1427158387.358,-7.840843
1427158387.374,-3.5987206
1427158387.389,0.6570053
1427158387.405,4.652977
1427158387.421,8.255383
1427158387.436,11.540688
1427158387.452,14.762474
1427158387.468,18.176975
1427158387.483,21.908642
1427158387.499,25.899231
1427158387.514,29.906975
1427158387.53,33.67587
1427158387.546,37.05299
1427158387.561,40.125492
1427158387.577,43.160168
1427158387.593,46.56762
1427158387.608,50.739132
1427158387.624,55.944206
1427158387.639,62.19995
1427158387.655,69.158005
1427158387.671,75.98215
1427158387.686,81.36813
1427158387.702,83.77693
1427158387.718,81.88943
1427158387.733,75.0829
1427158387.749,63.746113
1427158387.764,49.208122
1427158387.78,33.32508
1427158387.796,17.855434
1427158387.811,4.0064735
1427158387.827,-7.72628
1427158387.843,-17.380737
1427158387.858,-25.178066
1427158387.874,-31.24723
1427158387.889,-35.610855
1427158387.905,-38.29005
1427158387.921,-39.491188
1427158387.936,-39.62926
1427158387.952,-39.25552
1427158387.968,-38.836643
1427158387.983,-38.64962
1427158387.999,-38.72992
1427158388.014,-38.97367
1427158388.03,-39.261955
1427158388.046,-39.534912
1427158388.061,-39.77865
1427158388.077,-39.947227
1427158388.093,-39.917244
1427158388.108,-39.46388
1427158388.124,-38.34282
1427158388.139,-36.40356
1427158388.155,-33.661083
1427158388.171,-30.324324
1427158388.186,-26.681002
1427158388.202,-22.984816
1427158388.218,-19.306242
1427158388.233,-15.5408
1427158388.249,-11.485939
1427158388.264,-6.984503
1427158388.28,-2.0488205
1427158388.296,3.100031
1427158388.311,8.145561
1427158388.327,12.820482
1427158388.343,17.044954
1427158388.358,20.951872
1427158388.374,24.856598
1427158388.389,29.162153
1427158388.405,34.247498
1427158388.421,40.321785
1427158388.436,47.32442
1427158388.452,54.718277
1427158388.468,61.470966
1427158388.483,66.150215
1427158388.499,67.310425
1427158388.514,63.930267
1427158388.53,55.900414
1427158388.546,44.111824
1427158388.561,30.214106
1427158388.577,16.069506
1427158388.593,3.1544685
1427158388.608,-7.750328
1427158388.624,-16.561596
1427158388.639,-23.578938
1427158388.655,-29.128838
1427158388.671,-33.359818
1427158388.686,-36.22757
1427158388.702,-37.69711
1427158388.718,-37.879387
1427158388.733,-37.123783
1427158388.749,-35.94076
1427158388.764,-34.804806
1427158388.78,-34.01149
1427158388.796,-33.60485
1427158388.811,-33.393753
1427158388.827,-33.139336
1427158388.843,-32.66341
1427158388.858,-31.92404
1427158388.874,-30.957369
1427158388.889,-29.794024
1427158388.905,-28.354187
1427158388.921,-26.477854
1427158388.936,-23.989023
1427158388.952,-20.83804
1427158388.968,-17.136791
1427158388.983,-13.130953
1427158388.999,-9.046988
1427158389.014,-4.971901
1427158389.03,-0.8064518
1427158389.046,3.6827965
1427158389.061,8.661426
1427158389.077,14.080978
1427158389.093,19.69991
1427158389.108,25.135685
1427158389.124,30.087435
1427158389.139,34.468063
1427158389.155,38.461132
1427158389.171,42.46438
1427158389.186,46.98381
1427158389.202,52.457405
1427158389.218,59.07371
1427158389.233,66.55499
1427158389.249,74.00444
1427158389.264,79.97281
1427158389.28,82.76383
1427158389.296,80.95214
1427158389.311,73.949615
1427158389.327,62.293358
1427158389.343,47.501194
1427158389.358,31.536325
1427158389.374,16.173414
1427158389.389,2.4677668
1427158389.405,-9.296598
1427158389.421,-19.328238
1427158389.436,-27.902786
1427158389.452,-35.08963
1427158389.468,-40.72884
1427158389.483,-44.65928
1427158389.499,-46.959496
1427158389.514,-48.029976
1427158389.53,-48.487816
1427158389.546,-48.92775
1427158389.561,-49.693478
1427158389.577,-50.798706
1427158389.593,-51.968945
1427158389.608,-52.838505
1427158389.624,-53.132942
1427158389.639,-52.794357
1427158389.655,-51.97358
1427158389.671,-50.950035
1427158389.686,-49.95018
1427158389.702,-49.03759
1427158389.718,-48.035458
1427158389.733,-46.619858
1427158389.749,-44.421318
1427158389.764,-41.233147
1427158389.78,-37.079002
1427158389.796,-32.23414
1427158389.811,-27.081692
1427158389.827,-21.993216
1427158389.843,-17.189283
1427158389.858,-12.762739
1427158389.874,-8.662134
1427158389.89,-4.760021
1427158389.905,-0.86956596
1427158389.921,3.235159
1427158389.936,7.7617397
1427158389.952,12.802856
1427158389.968,18.274727
1427158389.983,23.90501
1427158389.999,29.3178
1427158390.014,34.16141
1427158390.03,38.29904
1427158390.046,41.82897
1427158390.061,45.148266
1427158390.077,48.77314
1427158390.093,53.278244
1427158390.108,59.101402
1427158390.124,66.360245
1427158390.14,74.59822
1427158390.155,82.673355
1427158390.171,88.84962
1427158390.186,91.18624
1427158390.202,88.20638
1427158390.218,79.49191
1427158390.233,65.86948
1427158390.249,49.18351
1427158390.265,31.632038
1427158390.28,15.065519
1427158390.296,0.5565758
1427158390.311,-11.629734
1427158390.327,-21.727884
1427158390.343,-30.06527
1427158390.358,-36.84545
1427158390.374,-42.08169
1427158390.39,-45.77608
1427158390.405,-48.041615
1427158390.421,-49.162376
1427158390.436,-49.522743
1427158390.452,-49.51912
1427158390.468,-49.46805
1427158390.483,-49.543365
1427158390.499,-49.778027
1427158390.515,-50.09774
1427158390.53,-50.34675
1427158390.546,-50.3863
1427158390.561,-50.10881
1427158390.577,-49.48607
1427158390.593,-48.51407
1427158390.608,-47.19929
1427158390.624,-45.513336
1427158390.64,-43.394733
1427158390.655,-40.749344
1427158390.671,-37.527267
1427158390.686,-33.715385
1427158390.702,-29.37501
1427158390.718,-24.62789
1427158390.733,-19.646904
1427158390.749,-14.617121
1427158390.765,-9.743425
1427158390.78,-5.182495
1427158390.796,-1.0210915
1427158390.811,2.7722874
1427158390.827,6.353052
1427158390.843,9.933451
1427158390.858,13.714397
1427158390.874,17.792515
1427158390.89,22.08565
1427158390.905,26.387108
1427158390.921,30.451921
1427158390.936,34.14945
1427158390.952,37.49964
1427158390.968,40.728664
1427158390.983,44.143524
1427158390.999,48.104145
1427158391.015,52.908165
1427158391.03,58.74094
1427158391.046,65.50053
1427158391.061,72.63547
1427158391.077,79.05118
1427158391.093,83.197296
1427158391.108,83.483505
1427158391.124,78.85046
1427158391.14,69.23235
1427158391.155,55.706894
1427158391.171,40.13151
1427158391.186,24.501625
1427158391.202,10.300522
1427158391.218,-1.7870216
1427158391.233,-11.778791
1427158391.249,-19.983837
1427158391.265,-26.652977
1427158391.28,-31.836872
1427158391.296,-35.51983
1427158391.311,-37.783207
1427158391.327,-38.94303
1427158391.343,-39.474014
1427158391.358,-39.83745
1427158391.374,-40.326294
1427158391.39,-41.00532
1427158391.405,-41.73739
1427158391.421,-42.333515
1427158391.436,-42.603546
1427158391.452,-42.46072
1427158391.468,-41.89321
1427158391.483,-40.96167
1427158391.499,-39.720955
1427158391.515,-38.19655
1427158391.53,-36.34172
1427158391.546,-34.04332
1427158391.561,-31.190268
1427158391.577,-27.703686
1427158391.593,-23.599089
1427158391.608,-18.983564
1427158391.624,-14.011158
1427158391.64,-8.824219
1427158391.655,-3.5535698
1427158391.671,1.710701
1427158391.686,6.8740406
1427158391.702,11.821976
1427158391.718,16.466204
1427158391.733,20.754461
1427158391.749,24.756289
1427158391.765,28.68014
1427158391.78,32.885555
1427158391.796,37.789986
1427158391.811,43.658413
1427158391.827,50.38818
1427158391.843,57.293007
1427158391.858,63.1296
1427158391.874,66.36567
1427158391.89,65.64409
1427158391.905,60.303104
1427158391.921,50.640587
1427158391.936,37.86636
1427158391.952,23.680664
1427158391.968,9.7415695
1427158391.983,-2.7797623
1427158391.999,-13.365326
1427158392.015,-22.037834
1427158392.03,-29.06947
1427158392.046,-34.694733
1427158392.061,-38.995922
1427158392.077,-41.977455
1427158392.093,-43.67206
1427158392.108,-44.29469
1427158392.124,-44.20611
1427158392.14,-43.831043
1427158392.155,-43.473824
1427158392.171,-43.20005
1427158392.186,-42.855583
1427158392.202,-42.20926
1427158392.218,-41.144207
1427158392.233,-39.76544
1427158392.249,-38.370407
1427158392.265,-37.264397
1427158392.28,-36.56658
1427158392.296,-36.08145
1427158392.311,-35.394333
1427158392.327,-34.01048
1427158392.343,-31.555222
1427158392.358,-27.926474
1427158392.374,-23.29336
1427158392.39,-18.071606
1427158392.405,-12.772457
1427158392.421,-7.8335857
1427158392.436,-3.4626255
1427158392.452,0.43490696
1427158392.468,4.223757
1427158392.483,8.322252
1427158392.499,12.970296
1427158392.515,18.04728
1427158392.53,23.154764
1427158392.546,27.82924
1427158392.562,31.848106
1427158392.577,35.377056
1427158392.593,38.89842
1427158392.608,42.97151
1427158392.624,48.011894
1427158392.64,54.125008
1427158392.655,61.083576
1427158392.671,68.30948
1427158392.686,74.87077
1427158392.702,79.487946
1427158392.718,80.765015
1427158392.733,77.58703
1427158392.749,69.56543
1427158392.765,57.32318
1427158392.78,42.372326
1427158392.796,26.652464
1427158392.812,11.8957
1427158392.827,-0.8619852
1427158392.843,-11.379844
1427158392.858,-20.001585
1427158392.874,-27.189077
1427158392.89,-33.250435
1427158392.905,-38.174397
1427158392.921,-41.776096
1427158392.937,-43.927383
1427158392.952,-44.757996
1427158392.968,-44.68001
1427158392.983,-44.301693
1427158392.999,-44.170696
1427158393.015,-44.57985
1427158393.03,-45.458256
1427158393.046,-46.45513
1427158393.062,-47.163757
1427158393.077,-47.31471
1427158393.093,-46.88039
1427158393.108,-46.046326
1427158393.124,-45.01192
1427158393.14,-43.876457
1427158393.155,-42.538605
1427158393.171,-40.79199
1427158393.187,-38.418266
1427158393.202,-35.354374
1427158393.218,-31.68754
1427158393.233,-27.625427
1427158393.249,-23.382551
1427158393.265,-19.100592
1427158393.28,-14.814049
1427158393.296,-10.457712
1427158393.312,-5.9692116
1427158393.327,-1.346241
1427158393.343,3.3288002
1427158393.358,7.9289856
1427158393.374,12.378239
1427158393.39,16.66466
1427158393.405,20.885555
1427158393.421,25.111639
1427158393.437,29.337603
1427158393.452,33.411583
1427158393.468,37.12792
1427158393.483,40.356598
1427158393.499,43.1978
1427158393.515,45.98206
1427158393.53,49.22219
1427158393.546,53.43415
1427158393.562,58.926594
1427158393.577,65.57477
1427158393.593,72.71123
1427158393.608,79.08246
1427158393.624,83.0975
1427158393.64,83.23166
1427158393.655,78.534225
1427158393.671,69.01894
1427158393.687,55.73696
1427158393.702,40.420723
1427158393.718,24.953617
1427158393.733,10.761208
1427158393.749,-1.4507942
1427158393.765,-11.657303
1427158393.78,-20.139236
1427158393.796,-27.185883
1427158393.812,-32.863724
1427158393.827,-37.100483
1427158393.843,-39.87584
1427158393.858,-41.35501
1427158393.874,-41.935204
1427158393.89,-42.09667
1427158393.905,-42.222305
1427158393.921,-42.501682
1427158393.937,-42.908382
1427158393.952,-43.283997
1427158393.968,-43.47001
1427158393.983,-43.399506
1427158393.999,-43.08903
1427158394.015,-42.582787
1427158394.03,-41.82637
1427158394.046,-40.662468
1427158394.062,-38.843254
1427158394.077,-36.200596
1427158394.093,-32.74977
1427158394.108,-28.714493
1427158394.124,-24.467327
1427158394.14,-20.345673
1427158394.155,-16.513313
1427158394.171,-12.986137
1427158394.187,-9.651638
1427158394.202,-6.3968964
1427158394.218,-3.1510735
1427158394.233,0.14936829
1427158394.249,3.5640526
1427158394.265,7.1635284
1427158394.28,10.967674
1427158394.296,14.909657
1427158394.312,18.814133
1427158394.327,22.455318
1427158394.343,25.705055
1427158394.358,28.555912
1427158394.374,31.151642
1427158394.39,33.689323
1427158394.405,36.388252
1427158394.421,39.47055
1427158394.437,43.207962
1427158394.452,47.851814
1427158394.468,53.60224
1427158394.483,60.36432
1427158394.499,67.58161
1427158394.515,74.1698
1427158394.53,78.719055
1427158394.546,79.78966
1427158394.562,76.423195
1427158394.577,68.42511
1427158394.593,56.525536
1427158394.608,42.23044
1427158394.624,27.350197
1427158394.64,13.482517
1427158394.655,1.6185684
1427158394.671,-7.9846115
1427158394.687,-15.602173
1427158394.702,-21.712307
1427158394.718,-26.639732
1427158394.733,-30.452377
1427158394.749,-33.066574
1427158394.765,-34.45496
1427158394.78,-34.812096
1427158394.796,-34.51456
1427158394.812,-33.97646
1427158394.827,-33.509502
1427158394.843,-33.229595
1427158394.858,-33.117073
1427158394.874,-33.121426
1427158394.89,-33.233856
1427158394.905,-33.40815
1427158394.921,-33.555397
1427158394.937,-33.462463
1427158394.952,-32.86919
1427158394.968,-31.57275
1427158394.983,-29.483551
1427158394.999,-26.691765
1427158395.015,-23.418106
1427158395.03,-19.902927
1427158395.046,-16.347393
1427158395.062,-12.826862
1427158395.077,-9.315132
1427158395.093,-5.697174
1427158395.108,-1.877491
1427158395.124,2.1937943
1427158395.14,6.4539413
1427158395.155,10.751778
1427158395.171,14.928371
1427158395.187,18.884605
1427158395.202,22.635029
1427158395.218,26.372017
1427158395.233,30.424889
1427158395.249,35.1762
1427158395.265,40.88138
1427158395.28,47.43329
1427158395.296,54.16745
1427158395.312,59.850246
1427158395.327,62.952007
1427158395.343,62.143696
1427158395.358,56.85838
1427158395.374,47.54561
1427158395.39,35.513298
1427158395.405,22.44413
1427158395.421,9.761665
1427158395.437,-1.7130489
1427158395.452,-11.777618
1427158395.468,-20.545475
1427158395.484,-28.110247
1427158395.499,-34.350163
1427158395.515,-39.048004
1427158395.53,-42.060966
1427158395.546,-43.52216
1427158395.562,-43.83134
1427158395.577,-43.5524
1427158395.593,-43.175552
1427158395.609,-42.976234
1427158395.624,-42.992256
1427158395.64,-43.067253
1427158395.655,-42.991142
1427158395.671,-42.63154
1427158395.687,-41.98711
1427158395.702,-41.1797
1427158395.718,-40.354797
1427158395.734,-39.532715
1427158395.749,-38.575546
1427158395.765,-37.262154
1427158395.78,-35.365395
1427158395.796,-32.779404
1427158395.812,-29.578747
1427158395.827,-25.950989
1427158395.843,-22.080486
1427158395.859,-18.146961
1427158395.874,-14.268837
1427158395.89,-10.5442505
1427158395.905,-7.0034904
1427158395.921,-3.564659
1427158395.937,-0.011394501
1427158395.952,3.913395
1427158395.968,8.413799
1427158395.984,13.46352
1427158395.999,18.76767
1427158396.015,23.854252
1427158396.03,28.291782
1427158396.046,31.868816
1427158396.062,34.686634
1427158396.077,37.117207
1427158396.093,39.658318
1427158396.109,42.820705
1427158396.124,47.054043
1427158396.14,52.62332
1427158396.155,59.503468
1427158396.171,67.22042
1427158396.187,74.72249
1427158396.202,80.469894
1427158396.218,82.82118
1427158396.234,80.5179
1427158396.249,73.17027
1427158396.265,61.4423
1427158396.28,46.88272
1427158396.296,31.442608
1427158396.312,16.874313
1427158396.327,4.2714157
1427158396.343,-6.0476837
1427158396.359,-14.373825
1427158396.374,-21.233795
1427158396.39,-27.053387
1427158396.405,-31.97221
1427158396.421,-35.934074
1427158396.437,-38.81594
1427158396.452,-40.642742
1427158396.468,-41.625828
1427158396.484,-42.09898
1427158396.499,-42.39567
1427158396.515,-42.749786
1427158396.53,-43.24043
1427158396.546,-43.842228
1427158396.562,-44.459957
1427158396.577,-44.98689
1427158396.593,-45.299847
1427158396.609,-45.278164
1427158396.624,-44.80605
1427158396.64,-43.78672
1427158396.655,-42.190113
1427158396.671,-40.009445
1427158396.687,-37.26551
1427158396.702,-34.045975
1427158396.718,-30.488056
1427158396.734,-26.792202
1427158396.749,-23.129635
1427158396.765,-19.61462
1427158396.78,-16.197948
1427158396.796,-12.757359
1427158396.812,-9.165813
1427158396.827,-5.436882
1427158396.843,-1.7096558
1427158396.859,1.8424606
1427158396.874,5.1922684
1427158396.89,8.497864
1427158396.905,12.058781
1427158396.921,16.121655
1427158396.937,20.685612
1427158396.952,25.473404
1427158396.968,30.072468
1427158396.984,34.124058
1427158396.999,37.5202
1427158397.015,40.431793
1427158397.03,43.251793
1427158397.046,46.454803
1427158397.062,50.503517
1427158397.077,55.724613
1427158397.093,62.171246
1427158397.109,69.39313
1427158397.124,76.32399
1427158397.14,81.36331
1427158397.155,82.80858
1427158397.171,79.42804
1427158397.187,71.01189
1427158397.202,58.4905
1427158397.218,43.657497
1427158397.234,28.467716
1427158397.249,14.419079
1427158397.265,2.2153015
1427158397.28,-8.129021
1427158397.296,-16.907677
1427158397.312,-24.328602
1427158397.327,-30.368977
1427158397.343,-34.886017
1427158397.359,-37.86132
1427158397.374,-39.530197
1427158397.39,-40.37157
1427158397.405,-40.916958
1427158397.421,-41.508034
1427158397.437,-42.233635
1427158397.452,-42.95079
1427158397.468,-43.42035
1427158397.484,-43.513836
1427158397.499,-43.238026
1427158397.515,-42.744385
1427158397.53,-42.20453
1427158397.546,-41.704082
1427158397.562,-41.16865
1427158397.577,-40.388096
1427158397.593,-39.09954
1427158397.609,-37.071136
1427158397.624,-34.198685
1427158397.64,-30.529572
1427158397.655,-26.267857
1427158397.671,-21.701328
1427158397.687,-17.134945
1427158397.702,-12.832886
1427158397.718,-8.913929
1427158397.734,-5.3582573
1427158397.749,-1.9943199
1427158397.765,1.4321976
1427158397.78,5.1794815
1427158397.796,9.392662
1427158397.812,14.035488
1427158397.827,18.896263
1427158397.843,23.642628
1427158397.859,27.956978
1427158397.874,31.637352
1427158397.89,34.729572
1427158397.905,37.50463
1427158397.921,40.337914
1427158397.937,43.66704
1427158397.952,47.83992
1427158397.968,53.08324
1427158397.984,59.31975
1427158397.999,66.06453
1427158398.015,72.3163
1427158398.03,76.65277
1427158398.046,77.56761
1427158398.062,73.993484
1427158398.077,65.74742
1427158398.093,53.67709
1427158398.109,39.385963
1427158398.124,24.696293
1427158398.14,11.043428
1427158398.156,-0.8027916
1427158398.171,-10.685423
1427158398.187,-18.75937
1427158398.202,-25.220371
1427158398.218,-30.160503
1427158398.234,-33.641365
1427158398.249,-35.810493
1427158398.265,-36.988747
1427158398.281,-37.586212
1427158398.296,-37.984528
1427158398.312,-38.440887
1427158398.327,-39.04365
1427158398.343,-39.74415
1427158398.359,-40.393284
1427158398.374,-40.852123
1427158398.39,-41.031662
1427158398.406,-40.916397
1427158398.421,-40.551315
1427158398.437,-39.957382
1427158398.452,-39.096375
1427158398.468,-37.835655
1427158398.484,-36.026234
1427158398.499,-33.54096
1427158398.515,-30.389633
1427158398.531,-26.618122
1427158398.546,-22.285904
1427158398.562,-17.382153
1427158398.577,-11.891119
1427158398.593,-5.8680706
1427158398.609,0.4514432
1427158398.624,6.6811314
1427158398.64,12.413084
1427158398.656,17.393253
1427158398.671,21.64547
1427158398.687,25.46367
1427158398.702,29.2398
1427158398.718,33.388405
1427158398.734,38.261547
1427158398.749,44.101616
1427158398.765,50.91135
1427158398.781,58.291298
1427158398.796,65.30252
1427158398.812,70.51771
1427158398.827,72.358086
1427158398.843,69.6423
1427158398.859,62.068554
1427158398.874,50.41113
1427158398.89,36.274044
1427158398.906,21.48966
1427158398.921,7.5777206
1427158398.937,-4.5987625
1427158398.952,-14.831083
1427158398.968,-23.252007
1427158398.984,-30.044464
1427158398.999,-35.284756
1427158399.015,-38.97704
1427158399.031,-41.18936
1427158399.046,-42.20307
1427158399.062,-42.45728
1427158399.077,-42.478695
1427158399.093,-42.67115
1427158399.109,-43.179943
1427158399.124,-43.878006
1427158399.14,-44.459957
1427158399.156,-44.634594
1427158399.171,-44.251064
1427158399.187,-43.377262
1427158399.202,-42.25788
1427158399.218,-41.112514
1427158399.234,-40.034134
1427158399.249,-38.883926
1427158399.265,-37.338707
1427158399.281,-35.03122
1427158399.296,-31.726273
1427158399.312,-27.461872
1427158399.327,-22.553457
1427158399.343,-17.476564
1427158399.359,-12.688229
1427158399.374,-8.414921
1427158399.39,-4.5707645
1427158399.406,-0.7989912
1427158399.421,3.3314953
1427158399.437,8.108151
1427158399.452,13.492871
1427158399.468,19.148878
1427158399.484,24.588364
1427158399.499,29.416595
1427158399.515,33.493824
1427158399.531,37.0073
1427158399.546,40.3983
1427158399.562,44.23236
1427158399.577,49.02613
1427158399.593,55.11254
1427158399.609,62.424026
1427158399.624,70.36012
1427158399.64,77.720116
1427158399.656,82.85069
1427158399.671,84.11893
1427158399.687,80.443146
1427158399.702,71.70716
1427158399.718,58.882553
1427158399.734,43.694786
1427158399.749,28.035498
1427158399.765,13.35829
1427158399.781,0.41860962
1427158399.796,-10.697813
1427158399.812,-20.199703
1427158399.827,-28.306875
1427158399.843,-35.002407
1427158399.859,-40.146652
1427158399.874,-43.596596
1427158399.89,-45.45014
1427158399.906,-46.070343
1427158399.921,-46.018097
1427158399.937,-45.878998
1427158399.952,-46.077785
1427158399.968,-46.73105
1427158399.984,-47.698986
1427158399.999,-48.649445
1427158400.015,-49.25871
1427158400.031,-49.295574
1427158400.046,-48.721443
1427158400.062,-47.616158
1427158400.077,-46.117798
1427158400.093,-44.322815
1427158400.109,-42.272877
1427158400.124,-39.928764
1427158400.14,-37.24592
1427158400.156,-34.195602
1427158400.171,-30.787634
1427158400.187,-27.05752
1427158400.202,-23.051544
1427158400.218,-18.79473
1427158400.234,-14.30654
1427158400.249,-9.618959
1427158400.265,-4.8195553
1427158400.281,-0.07320976
1427158400.296,4.4615116
1427158400.312,8.678585
1427158400.327,12.592001
1427158400.343,16.350946
1427158400.359,20.115421
1427158400.374,24.004356
1427158400.39,27.979069
1427158400.406,31.917679
1427158400.421,35.72355
1427158400.437,39.44273
1427158400.452,43.252644
1427158400.468,47.436073
1427158400.484,52.287403
1427158400.499,58.014458
1427158400.515,64.62819
1427158400.531,71.83066
1427158400.546,78.841225
1427158400.562,84.393745
1427158400.577,86.93518
1427158400.593,85.076805
1427158400.609,78.143166
1427158400.624,66.517525
1427158400.64,51.561012
1427158400.656,35.190926
1427158400.671,19.18957
1427158400.687,4.7327557
1427158400.702,-7.7780323
1427158400.718,-18.409716
1427158400.734,-27.376163
1427158400.749,-34.698677
1427158400.765,-40.2155
1427158400.781,-43.774765
1427158400.796,-45.456665
1427158400.812,-45.673374
1427158400.828,-45.07316
1427158400.843,-44.315636
1427158400.859,-43.84498
1427158400.874,-43.76928
1427158400.89,-43.869137
1427158400.906,-43.7947
1427158400.921,-43.289963
1427158400.937,-42.28827
1427158400.953,-40.98379
1427158400.968,-39.64313
1427158400.984,-38.40413
1427158400.999,-37.12865
1427158401.015,-35.45931
1427158401.031,-32.978233
1427158401.046,-29.45633
1427158401.062,-25.013401
1427158401.078,-20.071846
1427158401.093,-15.180569
1427158401.109,-10.724674
1427158401.124,-6.7777634
1427158401.14,-3.076931
1427158401.156,0.805027
1427158401.171,5.2454147
1427158401.187,10.354149
1427158401.203,15.899334
1427158401.218,21.442413
1427158401.234,26.465584
1427158401.249,30.640278
1427158401.265,33.921577
1427158401.281,36.602554
1427158401.296,39.16813
1427158401.312,42.18635
1427158401.328,46.14358
1427158401.343,51.363453
1427158401.359,57.88005
1427158401.374,65.251114
1427158401.39,72.46203
1427158401.406,77.99364
1427158401.421,80.08028
1427158401.437,77.331116
1427158401.453,69.276764
1427158401.468,56.626984
1427158401.484,41.1025
1427158401.499,24.837074
1427158401.515,9.631802
1427158401.531,-3.5367775
1427158401.546,-14.541138
1427158401.562,-23.750816
1427158401.578,-31.55059
1427158401.593,-38.000923
1427158401.609,-42.86923
1427158401.624,-45.87493
1427158401.64,-47.036816
1427158401.656,-46.77085
1427158401.671,-45.822456
1427158401.687,-44.941185
1427158401.703,-44.648605
1427158401.718,-45.00615
1427158401.734,-45.705048
1427158401.749,-46.24543
1427158401.765,-46.20736
1427158401.781,-45.437607
1427158401.796,-44.111748
1427158401.812,-42.568764
1427158401.828,-41.12822
1427158401.843,-39.86489
1427158401.859,-38.5627
1427158401.874,-36.779938
1427158401.89,-34.04689
1427158401.906,-30.070724
1427158401.921,-24.90184
1427158401.937,-18.896011
1427158401.953,-12.609917
1427158401.968,-6.5743027
1427158401.984,-1.1101074
1427158401.999,3.800232
1427158402.015,8.461327
1427158402.031,13.343819
1427158402.046,18.924866
1427158402.062,25.550575
1427158402.078,33.32402
1427158402.093,42.062805
1427158402.109,51.17086
1427158402.124,59.616142
1427158402.14,66.010216
1427158402.156,68.90738
1427158402.171,67.26535
1427158402.187,60.886375
1427158402.203,50.540504
1427158402.218,37.760704
1427158402.234,24.28585
1427158402.249,11.510773
1427158402.265,0.1819992
1427158402.281,-9.528465
1427158402.296,-17.69307
1427158402.312,-24.281654
1427158402.328,-29.081062
1427158402.343,-31.862282
1427158402.359,-32.685112
1427158402.374,-32.037872
1427158402.39,-30.747978
1427158402.406,-29.655144
1427158402.421,-29.289696
1427158402.437,-29.692863
1427158402.453,-30.494713
1427158402.468,-31.134865
1427158402.484,-31.187057
1427158402.499,-30.49688
1427158402.515,-29.226273
1427158402.531,-27.710007
1427158402.546,-26.254593
1427158402.562,-24.959732
1427158402.578,-23.65062
1427158402.593,-21.921532
1427158402.609,-19.291931
1427158402.624,-15.406876
1427158402.64,-10.207115
1427158402.656,-4.009407
1427158402.671,2.6005096
1427158402.687,8.95916
1427158402.703,14.584663
1427158402.718,19.381584
1427158402.734,23.637299
1427158402.749,27.915504
1427158402.765,32.82051
1427158402.781,38.8211
1427158402.796,46.069397
1427158402.812,54.30504
1427158402.828,62.778976
1427158402.843,70.29046
1427158402.859,75.340195
1427158402.874,76.505806
1427158402.89,72.86519
1427158402.906,64.39037
1427158402.921,51.993538
1427158402.937,37.304756
1427158402.953,22.145226
1427158402.968,7.992195
1427158402.984,-4.3367386
1427158402.999,-14.696625
1427158403.015,-23.345963
1427158403.031,-30.598145
1427158403.046,-36.594734
1427158403.062,-41.27408
1427158403.078,-44.523964
1427158403.093,-46.321503
1427158403.109,-46.904747
1427158403.124,-46.71055
1427158403.14,-46.258636
1427158403.156,-45.935127
1427158403.171,-45.860596
1427158403.187,-45.84745
1427158403.203,-45.5598
1427158403.218,-44.656082
1427158403.234,-43.01539
1427158403.249,-40.774452
1427158403.265,-38.237144
1427158403.281,-35.6855
1427158403.296,-33.231483
1427158403.312,-30.719696
1427158403.328,-27.824524
1427158403.343,-24.213715
1427158403.359,-19.71511
1427158403.374,-14.352402
1427158403.39,-8.398827
1427158403.406,-2.1784973
1427158403.421,3.9785614
1427158403.437,9.854019
1427158403.453,15.341301
1427158403.468,20.448547
1427158403.484,25.273415
1427158403.5,29.978073
1427158403.515,34.80712
1427158403.531,40.108353
1427158403.546,46.247284
1427158403.562,53.435562
1427158403.578,61.41353
1427158403.593,69.31775
1427158403.609,75.6153
1427158403.624,78.56731
1427158403.64,76.7685
1427158403.656,69.7436
1427158403.671,58.17138
1427158403.687,43.689728
1427158403.703,28.265
1427158403.718,13.579277
1427158403.734,0.5540085
1427158403.75,-10.628311
1427158403.765,-20.21659
1427158403.781,-28.461876
1427158403.796,-35.383217
1427158403.812,-40.771645
1427158403.828,-44.46134
1427158403.843,-46.483444
1427158403.859,-47.212982
1427158403.875,-47.20932
1427158403.89,-47.027306
1427158403.906,-47.001144
1427158403.921,-47.18284
1427158403.937,-47.400536
1427158403.953,-47.394066
1427158403.968,-46.952965
1427158403.984,-45.984
1427158404,-44.483925
1427158404.015,-42.528084
1427158404.031,-40.145424
1427158404.046,-37.3785
1427158404.062,-34.21708
1427158404.078,-30.680702
1427158404.093,-26.765518
1427158404.109,-22.49115
1427158404.125,-17.858543
1427158404.14,-12.895821
1427158404.156,-7.654442
1427158404.171,-2.230484
1427158404.187,3.2426834
1427158404.203,8.617577
1427158404.218,13.749847
1427158404.234,18.562408
1427158404.25,23.035088
1427158404.265,27.241768
1427158404.281,31.354584
1427158404.296,35.64978
1427158404.312,40.50807
1427158404.328,46.256546
1427158404.343,52.99122
1427158404.359,60.301765
1427158404.375,67.17322
1427158404.39,72.077065
1427158404.406,73.422935
1427158404.421,70.12865
1427158404.437,62.043446
1427158404.453,50.106308
1427158404.468,36.00942
1427158404.484,21.635307
1427158404.5,8.447739
1427158404.515,-2.8194046
1427158404.531,-12.096176
1427158404.546,-19.67189
1427158404.562,-25.794128
1427158404.578,-30.51379
1427158404.593,-33.706043
1427158404.609,-35.306545
1427158404.625,-35.49297
1427158404.64,-34.77376
1427158404.656,-33.832024
1427158404.671,-33.329082
1427158404.687,-33.614838
1427158404.703,-34.636463
1427158404.718,-35.944077
1427158404.734,-36.90616
1427158404.75,-37.00042
1427158404.765,-36.0097
1427158404.781,-34.108482
1427158404.796,-31.724274
1427158404.812,-29.304672
1427158404.828,-27.08741
1427158404.843,-24.99833
1427158404.859,-22.698563
1427158404.875,-19.776718
1427158404.89,-15.97324
1427158404.906,-11.278614
1427158404.921,-5.9431458
1427158404.937,-0.35473633
1427158404.953,5.0654945
1427158404.968,10.030376
1427158404.984,14.390583
1427158405,18.192833
1427158405.015,21.62764
1427158405.031,25.010063
1427158405.046,28.735023
1427158405.062,33.21142
1427158405.078,38.744457
1427158405.093,45.31965
1427158405.109,52.442234
1427158405.125,59.061493
1427158405.14,63.703392
1427158405.156,64.878586
1427158405.171,61.59679
1427158405.187,53.753
1427158405.203,42.225124
1427158405.218,28.633797
1427158405.234,14.755226
1427158405.25,2.0205383
1427158405.265,-8.827511
1427158405.281,-17.69633
1427158405.296,-24.834852
1427158405.312,-30.560825
1427158405.328,-35.041122
1427158405.343,-38.309723
1427158405.359,-40.399727
1427158405.375,-41.428406
1427158405.39,-41.669605
1427158405.406,-41.440735
1427158405.421,-41.070076
1427158405.437,-40.769444
1427158405.453,-40.62439
1427158405.468,-40.573647
1427158405.484,-40.4718
1427158405.5,-40.109722
1427158405.515,-39.298904
1427158405.531,-37.912777
1427158405.546,-35.93234
1427158405.562,-33.413876
1427158405.578,-30.452538
1427158405.593,-27.127983
1427158405.609,-23.516487
1427158405.625,-19.660639
1427158405.64,-15.6041565
1427158405.656,-11.381224
1427158405.671,-6.970979
1427158405.687,-2.3081012
1427158405.703,2.666603
1427158405.718,7.9402833
1427158405.734,13.357573
1427158405.75,18.645285
1427158405.765,23.49489
1427158405.781,27.71526
1427158405.796,31.323288
1427158405.812,34.578087
1427158405.828,37.911774
1427158405.843,41.815147
1427158405.859,46.705406
1427158405.875,52.73326
1427158405.89,59.599026
1427158405.906,66.422844
1427158405.921,71.79463
1427158405.937,74.12373
1427158405.953,72.145424
1427158405.968,65.43567
1427158405.984,54.638947
1427158406,41.28528
1427158406.015,27.197853
1427158406.031,13.906908
1427158406.046,2.2296257
1427158406.062,-7.747156
1427158406.078,-16.344934
1427158406.093,-23.87284
1427158406.109,-30.397362
1427158406.125,-35.71015
1427158406.14,-39.57836
1427158406.156,-41.955482
1427158406.171,-43.116245
1427158406.187,-43.536396
1427158406.203,-43.746758
1427158406.218,-44.05903
1427158406.234,-44.50762
1427158406.25,-44.857616
1427158406.265,-44.835556
1427158406.281,-44.27715
1427158406.296,-43.248287
1427158406.312,-41.977623
1427158406.328,-40.716938
1427158406.343,-39.556004
1427158406.359,-38.369946
1427158406.375,-36.860916
1427158406.39,-34.732155
1427158406.406,-31.794022
1427158406.422,-28.03038
1427158406.437,-23.612064
1427158406.453,-18.820389
1427158406.468,-13.973873
1427158406.484,-9.361488
1427158406.5,-5.151497
1427158406.515,-1.3479233
1427158406.531,2.2705383
1427158406.547,6.0289307
1427158406.562,10.260544
1427158406.578,15.049713
1427158406.593,20.214142
1427158406.609,25.320305
1427158406.625,29.897926
1427158406.64,33.662643
1427158406.656,36.674583
1427158406.672,39.2939
1427158406.687,42.043556
1427158406.703,45.433083
1427158406.718,49.788475
1427158406.734,55.172318
1427158406.75,61.306847
1427158406.765,67.48123
1427158406.781,72.6385
1427158406.797,75.49363
1427158406.812,74.911026
1427158406.828,70.23502
1427158406.843,61.625397
1427158406.859,50.013977
1427158406.875,36.84581
1427158406.89,23.599724
1427158406.906,11.351196
1427158406.922,0.6021881
1427158406.937,-8.6451645
1427158406.953,-16.626846
1427158406.968,-23.509766
1427158406.984,-29.279457
1427158407,-33.810135
1427158407.015,-37.00447
1427158407.031,-38.945877
1427158407.047,-39.932808
1427158407.062,-40.372612
1427158407.078,-40.65248
1427158407.093,-40.979446
1427158407.109,-41.353973
1427158407.125,-41.63807
1427158407.14,-41.697243
1427158407.156,-41.481247
1427158407.172,-41.060722
1427158407.187,-40.537537
1427158407.203,-39.96856
1427158407.218,-39.273186
1427158407.234,-38.28309
1427158407.25,-36.81443
1427158407.265,-34.767754
1427158407.281,-32.175095
1427158407.297,-29.160088
1427158407.312,-25.858665
1427158407.328,-22.368668
1427158407.343,-18.719193
1427158407.359,-14.904129
1427158407.375,-10.959106
1427158407.39,-6.9872284
1427158407.406,-3.1522675
1427158407.422,0.4060669
1427158407.437,3.660736
1427158407.453,6.6953278
1427158407.468,9.723755
1427158407.484,12.937134
1427158407.5,16.451126
1427158407.515,20.229584
1427158407.531,24.11261
1427158407.547,27.926575
1427158407.562,31.535217
1427158407.578,34.89543
1427158407.593,38.08174
1427158407.609,41.250458
1427158407.625,44.632156
1427158407.64,48.501022
1427158407.656,53.132965
1427158407.672,58.57991
1427158407.687,64.53076
1427158407.703,70.09892
1427158407.718,74.00798
1427158407.734,74.883026
1427158407.75,71.78473
1427158407.765,64.58481
1427158407.781,54.06581
1427158407.797,41.643066
1427158407.812,28.889435
1427158407.828,17.054306
1427158407.843,6.8348694
1427158407.859,-1.6086121
1427158407.875,-8.433044
1427158407.89,-13.876999
1427158407.906,-18.104538
1427158407.922,-21.19571
1427158407.937,-23.207687
1427158407.953,-24.288284
1427158407.968,-24.675247
1427158407.984,-24.712875
1427158408,-24.705444
1427158408.015,-24.883698
1427158408.031,-25.300003
1427158408.047,-25.871841
1427158408.062,-26.423447
1427158408.078,-26.80127
1427158408.093,-26.938873
1427158408.109,-26.804611
1427158408.125,-26.373962
1427158408.14,-25.597519
1427158408.156,-24.34845
1427158408.172,-22.52246
1427158408.187,-20.096375
1427158408.203,-17.186615
1427158408.218,-14.026993
1427158408.234,-10.885376
1427158408.25,-7.9546204
1427158408.265,-5.283615
1427158408.281,-2.7201538
1427158408.297,0.009231567
1427158408.312,3.192459
1427158408.328,6.9416046
1427158408.343,11.1528015
1427158408.359,15.492447
1427158408.375,19.549896
1427158408.39,23.004333
1427158408.406,25.805298
1427158408.422,28.17508
1427158408.437,30.530197
1427158408.453,33.330902
1427158408.468,36.93123
1427158408.484,41.41568
1427158408.5,46.48459
1427158408.515,51.380478
1427158408.531,54.97592
1427158408.547,56.03212
1427158408.562,53.601517
1427158408.578,47.438828
1427158408.593,38.14621
1427158408.609,27.01445
1427158408.625,15.541718
1427158408.64,4.928543
1427158408.656,-4.230179
1427158408.672,-11.9104
1427158408.687,-18.359436
1427158408.703,-23.797134
1427158408.718,-28.21141
1427158408.734,-31.445282
1427158408.75,-33.373962
1427158408.765,-34.126358
1427158408.781,-34.0578
1427158408.797,-33.659958
1427158408.812,-33.330215
1427158408.828,-33.256607
1427158408.843,-33.372513
1427158408.859,-33.45294
1427158408.875,-33.234406
1427158408.89,-32.589157
1427158408.906,-31.533432
1427158408.922,-30.2108
1427158408.937,-28.758514
1427158408.953,-27.23468
1427158408.968,-25.563538
1427158408.984,-23.605896
1427158409,-21.245422
1427158409.015,-18.466461
1427158409.031,-15.3476715
1427158409.047,-11.976059
1427158409.062,-8.362808
1427158409.078,-4.457947
1427158409.094,-0.16415405
1427158409.109,4.506134
1427158409.125,9.422821
1427158409.14,14.333939
1427158409.156,19.016327
1427158409.172,23.33017
1427158409.187,27.327484
1427158409.203,31.184586
1427158409.219,35.175583
1427158409.234,39.593887
1427158409.25,44.65593
1427158409.265,50.36505
1427158409.281,56.34839
1427158409.297,61.738464
1427158409.312,65.28177
1427158409.328,65.66987
1427158409.344,62.005356
1427158409.359,54.191986
1427158409.375,43.113846
1427158409.39,30.290672
1427158409.406,17.422325
1427158409.422,5.8006134
1427158409.437,-3.965332
1427158409.453,-11.91684
1427158409.469,-18.409485
1427158409.484,-23.77996
1427158409.5,-28.151047
1427158409.515,-31.442581
1427158409.531,-33.566772
1427158409.547,-34.59371
1427158409.562,-34.793
1427158409.578,-34.56745
1427158409.594,-34.26803
1427158409.609,-34.089493
1427158409.625,-34.00592
1427158409.64,-33.88537
1427158409.656,-33.558167
1427158409.672,-32.995934
1427158409.687,-32.262703
1427158409.703,-31.499504
1427158409.719,-30.769142
1427158409.734,-30.031242
1427158409.75,-29.079475
1427158409.765,-27.69448
1427158409.781,-25.697128
1427158409.797,-23.051292
1427158409.812,-19.83368
1427158409.828,-16.180275
1427158409.844,-12.191864
1427158409.859,-7.8898773
1427158409.875,-3.2334518
1427158409.89,1.8045349
1427158409.906,7.1448135
1427158409.922,12.569191
1427158409.937,17.778908
1427158409.953,22.512428
1427158409.969,26.67778
1427158409.984,30.463982
1427158410,34.292984
1427158410.015,38.683617
1427158410.031,44.080757
1427158410.047,50.563293
1427158410.062,57.705734
1427158410.078,64.510895
1427158410.094,69.5912
1427158410.109,71.51229
1427158410.125,69.27502
1427158410.14,62.62561
1427158410.156,52.22512
1427158410.172,39.396667
1427158410.187,25.747696
1427158410.203,12.664993
1427158410.219,1.03936
1427158410.234,-8.810936
1427158410.25,-16.944046
1427158410.265,-23.555077
1427158410.281,-28.789848
1427158410.297,-32.738235
1427158410.312,-35.475914
1427158410.328,-37.173836
1427158410.344,-38.100075
1427158410.359,-38.559814
1427158410.375,-38.793343
1427158410.39,-38.91861
1427158410.406,-38.91844
1427158410.422,-38.716904
1427158410.437,-38.268913
1427158410.453,-37.6642
1427158410.469,-37.065365
1427158410.484,-36.679085
1427158410.5,-36.578663
1427158410.515,-36.625004
1427158410.531,-36.46651
1427158410.547,-35.63155
1427158410.562,-33.704185
1427158410.578,-30.562904
1427158410.594,-26.405186
1427158410.609,-21.716179
1427158410.625,-17.069473
1427158410.64,-12.890839
1427158410.656,-9.2495
1427158410.672,-5.9022484
1427158410.687,-2.4128075
1427158410.703,1.6027603
1427158410.719,6.2830124
1427158410.734,11.478989
1427158410.75,16.842182
1427158410.765,21.97873
1427158410.781,26.591263
1427158410.797,30.584705
1427158410.812,34.060207
1427158410.828,37.273445
1427158410.844,40.63361
1427158410.859,44.600544
1427158410.875,49.56706
1427158410.89,55.637608
1427158410.906,62.381798
1427158410.922,68.786865
1427158410.937,73.38912
1427158410.953,74.69096
1427158410.969,71.67078
1427158410.984,64.1655
1427158411,52.947746
1427158411.015,39.44108
1427158411.031,25.271263
1427158411.047,11.753416
1427158411.062,-0.32460785
1427158411.078,-10.669836
1427158411.094,-19.291653
1427158411.109,-26.222815
1427158411.125,-31.421894
1427158411.14,-34.83029
1427158411.156,-36.52265
1427158411.172,-36.837265
1427158411.187,-36.334145
1427158411.203,-35.63069
1427158411.219,-35.189087
1427158411.234,-35.178642
1427158411.25,-35.47535
1427158411.265,-35.789303
1427158411.281,-35.877155
1427158411.297,-35.64464
1427158411.312,-35.132687
1427158411.328,-34.467472
1427158411.344,-33.688824
1427158411.359,-32.716225
1427158411.375,-31.349735
1427158411.39,-29.410921
1427158411.406,-26.799171
1427158411.422,-23.611383
1427158411.437,-20.011198
1427158411.453,-16.192505
1427158411.469,-12.249284
1427158411.484,-8.142622
1427158411.5,-3.75709
1427158411.515,0.97031784
1427158411.531,5.965703
1427158411.547,11.023849
1427158411.562,15.856821
1427158411.578,20.250576
1427158411.594,24.175955
1427158411.609,27.830496
1427158411.625,31.618763
1427158411.64,36.038464
1427158411.656,41.499596
1427158411.672,48.059196
1427158411.687,55.202744
1427158411.703,61.76026
1427158411.719,66.140915
1427158411.734,66.76484
1427158411.75,62.67491
1427158411.766,53.92083
1427158411.781,41.594887
1427158411.797,27.432024
1427158411.812,13.187435
1427158411.828,0.12050629
1427158411.844,-11.197308
1427158411.859,-20.715893
1427158411.875,-28.556164
1427158411.891,-34.786957
1427158411.906,-39.316223
1427158411.922,-42.108814
1427158411.937,-43.313187
1427158411.953,-43.357224
1427158411.969,-42.834393
1427158411.984,-42.295216
1427158412,-42.040257
1427158412.016,-42.08354
1427158412.031,-42.22773
1427158412.047,-42.23066
1427158412.062,-41.987278
1427158412.078,-41.56688
1427158412.094,-41.160828
1427158412.109,-40.918613
1427158412.125,-40.800446
1427158412.141,-40.540764
1427158412.156,-39.72172
1427158412.172,-37.969986
1427158412.187,-35.098835
1427158412.203,-31.213543
1427158412.219,-26.62185
1427158412.234,-21.725899
1427158412.25,-16.84451
1427158412.266,-12.152222
1427158412.281,-7.634323
1427158412.297,-3.1442108
1427158412.312,1.4903526
1427158412.328,6.4022713
1427158412.344,11.603889
1427158412.359,16.955341
1427158412.375,22.22393
1427158412.391,27.139084
1427158412.406,31.571098
1427158412.422,35.590958
1427158412.437,39.49532
1427158412.453,43.72279
1427158412.469,48.724834
1427158412.484,54.778965
1427158412.5,61.827393
1427158412.516,69.30809
1427158412.531,76.15337
1427158412.547,80.89285
1427158412.562,82.04024
1427158412.578,78.55975
1427158412.594,70.28417
1427158412.609,58.069508
1427158412.625,43.53955
1427158412.641,28.486786
1427158412.656,14.31868
1427158412.672,1.6949768
1427158412.687,-9.381081
1427158412.703,-19.187424
1427158412.719,-27.89782
1427158412.734,-35.376442
1427158412.75,-41.290474
1427158412.766,-45.368706
1427158412.781,-47.65959
1427158412.797,-48.52484
1427158412.812,-48.513145
1427158412.828,-48.163704
1427158412.844,-47.80918
1427158412.859,-47.586334
1427158412.875,-47.472008
1427158412.891,-47.405647
1427158412.906,-47.313644
1427158412.922,-47.17389
1427158412.937,-46.963684
1427158412.953,-46.664932
1427158412.969,-46.213623
1427158412.984,-45.452988
1427158413,-44.153824
1427158413.016,-42.096428
1427158413.031,-39.138878
1427158413.047,-35.33158
1427158413.062,-30.918617
1427158413.078,-26.27462
1427158413.094,-21.795952
1427158413.109,-17.744339
1427158413.125,-14.136345
1427158413.141,-10.751198
1427158413.156,-7.1878204
1427158413.172,-3.0282288
1427158413.187,1.9588623
1427158413.203,7.7268295
1427158413.219,13.925064
1427158413.234,20.029152
1427158413.25,25.51226
1427158413.266,30.066345
1427158413.281,33.678566
1427158413.297,36.622375
1427158413.312,39.35811
1427158413.328,42.37372
1427158413.344,46.1401
1427158413.359,51.045105
1427158413.375,57.336723
1427158413.391,64.920906
1427158413.406,73.15034
1427158413.422,80.68647
1427158413.437,85.71761
1427158413.453,86.425
1427158413.469,81.71045
1427158413.484,71.626526
1427158413.5,57.44301
1427158413.516,41.175697
1427158413.531,24.844902
1427158413.547,9.887962
1427158413.562,-3.086563
1427158413.578,-14.098045
1427158413.594,-23.391914
1427158413.609,-31.077858
1427158413.625,-37.069016
1427158413.641,-41.233734
1427158413.656,-43.6437
1427158413.672,-44.676773
1427158413.687,-44.935402
1427158413.703,-45.0502
1427158413.719,-45.4177
1427158413.734,-46.09427
1427158413.75,-46.82544
1427158413.766,-47.233574
1427158413.781,-47.029877
1427158413.797,-46.208733
1427158413.812,-44.996483
1427158413.828,-43.776283
1427158413.844,-42.7899
1427158413.859,-42.025185
1427158413.875,-41.17089
1427158413.891,-39.76326
1427158413.906,-37.409035
1427158413.922,-33.975243
1427158413.937,-29.670769
1427158413.953,-24.972496
1427158413.969,-20.423706
1427158413.984,-16.402328
1427158414,-12.966187
1427158414.016,-9.847427
1427158414.031,-6.5766907
1427158414.047,-2.7004852
1427158414.062,2.0182571
1427158414.078,7.4406204
1427158414.094,13.155045
1427158414.109,18.64801
1427158414.125,23.542175
1427158414.141,27.724365
1427158414.156,31.389107
1427158414.172,34.89866
1427158414.187,38.657234
1427158414.203,43.00698
1427158414.219,48.19007
1427158414.234,54.24668
1427158414.25,60.925247
1427158414.266,67.51892
1427158414.281,72.846924
1427158414.297,75.51426
1427158414.312,74.29176
1427158414.328,68.60325
1427158414.344,58.78801
1427158414.359,46.017982
1427158414.375,31.92807
1427158414.391,18.06282
1427158414.406,5.455162
1427158414.422,-5.495964
1427158414.438,-14.825447
1427158414.453,-22.721527
1427158414.469,-29.22908
1427158414.484,-34.214622
1427158414.5,-37.490906
1427158414.516,-39.064156
1427158414.531,-39.232468
1427158414.547,-38.571106
1427158414.562,-37.738388
1427158414.578,-37.248947
1427158414.594,-37.319946
1427158414.609,-37.836998
1427158414.625,-38.51934
1427158414.641,-39.092445
1427158414.656,-39.38791
1427158414.672,-39.378456
1427158414.688,-39.052483
1427158414.703,-38.34442
1427158414.719,-37.118347
1427158414.734,-35.234756
1427158414.75,-32.621902
1427158414.766,-29.369438
1427158414.781,-25.655098
1427158414.797,-21.688606
1427158414.813,-17.581108
1427158414.828,-13.313049
1427158414.844,-8.759361
1427158414.859,-3.7959137
1427158414.875,1.6007004
1427158414.891,7.278763
1427158414.906,12.941193
1427158414.922,18.252434
1427158414.938,22.993034
1427158414.953,27.14264
1427158414.969,30.979752
1427158414.984,34.983475
1427158415,39.72513
1427158415.016,45.594635
1427158415.031,52.531624
1427158415.047,59.86448
1427158415.063,66.29606
1427158415.078,70.21604
1427158415.094,70.21207
1427158415.109,65.53468
1427158415.125,56.41188
1427158415.141,43.962463
1427158415.156,29.813675
1427158415.172,15.526665
1427158415.188,2.2155838
1427158415.203,-9.591949
1427158415.219,-19.797462
1427158415.234,-28.445412
1427158415.25,-35.48388
1427158415.266,-40.790855
1427158415.281,-44.256233
1427158415.297,-45.99285
1427158415.313,-46.35974
1427158415.328,-45.918076
1427158415.344,-45.23709
1427158415.359,-44.732605
1427158415.375,-44.515602
1427158415.391,-44.44188
1427158415.406,-44.21235
1427158415.422,-43.553337
1427158415.438,-42.36319
1427158415.453,-40.80063
1427158415.469,-39.13417
1427158415.484,-37.6379
1427158415.5,-36.35692
1427158415.516,-35.09453
1427158415.531,-33.429337
1427158415.547,-30.959991
1427158415.563,-27.474495
1427158415.578,-23.100525
1427158415.594,-18.22232
1427158415.609,-13.341408
1427158415.625,-8.813019
1427158415.641,-4.752655
1427158415.656,-0.9888344
1427158415.672,2.7822418
1427158415.688,6.8619003
1427158415.703,11.368523
1427158415.719,16.233604
1427158415.734,21.176414
1427158415.75,25.884308
1427158415.766,30.079182
1427158415.781,33.68291
1427158415.797,36.8243
1427158415.813,39.857307
1427158415.828,43.25238
1427158415.844,47.527134
1427158415.859,53.050358
1427158415.875,59.846096
1427158415.891,67.418396
1427158415.906,74.63904
1427158415.922,79.93396
1427158415.938,81.68245
1427158415.953,78.740746
1427158415.969,70.90268
1427158415.984,58.98253
1427158416,44.570103
1427158416.016,29.456524
1427158416.031,15.122223
1427158416.047,2.372837
1427158416.063,-8.609783
1427158416.078,-17.971436
1427158416.094,-25.872871
1427158416.109,-32.315887
1427158416.125,-37.202175
1427158416.141,-40.507584
1427158416.156,-42.433563
1427158416.172,-43.406517
1427158416.188,-43.958572
1427158416.203,-44.54115
1427158416.219,-45.334293
1427158416.234,-46.223743
1427158416.25,-46.862144
1427158416.266,-46.87
1427158416.281,-46.02355
1427158416.297,-44.406227
1427158416.313,-42.345295
1427158416.328,-40.280434
1427158416.344,-38.513557
1427158416.359,-37.038307
1427158416.375,-35.533497
1427158416.391,-33.518204
1427158416.406,-30.56446
1427158416.422,-26.541172
1427158416.438,-21.656368
1427158416.453,-16.39893
1427158416.469,-11.327988
1427158416.484,-6.8940544
1427158416.5,-3.2570763
1427158416.516,-0.31208992
1427158416.531,2.2820091
1427158416.547,4.9452934
1427158416.563,8.054216
1427158416.578,11.793621
1427158416.594,16.10998
1427158416.609,20.722567
1427158416.625,25.22673
1427158416.641,29.269524
1427158416.656,32.67466
1427158416.672,35.537308
1427158416.688,38.183647
1427158416.703,41.041615
1427158416.719,44.553284
1427158416.734,49.037586
1427158416.75,54.638767
1427158416.766,61.187553
1427158416.781,68.1137
1427158416.797,74.36218
1427158416.813,78.54998
1427158416.828,79.23816
1427158416.844,75.46256
1427158416.859,67.10426
1427158416.875,55.006535
1427158416.891,40.729393
1427158416.906,26.023497
1427158416.922,12.272085
1427158416.938,0.19224548
1427158416.953,-10.109819
1427158416.969,-18.879005
1427158416.984,-26.336966
1427158417,-32.537556
1427158417.016,-37.409718
1427158417.031,-40.885094
1427158417.047,-43.046715
1427158417.063,-44.095387
1427158417.078,-44.337936
1427158417.094,-44.042046
1427158417.109,-43.426903
1427158417.125,-42.64067
1427158417.141,-41.79223
1427158417.156,-40.961758
1427158417.172,-40.166016
1427158417.188,-39.33463
1427158417.203,-38.35353
1427158417.219,-37.04431
1427158417.234,-35.277367
1427158417.25,-32.96576
1427158417.266,-30.121847
1427158417.281,-26.78172
1427158417.297,-23.022717
1427158417.313,-18.893476
1427158417.328,-14.487898
1427158417.344,-9.895861
1427158417.36,-5.2582684
1427158417.375,-0.714901
1427158417.391,3.5978546
1427158417.406,7.614935
1427158417.422,11.30694
1427158417.438,14.710812
1427158417.453,17.875097
1427158417.469,20.856674
1427158417.485,23.736242
1427158417.5,26.691319
1427158417.516,29.98734
1427158417.531,33.963806
1427158417.547,38.829185
1427158417.563,44.41307
1427158417.578,49.968616
1427158417.594,54.278564
1427158417.61,55.908367
1427158417.625,53.751717
1427158417.641,47.472378
1427158417.656,37.67064
1427158417.672,25.67612
1427158417.688,13.064747
1427158417.703,1.1033955
1427158417.719,-9.480097
1427158417.735,-18.521112
1427158417.75,-26.103313
1427158417.766,-32.3049
1427158417.781,-37.053726
1427158417.797,-40.219925
1427158417.813,-41.779625
1427158417.828,-41.9488
1427158417.844,-41.182835
1427158417.86,-40.03225
1427158417.875,-38.94273
1427158417.891,-38.155087
1427158417.906,-37.618034
1427158417.922,-37.12776
1427158417.938,-36.393295
1427158417.953,-35.220825
1427158417.969,-33.548405
1427158417.985,-31.532316
1427158418,-29.391088
1427158418.016,-27.346725
1427158418.031,-25.430988
1427158418.047,-23.443932
1427158418.063,-20.974909
1427158418.078,-17.605494
1427158418.094,-13.082908
1427158418.11,-7.4684753
1427158418.125,-1.1586734
1427158418.141,5.272042
1427158418.156,11.31527
1427158418.172,16.65279
1427158418.188,21.305397
1427158418.203,25.531488
1427158418.219,29.733955
1427158418.235,34.27729
1427158418.25,39.44898
1427158418.266,45.41927
1427158418.281,52.21729
1427158418.297,59.5685
1427158418.313,66.794395
1427158418.328,72.746544
1427158418.344,76.02779
1427158418.36,75.39875
1427158418.375,70.28909
1427158418.391,61.071842
1427158418.406,48.988514
1427158418.422,35.694912
1427158418.438,22.720959
1427158418.453,10.974741
1427158418.469,0.7113056
1427158418.485,-8.262856
1427158418.5,-16.191803
1427158418.516,-23.102428
1427158418.531,-28.793911
1427158418.547,-33.047386
1427158418.563,-35.8275
1427158418.578,-37.40055
1427158418.594,-38.22003
1427158418.61,-38.75479
1427158418.625,-39.28356
1427158418.641,-39.830418
1427158418.656,-40.226097
1427158418.672,-40.277927
1427158418.688,-39.91445
1427158418.703,-39.26469
1427158418.719,-38.52916
1427158418.735,-37.861725
1427158418.75,-37.21492
1427158418.766,-36.3478
1427158418.781,-34.902252
1427158418.797,-32.612617
1427158418.813,-29.442396
1427158418.828,-25.615608
1427158418.844,-21.497522
1427158418.86,-17.422546
1427158418.875,-13.560617
1427158418.891,-9.823938
1427158418.906,-5.9612617
1427158418.922,-1.6811638
1427158418.938,3.1824055
1427158418.953,8.575359
1427158418.969,14.235144
1427158418.985,19.77796
1427158419,24.84999
1427158419.016,29.280298
1427158419.031,33.159504
1427158419.047,36.82183
1427158419.063,40.76921
1427158419.078,45.523476
1427158419.094,51.47055
1427158419.11,58.644806
1427158419.125,66.57776
1427158419.141,74.200195
1427158419.156,79.980965
1427158419.172,82.29282
1427158419.188,79.975266
1427158419.203,72.75673
1427158419.219,61.429874
1427158419.235,47.598698
1427158419.25,33.09997
1427158419.266,19.414183
1427158419.281,7.2852936
1427158419.297,-3.2450638
1427158419.313,-12.519035
1427158419.328,-20.829115
1427158419.344,-28.157377
1427158419.36,-34.218773
1427158419.375,-38.678497
1427158419.391,-41.466248
1427158419.406,-42.894802
1427158419.422,-43.56891
1427158419.438,-44.09557
1427158419.453,-44.880993
1427158419.469,-45.921333
1427158419.485,-46.908783
1427158419.5,-47.426674
1427158419.516,-47.22087
1427158419.531,-46.324318
1427158419.547,-45.006096
1427158419.563,-43.583946
1427158419.578,-42.235867
1427158419.594,-40.890057
1427158419.61,-39.273506
1427158419.625,-37.04824
1427158419.641,-33.993332
1427158419.656,-30.07873
1427158419.672,-25.50846
1427158419.688,-20.64577
1427158419.703,-15.90612
1427158419.719,-11.632969
1427158419.735,-7.961931
1427158419.75,-4.7648354
1427158419.766,-1.6733704
1427158419.781,1.7859497
1427158419.797,5.9578133
1427158419.813,10.895782
1427158419.828,16.301178
1427158419.844,21.676151
1427158419.86,26.511013
1427158419.875,30.562092
1427158419.891,33.89987
1427158419.906,36.871563
1427158419.922,39.941265
1427158419.938,43.559246
1427158419.953,48.06889
1427158419.969,53.666973
1427158419.985,60.303703
1427158420,67.534164
1427158420.016,74.408455
1427158420.032,79.5267
1427158420.047,81.35979
1427158420.063,78.761856
1427158420.078,71.444214
1427158420.094,60.131516
1427158420.11,46.368454
1427158420.125,31.959766
1427158420.141,18.37836
1427158420.157,6.460949
1427158420.172,-3.648693
1427158420.188,-12.185162
1427158420.203,-19.445633
1427158420.219,-25.54124
1427158420.235,-30.419807
1427158420.25,-33.990242
1427158420.266,-36.3181
1427158420.282,-37.662407
1427158420.297,-38.463257
1427158420.313,-39.149483
1427158420.328,-39.979317
1427158420.344,-40.94651
1427158420.36,-41.828453
1427158420.375,-42.354126
1427158420.391,-42.347412
1427158420.407,-41.86515
1427158420.422,-41.13066
1427158420.438,-40.39018
1427158420.453,-39.743362
1427158420.469,-39.018715
1427158420.485,-37.876976
1427158420.5,-35.965218
1427158420.516,-33.14995
1427158420.532,-29.561682
1427158420.547,-25.541794
1427158420.563,-21.394102
1427158420.578,-17.254889
1427158420.594,-13.00494
1427158420.61,-8.405903
1427158420.625,-3.290903
1427158420.641,2.2777271
1427158420.657,8.020567
1427158420.672,13.521925
1427158420.688,18.449827
1427158420.703,22.687336
1427158420.719,26.354998
1427158420.735,29.79759
1427158420.75,33.426464
1427158420.766,37.655178
1427158420.782,42.802277
1427158420.797,48.960274
1427158420.813,55.878017
1427158420.828,62.81826
1427158420.844,68.60896
1427158420.86,71.85456
1427158420.875,71.35822
1427158420.891,66.542816
1427158420.907,57.710297
1427158420.922,45.920082
1427158420.938,32.680622
1427158420.953,19.38348
1427158420.969,7.0037994
1427158420.985,-4.042799
1427158421,-13.700655
1427158421.016,-22.032787
1427158421.032,-29.001707
1427158421.047,-34.49161
1427158421.063,-38.37401
1427158421.078,-40.71502
1427158421.094,-41.80628
1427158421.11,-42.112
1427158421.125,-42.13349
1427158421.141,-42.239872
1427158421.157,-42.585472
1427158421.172,-43.110596
1427158421.188,-43.611473
1427158421.203,-43.86457
1427158421.219,-43.764477
1427158421.235,-43.335068
1427158421.25,-42.6858
1427158421.266,-41.932022
1427158421.282,-41.019882
1427158421.297,-39.74012
1427158421.313,-37.738792
1427158421.328,-34.764076
1427158421.344,-30.77998
1427158421.36,-26.107443
1427158421.375,-21.285233
1427158421.391,-16.852629
1427158421.407,-13.061743
1427158421.422,-9.768526
1427158421.438,-6.513344
1427158421.453,-2.7677631
1427158421.469,1.7736397
1427158421.485,7.032955
1427158421.5,12.607431
1427158421.516,17.963945
1427158421.532,22.718891
1427158421.547,26.738895
1427158421.563,30.210485
1427158421.578,33.447243
1427158421.594,36.83821
1427158421.61,40.72082
1427158421.625,45.409706
1427158421.641,51.106033
1427158421.657,57.819817
1427158421.672,65.114334
1427158421.688,72.02496
1427158421.703,77.10716
1427158421.719,78.83267
1427158421.735,76.0918
1427158421.75,68.65587
1427158421.766,57.29976
1427158421.782,43.54804
1427158421.797,29.113201
1427158421.813,15.384506
1427158421.828,3.0916672
1427158421.844,-7.6063633
1427158421.86,-16.890745
1427158421.875,-24.886848
1427158421.891,-31.566822
1427158421.907,-36.761272
1427158421.922,-40.3656
1427158421.938,-42.4758
1427158421.953,-43.452717
1427158421.969,-43.779266
1427158421.985,-43.923935
1427158422,-44.16642
1427158422.016,-44.563572
1427158422.032,-45.003365
1427158422.047,-45.30457
1427158422.063,-45.302025
1427158422.078,-44.93712
1427158422.094,-44.240173
1427158422.11,-43.28267
1427158422.125,-42.10858
1427158422.141,-40.72712
1427158422.157,-39.04705
1427158422.172,-36.978554
1427158422.188,-34.4329
1427158422.203,-31.38462
1427158422.219,-27.848366
1427158422.235,-23.931786
1427158422.25,-19.751396
1427158422.266,-15.485992
1427158422.282,-11.301712
1427158422.297,-7.353859
1427158422.313,-3.7159843
1427158422.328,-0.3663864
1427158422.344,2.8793182
1427158422.36,6.2617493
1427158422.375,10.005951
1427158422.391,14.225018
1427158422.407,18.839653
1427158422.422,23.597408
1427158422.438,28.183113
1427158422.453,32.30786
1427158422.469,35.836716
1427158422.485,38.814243
1427158422.5,41.498505
1427158422.516,44.276833
1427158422.532,47.657837
1427158422.547,52.084373
1427158422.563,57.791496
1427158422.578,64.54053
1427158422.594,71.50423
1427158422.61,77.27248
1427158422.625,80.22564
1427158422.641,79.062065
1427158422.657,73.24654
1427158422.672,63.23781
1427158422.688,50.33237
1427158422.704,36.170082
1427158422.719,22.246452
1427158422.735,9.52832
1427158422.75,-1.5671234
1427158422.766,-11.026043
1427158422.782,-18.909786
1427158422.797,-25.243351
1427158422.813,-29.966133
1427158422.829,-33.088516
1427158422.844,-34.798317
1427158422.86,-35.49102
1427158422.875,-35.66
1427158422.891,-35.74783
1427158422.907,-36.00787
1427158422.922,-36.446342
1427158422.938,-36.90617
1427158422.954,-37.192036
1427158422.969,-37.173256
1427158422.985,-36.897587
1427158423,-36.515285
1427158423.016,-36.201733
1427158423.032,-35.99652
1427158423.047,-35.744537
1427158423.063,-35.098118
1427158423.079,-33.696568
1427158423.094,-31.312672
1427158423.11,-27.98346
1427158423.125,-24.058533
1427158423.141,-20.00433
1427158423.157,-16.224945
1427158423.172,-12.872139
1427158423.188,-9.752457
1427158423.204,-6.4880257
1427158423.219,-2.6890259
1427158423.235,1.7922554
1427158423.25,6.774296
1427158423.266,11.797379
1427158423.282,16.391651
1427158423.297,20.295326
1427158423.313,23.582222
1427158423.329,26.63058
1427158423.344,29.981045
1427158423.36,34.096912
1427158423.375,39.247578
1427158423.391,45.36584
1427158423.407,52.002544
1427158423.422,58.31623
1427158423.438,63.183163
1427158423.454,65.375336
1427158423.469,63.93017
1427158423.485,58.48262
1427158423.5,49.45278
1427158423.516,37.949978
1427158423.532,25.465927
1427158423.547,13.324751
1427158423.563,2.4028587
1427158423.579,-7.0469837
1427158423.594,-15.151621
1427158423.61,-22.166874
1427158423.625,-28.179592
1427158423.641,-33.055374
1427158423.657,-36.581333
1427158423.672,-38.656837
1427158423.688,-39.45486
1427158423.704,-39.413338
1427158423.719,-39.092407
1427158423.735,-38.960003
1427158423.75,-39.21006
1427158423.766,-39.757847
1427158423.782,-40.32002
1427158423.797,-40.64193
1427158423.813,-40.618523
1427158423.829,-40.365486
1427158423.844,-40.08818
1427158423.86,-39.929207
1427158423.875,-39.7915
1427158423.891,-39.36075
1427158423.907,-38.17761
1427158423.922,-35.912544
1427158423.938,-32.494835
1427158423.954,-28.167843
1427158423.969,-23.407196
1427158423.985,-18.696934
1427158424,-14.384811
1427158424.016,-10.557983
1427158424.032,-7.0590324
1427158424.047,-3.581318
1427158424.063,0.20742035
1427158424.079,4.5183907
1427158424.094,9.385853
1427158424.11,14.627838
1427158424.125,19.934738
1427158424.141,24.948719
1427158424.157,29.385891
1427158424.172,33.12046
1427158424.188,36.235252
1427158424.204,39.011986
1427158424.219,41.868908
1427158424.235,45.281727
1427158424.25,49.671787
1427158424.266,55.196747
1427158424.282,61.57978
1427158424.297,67.9789
1427158424.313,73.06424
1427158424.329,75.342926
1427158424.344,73.628815
1427158424.36,67.50169
1427158424.375,57.51865
1427158424.391,44.99507
1427158424.407,31.583965
1427158424.422,18.694862
1427158424.438,7.154701
1427158424.454,-2.8435745
1427158424.469,-11.488335
1427158424.485,-19.015205
1427158424.5,-25.4684
1427158424.516,-30.710781
1427158424.532,-34.511894
1427158424.547,-36.816666
1427158424.563,-37.801376
1427158424.579,-37.869236
1427158424.594,-37.519665
1427158424.61,-37.195637
1427158424.625,-37.159332
1427158424.641,-37.473145
1427158424.657,-37.98796
1427158424.672,-38.50061
1427158424.688,-38.815838
1427158424.704,-38.85162
1427158424.719,-38.623837
1427158424.735,-38.24875
1427158424.75,-37.794167
1427158424.766,-37.226833
1427158424.782,-36.389164
1427158424.797,-35.068043
1427158424.813,-33.080147
1427158424.829,-30.392784
1427158424.844,-27.107811
1427158424.86,-23.433979
1427158424.875,-19.564224
1427158424.891,-15.642117
1427158424.907,-11.727032
1427158424.922,-7.851223
1427158424.938,-4.0009537
1427158424.954,-0.16329956
1427158424.969,3.7289963
1427158424.985,7.739609
1427158425,11.916584
1427158425.016,16.201721
1427158425.032,20.463257
1427158425.047,24.499268
1427158425.063,28.16681
1427158425.079,31.447758
1427158425.094,34.482304
1427158425.11,37.515614
1427158425.125,40.84539
1427158425.141,44.73705
1427158425.157,49.40593
1427158425.172,54.921623
1427158425.188,61.098248
1427158425.204,67.324265
1427158425.219,72.55068
1427158425.235,75.46161
1427158425.25,74.86796
1427158425.266,70.15152
1427158425.282,61.546227
1427158425.297,50.069637
1427158425.313,37.202095
1427158425.329,24.386047
1427158425.344,12.63261
1427158425.36,2.389351
1427158425.376,-6.2983932
1427158425.391,-13.568375
1427158425.407,-19.4929
1427158425.422,-24.074272
1427158425.438,-27.297588
1427158425.454,-29.3129
1427158425.469,-30.412395
1427158425.485,-31.0215
1427158425.5,-31.497395
1427158425.516,-32.069023
1427158425.532,-32.71633
1427158425.547,-33.308723
1427158425.563,-33.702618
1427158425.579,-33.855545
1427158425.594,-33.85453
1427158425.61,-33.863224
1427158425.626,-33.963066
1427158425.641,-34.077557
1427158425.657,-33.956078
1427158425.672,-33.28758
1427158425.688,-31.822048
1427158425.704,-29.51976
1427158425.719,-26.540527
1427158425.735,-23.161144
1427158425.751,-19.659393
1427158425.766,-16.192787
1427158425.782,-12.726582
1427158425.797,-9.099354
1427158425.813,-5.114498
1427158425.829,-0.66329575
1427158425.844,4.1998825
1427158425.86,9.230503
1427158425.876,14.111387
1427158425.891,18.521454
1427158425.907,22.353317
1427158425.922,25.700068
1427158425.938,28.923079
1427158425.954,32.506813
1427158425.969,36.94835
1427158425.985,42.51585
1427158426.001,49.06037
1427158426.016,55.870857
1427158426.032,61.76398
1427158426.047,65.3291
1427158426.063,65.34273
1427158426.079,61.208347
1427158426.094,53.177284
1427158426.11,42.236946
1427158426.126,29.797932
1427158426.141,17.237974
1427158426.157,5.551243
1427158426.172,-4.766859
1427158426.188,-13.617823
1427158426.204,-21.079222
1427158426.219,-27.20796
1427158426.235,-31.980835
1427158426.251,-35.334435
1427158426.266,-37.2842
1427158426.282,-38.02982
1427158426.297,-37.94202
1427158426.313,-37.47644
1427158426.329,-37.045418
1427158426.344,-36.873753
1427158426.36,-36.96585
1427158426.376,-37.10496
1427158426.391,-37.042183
1427158426.407,-36.591877
1427158426.422,-35.785973
1427158426.438,-34.782562
1427158426.454,-33.78767
1427158426.469,-32.850155
1427158426.485,-31.779825
1427158426.501,-30.2096
1427158426.516,-27.770596
1427158426.532,-24.310875
1427158426.547,-20.013065
1427158426.563,-15.321741
1427158426.579,-10.715746
1427158426.594,-6.460369
1427158426.61,-2.4751227
1427158426.626,1.6105679
1427158426.641,6.1922016
1427158426.657,11.439096
1427158426.672,17.13407
1427158426.688,22.788857
1427158426.704,27.869171
1427158426.719,32.076717
1427158426.735,35.468155
1427158426.751,38.438583
1427158426.766,41.542156
1427158426.782,45.333233
1427158426.797,50.239746
1427158426.813,56.43479
1427158426.829,63.69529
1427158426.844,71.298386
1427158426.86,77.97921
1427158426.876,82.1701
1427158426.891,82.428444
1427158426.907,77.93996
1427158426.922,68.83844
1427158426.938,56.228153
1427158426.954,41.739723
1427158426.969,27.00211
1427158426.985,13.107307
1427158427.001,0.47909737
1427158427.016,-10.984421
1427158427.032,-21.52808
1427158427.047,-31.267956
1427158427.063,-40.06503
1427158427.079,-47.61682
1427158427.094,-53.645477
1427158427.11,-58.08285
1427158427.126,-61.1045
1427158427.141,-63.07896
1427158427.157,-64.41496
1427158427.172,-65.42502
1427158427.188,-66.2207
1427158427.204,-66.70575
1427158427.219,-66.64436
1427158427.235,-65.82711
1427158427.251,-64.17233
1427158427.266,-61.809002
1427158427.282,-58.98541
1427158427.297,-55.984867
1427158427.313,-52.937138
1427158427.329,-49.768818
1427158427.344,-46.240055
1427158427.36,-42.071243
1427158427.376,-37.111095
1427158427.391,-31.427528
1427158427.407,-25.31924
1427158427.422,-19.19152
1427158427.438,-13.42366
1427158427.454,-8.215195
1427158427.469,-3.5321693
1427158427.485,0.8656502
1427158427.501,5.301811
1427158427.516,10.010481
1427158427.532,15.038582
1427158427.547,20.185905
1427158427.563,25.126766
1427158427.579,29.535957
1427158427.594,33.281055
1427158427.61,36.4739
1427158427.626,39.47397
1427158427.641,42.7535
1427158427.657,46.779373
1427158427.672,51.920853
1427158427.688,58.33008
1427158427.704,65.812416
1427158427.719,73.72834
1427158427.735,80.905045
1427158427.751,85.82712
1427158427.766,87.01876
1427158427.782,83.53253
1427158427.797,75.33781
1427158427.813,63.3674
1427158427.829,49.205902
1427158427.844,34.55686
1427158427.86,20.73605
1427158427.876,8.462666
1427158427.891,-2.093113
1427158427.907,-11.015953
1427158427.922,-18.39991
1427158427.938,-24.251919
1427158427.954,-28.578388
1427158427.969,-31.499466
1427158427.985,-33.34109
1427158428.001,-34.546986
1427158428.016,-35.56178
1427158428.032,-36.63884
1427158428.048,-37.80618
1427158428.063,-38.865643
1427158428.079,-39.56492
1427158428.094,-39.71545
1427158428.11,-39.338673
1427158428.126,-38.599308
1427158428.141,-37.73543
1427158428.157,-36.874573
1427158428.172,-35.94033
1427158428.188,-34.683086
1427158428.204,-32.801445
1427158428.219,-30.087559
1427158428.235,-26.579075
1427158428.251,-22.50861
1427158428.266,-18.21185
1427158428.282,-13.9612465
1427158428.298,-9.857819
1427158428.313,-5.7955627
1427158428.329,-1.5972786
1427158428.344,2.9057007
1427158428.36,7.7101974
1427158428.376,12.67358
1427158428.391,17.536324
1427158428.407,22.06213
1427158428.423,26.142551
1427158428.438,29.858093
1427158428.454,33.45828
1427158428.469,37.365143
1427158428.485,42.03505
1427158428.501,47.800774
1427158428.516,54.63231
1427158428.532,61.914177
1427158428.548,68.4127
1427158428.563,72.482895
1427158428.579,72.55938
1427158428.594,67.75743
1427158428.61,58.233444
1427158428.626,45.186035
1427158428.641,30.401985
1427158428.657,15.6319275
1427158428.673,2.077774
1427158428.688,-9.788887
1427158428.704,-20.008812
1427158428.719,-28.753517
1427158428.735,-36.058525
1427158428.751,-41.759254
1427158428.766,-45.70009
1427158428.782,-47.928787
1427158428.798,-48.813103
1427158428.813,-48.880974
1427158428.829,-48.648033
1427158428.844,-48.409172
1427158428.86,-48.20632
1427158428.876,-47.913193
1427158428.891,-47.41526
1427158428.907,-46.70185
1427158428.923,-45.863274
1427158428.938,-45.00212
1427158428.954,-44.13539
1427158428.969,-43.13733
1427158428.985,-41.77295
1427158429.001,-39.785606
1427158429.016,-37.004913
1427158429.032,-33.412712
1427158429.048,-29.154915
1427158429.063,-24.462624
1427158429.079,-19.54673
1427158429.094,-14.535492
1427158429.11,-9.442261
1427158429.126,-4.218178
1427158429.141,1.1595535
1427158429.157,6.620865
1427158429.173,11.997284
1427158429.188,17.096199
1427158429.204,21.77407
1427158429.219,26.034615
1427158429.235,30.025986
1427158429.251,34.073456
1427158429.266,38.598816
1427158429.282,44.04769
1427158429.298,50.65664
1427158429.313,58.26464
1427158429.329,66.06077
1427158429.344,72.63439
1427158429.36,76.2796
1427158429.376,75.57161
1427158429.391,69.93934
1427158429.407,59.908386
1427158429.423,46.92533
1427158429.438,32.806145
1427158429.454,19.08496
1427158429.469,6.633812
1427158429.485,-4.330101
1427158429.501,-13.965439
1427158429.516,-22.417625
1427158429.532,-29.61827
1427158429.548,-35.33503
1427158429.563,-39.377167
1427158429.579,-41.805923
1427158429.594,-42.979958
1427158429.61,-43.485443
1427158429.626,-43.867065
1427158429.641,-44.45546
1427158429.657,-45.26066
1427158429.673,-46.0187
1427158429.688,-46.39971
1427158429.704,-46.191437
1427158429.719,-45.40834
1427158429.735,-44.287437
1427158429.751,-43.117264
1427158429.766,-42.052055
1427158429.782,-40.99035
1427158429.798,-39.617302
1427158429.813,-37.530144
1427158429.829,-34.467743
1427158429.844,-30.402061
1427158429.86,-25.624847
1427158429.876,-20.587013
1427158429.891,-15.758301
1427158429.907,-11.434036
1427158429.923,-7.6296997
1427158429.938,-4.0892715
1427158429.954,-0.38840485
1427158429.969,3.8405685
1427158429.985,8.774437
1427158430.001,14.264404
1427158430.016,19.909286
1427158430.032,25.224426
1427158430.048,29.830315
1427158430.063,33.65017
1427158430.079,36.91484
1427158430.094,40.107567
1427158430.11,43.80156
1427158430.126,48.503555
1427158430.141,54.480232
1427158430.157,61.611946
1427158430.173,69.25801
1427158430.188,76.24939
1427158430.204,81.08274
1427158430.219,82.30243
1427158430.235,78.967545
1427158430.251,71.01567
1427158430.266,59.291397
1427158430.282,45.28676
1427158430.298,30.636024
1427158430.313,16.655128
1427158430.329,4.078926
1427158430.344,-6.863632
1427158430.36,-16.26046
1427158430.376,-24.20137
1427158430.391,-30.701523
1427158430.407,-35.67697
1427158430.423,-39.140297
1427158430.438,-41.26822
1427158430.454,-42.46128
1427158430.469,-43.184967
1427158430.485,-43.850227
1427158430.501,-44.635056
1427158430.516,-45.457123
1427158430.532,-46.053215
1427158430.548,-46.162178
1427158430.563,-45.666832
1427158430.579,-44.672478
1427158430.594,-43.48561
1427158430.61,-42.402786
1427158430.626,-41.562813
1427158430.641,-40.868607
1427158430.657,-39.96144
1427158430.673,-38.416573
1427158430.688,-35.879135
1427158430.704,-32.252678
1427158430.719,-27.701897
1427158430.735,-22.65105
1427158430.751,-17.594067
1427158430.766,-12.940117
1427158430.782,-8.853352
1427158430.798,-5.2209015
1427158430.813,-1.7097855
1427158430.829,2.037159
1427158430.844,6.255291
1427158430.86,10.919662
1427158430.876,15.779263
1427158430.891,20.43985
1427158430.907,24.594273
1427158430.923,28.106705
1427158430.938,31.111206
1427158430.954,33.88905
1427158430.97,36.830368
1427158430.985,40.27567
1427158431.001,44.552128
1427158431.016,49.861023
1427158431.032,56.201622
1427158431.048,63.152782
1427158431.063,69.762314
1427158431.079,74.59508
1427158431.095,76.11966
1427158431.11,73.21482
1427158431.126,65.651825
1427158431.141,54.25643
1427158431.157,40.603493
1427158431.173,26.4478
1427158431.188,13.15527
1427158431.204,1.4042053
1427158431.22,-8.723827
1427158431.235,-17.400864
1427158431.251,-24.75898
1427158431.266,-30.756824
1427158431.282,-35.2486
1427158431.298,-38.19341
1427158431.313,-39.725327
1427158431.329,-40.193417
1427158431.345,-39.99776
1427158431.36,-39.535717
1427158431.376,-39.09257
1427158431.391,-38.84606
1427158431.407,-38.84489
1427158431.423,-39.05507
1427158431.438,-39.344715
1427158431.454,-39.56092
1427158431.47,-39.52632
1427158431.485,-39.09571
1427158431.501,-38.15266
1427158431.516,-36.589012
1427158431.532,-34.311317
1427158431.548,-31.316746
1427158431.563,-27.661076
1427158431.579,-23.516792
1427158431.595,-19.073586
1427158431.61,-14.486317
1427158431.626,-9.797424
1427158431.641,-4.961334
1427158431.657,0.11741257
1427158431.673,5.411186
1427158431.688,10.774097
1427158431.704,15.9144745
1427158431.72,20.549751
1427158431.735,24.559021
1427158431.751,28.079815
1427158431.766,31.47993
1427158431.782,35.274174
1427158431.798,39.948925
1427158431.813,45.793026
1427158431.829,52.67985
1427158431.845,59.994305
1427158431.86,66.5808
1427158431.876,71.0076
1427158431.891,71.89198
1427158431.907,68.384735
1427158431.923,60.493443
1427158431.938,49.130173
1427158431.954,35.797913
1427158431.97,22.125118
1427158431.985,9.334999
1427158432.001,-1.958828
1427158432.016,-11.708099
1427158432.032,-20.095703
1427158432.048,-27.294395
1427158432.063,-33.229427
1427158432.079,-37.745018
1427158432.095,-40.71621
1427158432.11,-42.27478
1427158432.126,-42.795467
1427158432.141,-42.82612
1427158432.157,-42.853916
1427158432.173,-43.16346
1427158432.188,-43.713062
1427158432.204,-44.245003
1427158432.22,-44.436836
1427158432.235,-44.09254
1427158432.251,-43.248894
1427158432.266,-42.116875
1427158432.282,-40.970493
1427158432.298,-39.966488
1427158432.313,-39.045567
1427158432.329,-37.97477
1427158432.345,-36.43122
1427158432.36,-34.173492
1427158432.376,-31.078245
1427158432.391,-27.189281
1427158432.407,-22.662739
1427158432.423,-17.775963
1427158432.438,-12.855843
1427158432.454,-8.230421
1427158432.47,-4.137026
1427158432.485,-0.6001015
1427158432.501,2.598425
1427158432.516,5.8676834
1427158432.532,9.594158
1427158432.548,13.966131
1427158432.563,18.866074
1427158432.579,23.908989
1427158432.595,28.652023
1427158432.61,32.79113
1427158432.626,36.32675
1427158432.641,39.516243
1427158432.657,42.807777
1427158432.673,46.647625
1427158432.688,51.410847
1427158432.704,57.265163
1427158432.72,64.09087
1427158432.735,71.29993
1427158432.751,77.80792
1427158432.766,82.144226
1427158432.782,82.82174
1427158432.798,78.874344
1427158432.813,70.27457
1427158432.829,57.995033
1427158432.845,43.711075
1427158432.86,29.173187
1427158432.876,15.673282
1427158432.891,3.7679367
1427158432.907,-6.590572
1427158432.923,-15.683275
1427158432.938,-23.646523
1427158432.954,-30.378538
1427158432.97,-35.615864
1427158432.985,-39.2324
1427158433.001,-41.383144
1427158433.016,-42.497166
1427158433.032,-43.10377
1427158433.048,-43.61767
1427158433.063,-44.21122
1427158433.079,-44.80311
1427158433.095,-45.21576
1427158433.11,-45.278957
1427158433.126,-44.94612
1427158433.141,-44.302525
1427158433.157,-43.479626
1427158433.173,-42.59174
1427158433.188,-41.633247
1427158433.204,-40.497192
1427158433.22,-38.98416
1427158433.235,-36.928032
1427158433.251,-34.22113
1427158433.266,-30.896143
1427158433.282,-27.087845
1427158433.298,-23.021612
1427158433.313,-18.908638
1427158433.329,-14.926338
1427158433.345,-11.158484
1427158433.36,-7.594534
1427158433.376,-4.117732
1427158433.391,-0.5366688
1427158433.407,3.3799858
1427158433.423,7.784749
1427158433.438,12.67875
1427158433.454,17.821276
1427158433.47,22.81342
1427158433.485,27.20834
1427158433.501,30.771395
1427158433.516,33.561935
1427158433.532,35.941513
1427158433.548,38.445244
1427158433.563,41.594177
1427158433.579,45.758698
1427158433.595,51.114166
1427158433.61,57.60006
1427158433.626,64.85649
1427158433.642,72.09736
1427158433.657,78.099686
1427158433.673,81.38991
1427158433.688,80.66864
1427158433.704,75.28953
1427158433.72,65.58691
1427158433.735,52.805492
1427158433.751,38.678356
1427158433.767,24.805904
1427158433.782,12.240503
1427158433.798,1.32341
1427158433.813,-8.037046
1427158433.829,-16.050217
1427158433.845,-22.78703
1427158433.86,-28.16764
1427158433.876,-32.084152
1427158433.892,-34.600254
1427158433.907,-35.99585
1427158433.923,-36.689766
1427158433.938,-37.090546
1427158433.954,-37.468697
1427158433.97,-37.88125
1427158433.985,-38.248726
1427158434.001,-38.464016
1427158434.017,-38.45822
1427158434.032,-38.245396
1427158434.048,-37.880867
1427158434.063,-37.35882
1427158434.079,-36.6044
1427158434.095,-35.45294
1427158434.11,-33.73887
1427158434.126,-31.382235
1427158434.142,-28.444462
1427158434.157,-25.122417
1427158434.173,-21.656786
1427158434.188,-18.229813
1427158434.204,-14.877569
1427158434.22,-11.465662
1427158434.235,-7.797872
1427158434.251,-3.6800952
1427158434.267,0.9206786
1427158434.282,5.8745074
1427158434.298,10.882735
1427158434.313,15.641963
1427158434.329,19.916758
1427158434.345,23.71783
1427158434.36,27.260939
1427158434.376,30.9645
1427158434.392,35.30136
1427158434.407,40.624348
1427158434.423,46.91065
1427158434.438,53.629414
1427158434.454,59.690964
1427158434.47,63.679214
1427158434.485,64.26439
1427158434.501,60.676834
1427158434.517,52.992786
1427158434.532,42.1678
1427158434.548,29.666193
1427158434.563,16.97149
1427158434.579,5.134349
1427158434.595,-5.3467293
1427158434.61,-14.456849
1427158434.626,-22.281452
1427158434.642,-28.857513
1427158434.657,-34.057972
1427158434.673,-37.735485
1427158434.688,-39.87671
1427158434.704,-40.72578
1427158434.72,-40.722176
1427158434.735,-40.36299
1427158434.751,-40.028316
1427158434.767,-39.844696
1427158434.782,-39.740967
1427158434.798,-39.56633
1427158434.813,-39.18604
1427158434.829,-38.612072
1427158434.845,-37.910625
1427158434.86,-37.085587
1427158434.876,-36.0316
1427158434.892,-34.51643
1427158434.907,-32.29501
1427158434.923,-29.299406
1427158434.938,-25.683384
1427158434.954,-21.757374
1427158434.97,-17.844109
1427158434.985,-14.087611
1427158435.001,-10.383559
1427158435.017,-6.482359
1427158435.032,-2.1450648
1427158435.048,2.6874015
1427158435.063,7.878482
1427158435.079,13.120993
1427158435.095,18.160326
1427158435.11,22.812452
1427158435.126,27.114618
1427158435.142,31.219902
1427158435.157,35.371437
1427158435.173,39.861134
1427158435.188,44.983105
1427158435.204,50.955235
1427158435.22,57.74742
1427158435.235,64.91357
1427158435.251,71.43674
1427158435.267,75.88751
1427158435.282,76.818115
1427158435.298,73.22987
1427158435.313,65.08684
1427158435.329,53.29918
1427158435.345,39.509018
1427158435.36,25.430935
1427158435.376,12.373827
1427158435.392,0.885293
1427158435.407,-9.053734
1427158435.423,-17.777166
1427158435.438,-25.5127
1427158435.454,-32.225754
1427158435.47,-37.654713
1427158435.485,-41.5476
1427158435.501,-43.86843
1427158435.517,-44.89364
1427158435.532,-45.13959
1427158435.548,-45.143223
1427158435.563,-45.272938
1427158435.579,-45.61489
1427158435.595,-45.97254
1427158435.61,-46.066692
1427158435.626,-45.685005
1427158435.642,-44.838364
1427158435.657,-43.6953
1427158435.673,-42.51061
1427158435.688,-41.41702
1427158435.704,-40.37291
1427158435.72,-39.1554
1427158435.735,-37.485294
1427158435.751,-35.18354
1427158435.767,-32.214348
1427158435.782,-28.690193
1427158435.798,-24.80368
1427158435.813,-20.718483
1427158435.829,-16.567192
1427158435.845,-12.412969
1427158435.86,-8.322825
1427158435.876,-4.313796
1427158435.892,-0.3929863
1427158435.907,3.5182076
1427158435.923,7.5351486
1427158435.938,11.798868
1427158435.954,16.357258
1427158435.97,21.143045
1427158435.985,25.92453
1427158436.001,30.439907
1427158436.017,34.490395
1427158436.032,38.064598
1427158436.048,41.35339
1427158436.063,44.735943
1427158436.079,48.661095
1427158436.095,53.572495
1427158436.11,59.720238
1427158436.126,66.98707
1427158436.142,74.68245
1427158436.157,81.5271
1427158436.173,85.85018
1427158436.188,86.08176
1427158436.204,81.31855
1427158436.22,71.728035
1427158436.235,58.538017
1427158436.251,43.579914
1427158436.267,28.608961
1427158436.282,14.802801
1427158436.298,2.5742645
1427158436.314,-8.1783905
1427158436.329,-17.673338
1427158436.345,-25.930138
1427158436.36,-32.741142
1427158436.376,-37.88079
1427158436.392,-41.321407
1427158436.407,-43.343163
1427158436.423,-44.468964
1427158436.438,-45.21572
1427158436.454,-45.932884
1427158436.47,-46.69078
1427158436.485,-47.36904
1427158436.501,-47.777397
1427158436.517,-47.812145
1427158436.532,-47.49561
1427158436.548,-46.969505
1427158436.564,-46.32287
1427158436.579,-45.555496
1427158436.595,-44.51216
1427158436.61,-42.995224
1427158436.626,-40.857735
1427158436.642,-38.099907
1427158436.657,-34.84784
1427158436.673,-31.269493
1427158436.689,-27.451868
1427158436.704,-23.38812
1427158436.72,-19.041796
1427158436.735,-14.460382
1427158436.751,-9.781132
1427158436.767,-5.2473755
1427158436.782,-1.0165462
1427158436.798,2.906021
1427158436.814,6.704708
1427158436.829,10.655455
1427158436.845,14.965912
1427158436.86,19.635769
1427158436.876,24.430298
1427158436.892,29.002079
1427158436.907,33.03717
1427158436.923,36.4197
1427158436.939,39.281693
1427158436.954,41.956
1427158436.97,44.840183
1427158436.985,48.32582
1427158437.001,52.698273
1427158437.017,58.04723
1427158437.032,64.19219
1427158437.048,70.51759
1427158437.064,75.99493
1427158437.079,79.26861
1427158437.095,79.05766
1427158437.11,74.57882
1427158437.126,65.91095
1427158437.142,54.039818
1427158437.157,40.524788
1427158437.173,26.97456
1427158437.189,14.5284
1427158437.204,3.6653786
1427158437.22,-5.655567
1427158437.235,-13.676575
1427158437.251,-20.511885
1427158437.267,-26.104416
1427158437.282,-30.304773
1427158437.298,-33.102684
1427158437.314,-34.75286
1427158437.329,-35.72991
1427158437.345,-36.524494
1427158437.36,-37.462948
1427158437.376,-38.59637
1427158437.392,-39.77134
1427158437.407,-40.767216
1427158437.423,-41.457073
1427158437.439,-41.83389
1427158437.454,-41.978996
1427158437.47,-41.963867
1427158437.485,-41.732815
1427158437.501,-41.075264
1427158437.517,-39.7433
1427158437.532,-37.534245
1427158437.548,-34.44428
1427158437.564,-30.689095
1427158437.579,-26.635542
1427158437.595,-22.632374
1427158437.61,-18.870445
1427158437.626,-15.273739
1427158437.642,-11.584326
1427158437.657,-7.485044
1427158437.673,-2.8344488
1427158437.689,2.2628596
1427158437.704,7.437531
1427158437.72,12.27628
1427158437.735,16.521584
1427158437.751,20.19255
1427158437.767,23.593073
1427158437.782,27.216936
1427158437.798,31.543142
1427158437.814,36.901447
1427158437.829,43.265793
1427158437.845,50.20697
1427158437.86,56.778786
1427158437.876,61.703953
1427158437.892,63.628098
1427158437.907,61.60057
1427158437.923,55.396996
1427158437.939,45.69594
1427158437.954,33.83463
1427158437.97,21.362507
1427158437.985,9.536225
1427158438.001,-0.96470547
1427158438.017,-10.033245
1427158438.032,-17.859528
1427158438.048,-24.644762
1427158438.064,-30.400915
1427158438.079,-34.962955
1427158438.095,-38.14805
1427158438.11,-39.93051
1427158438.126,-40.48483
1427158438.142,-40.189194
1427158438.157,-39.474186
1427158438.173,-38.69819
1427158438.189,-38.029434
1427158438.204,-37.478436
1427158438.22,-36.946526
1427158438.235,-36.308907
1427158438.251,-35.48352
1427158438.267,-34.462727
1427158438.282,-33.22682
1427158438.298,-31.708841
1427158438.314,-29.772177
1427158438.329,-27.310316
1427158438.345,-24.2808
1427158438.36,-20.79414
1427158438.376,-17.03134
1427158438.392,-13.18124
1427158438.407,-9.310296
1427158438.423,-5.386112
1427158438.439,-1.2868986
1427158438.454,3.1004143
1427158438.47,7.798278
1427158438.485,12.724996
1427158438.501,17.697552
1427158438.517,22.49665
1427158438.532,26.970795
1427158438.548,31.076984
1427158438.564,34.953644
1427158438.579,38.91137
1427158438.595,43.38727
1427158438.61,48.758842
1427158438.626,55.14751
1427158438.642,62.197052
1427158438.657,68.97858
1427158438.673,74.106094
1427158438.689,76.11333
1427158438.704,73.938614
1427158438.72,67.31593
1427158438.735,56.881676
1427158438.751,43.979897
1427158438.767,30.186155
1427158438.782,16.799248
1427158438.798,4.567419
1427158438.814,-6.292038
1427158438.829,-15.889473
1427158438.845,-24.338825
1427158438.86,-31.613483
1427158438.876,-37.540382
1427158438.892,-41.97586
1427158438.907,-44.933372
1427158438.923,-46.61267
1427158438.939,-47.324394
1427158438.954,-47.42244
1427158438.97,-47.151398
1427158438.986,-46.659634
1427158439.001,-46.0103
1427158439.017,-45.217148
1427158439.032,-44.273422
1427158439.048,-43.163536
1427158439.064,-41.8507
1427158439.079,-40.26078
1427158439.095,-38.255783
1427158439.11,-35.71194
1427158439.126,-32.51526
1427158439.142,-28.684036
1427158439.157,-24.358734
1427158439.173,-19.809944
1427158439.189,-15.31003
1427158439.204,-11.042883
1427158439.22,-6.957796
1427158439.236,-2.8391132
1427158439.251,1.6122131
1427158439.267,6.598118
1427158439.282,12.094053
1427158439.298,17.82982
1427158439.314,23.384216
1427158439.329,28.412628
1427158439.345,32.768257
1427158439.361,36.576828
1427158439.376,40.21025
1427158439.392,44.162636
1427158439.407,48.906082
1427158439.423,54.704918
1427158439.439,61.427475
1427158439.454,68.37702
1427158439.47,74.334625
1427158439.486,77.77086
1427158439.501,77.3337
1427158439.517,72.29511
1427158439.532,62.884933
1427158439.548,50.220226
1427158439.564,35.94094
1427158439.579,21.609241
1427158439.595,8.294361
1427158439.611,-3.6012917
1427158439.626,-14.140415
1427158439.642,-23.520947
1427158439.657,-31.78172
1427158439.673,-38.73708
1427158439.689,-44.11194
1427158439.704,-47.77892
1427158439.72,-49.8858
1427158439.736,-50.869648
1427158439.751,-51.26118
1427158439.767,-51.50029
1427158439.782,-51.75244
1427158439.798,-51.905113
1427158439.814,-51.676437
1427158439.829,-50.808643
1427158439.845,-49.174168
1427158439.861,-46.859493
1427158439.876,-44.083736
1427158439.892,-41.090927
1427158439.907,-38.033997
1427158439.923,-34.953163
1427158439.939,-31.767159
1427158439.954,-28.375805
1427158439.97,-24.665764
1427158439.986,-20.559486
1427158440.001,-15.990879
1427158440.017,-10.954094
1427158440.032,-5.493744
1427158440.048,0.22931671
1427158440.064,6.0237923
1427158440.079,11.650982
1427158440.095,16.967873
1427158440.111,21.925972
1427158440.126,26.609074
1427158440.142,31.166946
1427158440.157,35.813637
1427158440.173,40.7936
1427158440.189,46.402992
1427158440.204,52.839367
1427158440.22,60.00616
1427158440.236,67.25982
1427158440.251,73.36025
1427158440.267,76.72691
1427158440.282,75.934395
1427158440.298,70.29339
1427158440.314,60.22074
1427158440.329,47.102947
1427158440.345,32.815197
1427158440.361,19.022366
1427158440.376,6.719784
1427158440.392,-3.858982
1427158440.407,-12.93956
1427158440.423,-20.794243
1427158440.439,-27.41935
1427158440.454,-32.550415
1427158440.47,-35.89185
1427158440.486,-37.441444
1427158440.501,-37.603218
1427158440.517,-37.115177
1427158440.532,-36.748993
1427158440.548,-36.985043
1427158440.564,-37.805737
1427158440.579,-38.795742
1427158440.595,-39.332726
1427158440.611,-39.004387
1427158440.626,-37.74836
1427158440.642,-35.884712
1427158440.657,-33.886787
1427158440.673,-32.118004
1427158440.689,-30.588394
1427158440.704,-28.971352
1427158440.72,-26.775166
1427158440.736,-23.590736
1427158440.751,-19.285511
1427158440.767,-14.08223
1427158440.782,-8.420464
1427158440.798,-2.787403
1427158440.814,2.4899864
1427158440.829,7.313465
1427158440.845,11.811451
1427158440.861,16.202438
1427158440.876,20.73684
1427158440.892,25.601818
1427158440.907,30.98082
1427158440.923,37.037163
1427158440.939,43.872463
1427158440.954,51.282925
1427158440.97,58.6281
1427158440.986,64.71209
1427158441.001,68.068756
1427158441.017,67.43889
1427158441.032,62.262543
1427158441.048,52.966335
1427158441.064,40.81552
1427158441.079,27.444489
1427158441.095,14.299324
1427158441.111,2.260643
1427158441.126,-8.364319
1427158441.142,-17.610718
1427158441.157,-25.545006
1427158441.173,-32.128166
1427158441.189,-37.207596
1427158441.204,-40.717216
1427158441.22,-42.75836
1427158441.236,-43.667175
1427158441.251,-43.86573
1427158441.267,-43.759644
1427158441.282,-43.604523
1427158441.298,-43.492477
1427158441.314,-43.381214
1427158441.329,-43.15529
1427158441.345,-42.69538
1427158441.361,-41.937874
1427158441.376,-40.854473
1427158441.392,-39.4235
1427158441.407,-37.604443
1427158441.423,-35.359493
1427158441.439,-32.62831
1427158441.454,-29.430256
1427158441.47,-25.811672
1427158441.486,-21.895004
1427158441.501,-17.776295
1427158441.517,-13.497505
1427158441.532,-9.02919
1427158441.548,-4.3058968
1427158441.564,0.7217941
1427158441.579,6.030609
1427158441.595,11.488899
1427158441.611,16.922764
1427158441.626,22.150349
1427158441.642,27.070442
1427158441.657,31.687634
1427158441.673,36.158108
1427158441.689,40.82878
1427158441.704,46.111065
1427158441.72,52.367283
1427158441.736,59.573174
1427158441.751,67.12285
1427158441.767,73.724556
1427158441.782,77.72505
1427158441.798,77.59813
1427158441.814,72.56852
1427158441.829,62.919083
1427158441.845,49.89699
1427158441.861,35.25511
1427158441.876,20.61044
1427158441.892,7.0088005
1427158441.908,-5.1631775
1427158441.923,-15.965149
1427158441.939,-25.509369
1427158441.954,-33.73845
1427158441.97,-40.38511
1427158441.986,-45.187717
1427158442.001,-48.112335
1427158442.017,-49.453575
1427158442.033,-49.76949
1427158442.048,-49.70479
1427158442.064,-49.73908
1427158442.079,-50.077477
1427158442.095,-50.610107
1427158442.111,-51.040047
1427158442.126,-51.062847
1427158442.142,-50.50166
1427158442.158,-49.362656
1427158442.173,-47.81563
1427158442.189,-46.045994
1427158442.204,-44.1963
1427158442.22,-42.25794
1427158442.236,-40.125072
1427158442.251,-37.643612
1427158442.267,-34.69393
1427158442.283,-31.235268
1427158442.298,-27.340153
1427158442.314,-23.143301
1427158442.329,-18.81127
1427158442.345,-14.499853
1427158442.361,-10.315765
1427158442.376,-6.3076305
1427158442.392,-2.4450626
1427158442.408,1.4004993
1427158442.423,5.3928223
1427158442.439,9.681593
1427158442.454,14.314394
1427158442.47,19.19748
1427158442.486,24.106201
1427158442.501,28.79365
1427158442.517,33.070984
1427158442.533,36.907433
1427158442.548,40.42665
1427158442.564,43.89003
1427158442.579,47.61479
1427158442.595,51.939026
1427158442.611,57.173294
1427158442.626,63.462124
1427158442.642,70.628235
1427158442.658,77.97661
1427158442.673,84.2544
1427158442.689,87.90441
1427158442.704,87.50493
1427158442.72,82.283264
1427158442.736,72.43864
1427158442.751,59.11123
1427158442.767,43.96997
1427158442.783,28.68266
1427158442.798,14.460441
1427158442.814,1.8793149
1427158442.829,-8.977358
1427158442.845,-18.26156
1427158442.861,-26.08833
1427158442.876,-32.449394
1427158442.892,-37.30404
1427158442.908,-40.68715
1427158442.923,-42.833546
1427158442.939,-44.10785
1427158442.954,-44.925636
1427158442.97,-45.562904
1427158442.986,-46.117237
1427158443.001,-46.482044
1427158443.017,-46.464962
1427158443.033,-45.938198
1427158443.048,-44.926506
1427158443.064,-43.60752
1427158443.079,-42.22071
1427158443.095,-40.92502
1427158443.111,-39.679913
1427158443.126,-38.243484
1427158443.142,-36.270885
1427158443.158,-33.444057
1427158443.173,-29.674843
1427158443.189,-25.133919
1427158443.204,-20.230646
1427158443.22,-15.455991
1427158443.236,-11.197566
1427158443.251,-7.5646267
1427158443.267,-4.3768005
1427158443.283,-1.2396412
1427158443.298,2.251854
1427158443.314,6.325495
1427158443.329,10.921036
1427158443.345,15.720356
1427158443.361,20.299374
1427158443.376,24.324093
1427158443.392,27.707674
1427158443.408,30.630741
1427158443.423,33.46126
1427158443.439,36.654125
1427158443.454,40.58806
1427158443.47,45.512737
1427158443.486,51.42434
1427158443.501,57.98971
1427158443.517,64.45245
1427158443.533,69.67237
1427158443.548,72.31599
1427158443.564,71.251854
1427158443.579,65.91016
1427158443.595,56.57713
1427158443.611,44.32509
1427158443.626,30.676771
1427158443.642,17.132757
1427158443.658,4.7655277
1427158443.673,-5.9417706
1427158443.689,-14.943993
1427158443.704,-22.401917
1427158443.72,-28.40612
1427158443.736,-32.966972
1427158443.751,-36.04546
1427158443.767,-37.777164
1427158443.783,-38.464737
1427158443.798,-38.59697
1427158443.814,-38.625343
1427158443.829,-38.849976
1427158443.845,-39.293873
1427158443.861,-39.77438
1427158443.876,-40.03828
1427158443.892,-39.891827
1427158443.908,-39.293278
1427158443.923,-38.325977
1427158443.939,-37.093307
1427158443.954,-35.64093
1427158443.97,-33.9153
1427158443.986,-31.809536
1427158444.001,-29.251503
1427158444.017,-26.246113
1427158444.033,-22.89265
1427158444.048,-19.310566
1427158444.064,-15.502129
1427158444.079,-11.402409
1427158444.095,-6.8650055
1427158444.111,-1.8115463
1427158444.126,3.6793518
1427158444.142,9.323334
1427158444.158,14.767288
1427158444.173,19.677238
1427158444.189,23.908863
1427158444.204,27.544498
1427158444.22,30.891312
1427158444.236,34.387672
1427158444.251,38.528847
1427158444.267,43.669567
1427158444.283,49.839832
1427158444.298,56.57281
1427158444.314,62.848545
1427158444.329,67.268036
1427158444.345,68.45961
1427158444.361,65.551865
1427158444.376,58.521126
1427158444.392,48.214813
1427158444.408,36.043213
1427158444.423,23.446404
1427158444.439,11.49004
1427158444.454,0.68328094
1427158444.47,-8.891983
1427158444.486,-17.308083
1427158444.501,-24.556297
1427158444.517,-30.494072
1427158444.533,-34.927578
1427158444.548,-37.791695
1427158444.564,-39.236446
1427158444.58,-39.59969
1427158444.595,-39.319023
1427158444.611,-38.810677
1427158444.626,-38.320034
1427158444.642,-37.922558
1427158444.658,-37.529137
1427158444.673,-37.00875
1427158444.689,-36.267467
1427158444.705,-35.34712
1427158444.72,-34.368034
1427158444.736,-33.47071
1427158444.751,-32.644703
1427158444.767,-31.698338
1427158444.783,-30.279541
1427158444.798,-28.0424
1427158444.814,-24.824352
1427158444.83,-20.791454
1427158444.845,-16.360348
1427158444.861,-12.042366
1427158444.876,-8.178535
1427158444.892,-4.791214
1427158444.908,-1.5521469
1427158444.923,2.0213165
1427158444.939,6.3398438
1427158444.955,11.456741
1427158444.97,17.06607
1427158444.986,22.560616
1427158445.001,27.361168
1427158445.017,31.16581
1427158445.033,34.109352
1427158445.048,36.691826
1427158445.064,39.59247
1427158445.08,43.404022
1427158445.095,48.459618
1427158445.111,54.698273
1427158445.126,61.60869
1427158445.142,68.23916
1427158445.158,73.28277
1427158445.173,75.34765
1427158445.189,73.351875
1427158445.205,66.90703
1427158445.22,56.558914
1427158445.236,43.635773
1427158445.251,29.823746
1427158445.267,16.580559
1427158445.283,4.746315
1427158445.298,-5.5152283
1427158445.314,-14.411377
1427158445.33,-22.153618
1427158445.345,-28.69783
1427158445.361,-33.808853
1427158445.376,-37.2883
1427158445.392,-39.20735
1427158445.408,-39.960945
1427158445.423,-40.137352
1427158445.439,-40.242996
1427158445.455,-40.554504
1427158445.47,-41.0384
1427158445.486,-41.500717
1427158445.501,-41.68602
1427158445.517,-41.459854
1427158445.533,-40.821823
1427158445.548,-39.8974
1427158445.564,-38.85871
1427158445.58,-37.847404
1427158445.595,-36.87725
1427158445.611,-35.811195
1427158445.626,-34.35372
1427158445.642,-32.184647
1427158445.658,-29.085403
1427158445.673,-25.113777
1427158445.689,-20.584496
1427158445.705,-15.987915
1427158445.72,-11.752678
1427158445.736,-8.0457
1427158445.751,-4.687126
1427158445.767,-1.2662201
1427158445.783,2.6556473
1427158445.798,7.2866745
1427158445.814,12.495399
1427158445.83,17.84896
1427158445.845,22.840126
1427158445.861,27.073334
1427158445.876,30.480904
1427158445.892,33.28386
1427158445.908,35.906586
1427158445.923,38.826935
1427158445.939,42.432846
1427158445.955,46.98732
1427158445.97,52.577553
1427158445.986,59.040474
1427158446.001,65.83635
1427158446.017,71.963486
1427158446.033,76.1124
1427158446.048,76.93847
1427158446.064,73.56308
1427158446.08,65.91899
1427158446.095,54.82586
1427158446.111,41.706
1427158446.126,28.144936
1427158446.142,15.334053
1427158446.158,3.9508896
1427158446.173,-5.8452835
1427158446.189,-14.11982
1427158446.205,-20.929321
1427158446.22,-26.238113
1427158446.236,-30.05095
1427158446.251,-32.482872
1427158446.267,-33.834892
1427158446.283,-34.520668
1427158446.298,-34.89672
1427158446.314,-35.161873
1427158446.33,-35.36264
1427158446.345,-35.442528
1427158446.361,-35.355118
1427158446.376,-35.12526
1427158446.392,-34.832405
1427158446.408,-34.530853
1427158446.423,-34.216698
1427158446.439,-33.764366
1427158446.455,-32.996674
1427158446.47,-31.71466
1427158446.486,-29.802063
1427158446.501,-27.222992
1427158446.517,-24.073318
1427158446.533,-20.500664
1427158446.548,-16.662209
1427158446.564,-12.679878
1427158446.58,-8.593613
1427158446.595,-4.359947
1427158446.611,0.053451538
1427158446.626,4.6669235
1427158446.642,9.393921
1427158446.658,14.095982
1427158446.673,18.604397
1427158446.689,22.842758
1427158446.705,26.82402
1427158446.72,30.72641
1427158446.736,34.809967
1427158446.751,39.395
1427158446.767,44.713066
1427158446.783,50.758675
1427158446.798,57.06292
1427158446.814,62.655144
1427158446.83,66.20485
1427158446.845,66.37215
1427158446.861,62.334923
1427158446.876,54.149117
1427158446.892,42.78853
1427158446.908,29.807613
1427158446.923,16.753471
1427158446.939,4.7073936
1427158446.955,-5.9141884
1427158446.97,-15.158066
1427158446.986,-23.18724
1427158447.001,-29.968224
1427158447.017,-35.23225
1427158447.033,-38.657177
1427158447.048,-40.14832
1427158447.064,-39.9837
1427158447.08,-38.762886
1427158447.095,-37.218346
1427158447.111,-35.9481
1427158447.126,-35.2548
1427158447.142,-35.103004
1427158447.158,-35.182526
1427158447.173,-35.10237
1427158447.189,-34.512054
1427158447.205,-33.279892
1427158447.22,-31.508533
1427158447.236,-29.486286
1427158447.252,-27.513725
1427158447.267,-25.744682
1427158447.283,-24.077694
1427158447.298,-22.186634
1427158447.314,-19.685211
1427158447.33,-16.305805
1427158447.345,-12.026573
1427158447.361,-7.0783653
1427158447.377,-1.8193665
1427158447.392,3.3996258
1427158447.408,8.387846
1427158447.423,13.114948
1427158447.439,17.707209
1427158447.455,22.335732
1427158447.47,27.183203
1427158447.486,32.42227
1427158447.502,38.246223
1427158447.517,44.78404
1427158447.533,51.985764
1427158447.548,59.402245
1427158447.564,66.07372
1427158447.58,70.658066
1427158447.595,71.77771
1427158447.611,68.52816
1427158447.627,60.868904
1427158447.642,49.675873
1427158447.658,36.473312
1427158447.673,22.855743
1427158447.689,10.020433
1427158447.705,-1.4891415
1427158447.72,-11.612456
1427158447.736,-20.518217
1427158447.752,-28.25803
1427158447.767,-34.70498
1427158447.783,-39.626537
1427158447.798,-42.89656
1427158447.814,-44.62405
1427158447.83,-45.145763
1427158447.845,-44.91108
1427158447.861,-44.320015
1427158447.877,-43.59502
1427158447.892,-42.790558
1427158447.908,-41.866783
1427158447.923,-40.822296
1427158447.939,-39.73169
1427158447.955,-38.753742
1427158447.97,-37.982315
1427158447.986,-37.366413
1427158448.002,-36.616196
1427158448.017,-35.31642
1427158448.033,-33.05716
1427158448.048,-29.664986
1427158448.064,-25.304844
1427158448.08,-20.413841
1427158448.095,-15.52829
1427158448.111,-11.007341
1427158448.127,-6.8816786
1427158448.142,-2.8534327
1427158448.158,1.5264769
1427158448.173,6.5588384
1427158448.189,12.237532
1427158448.205,18.169777
1427158448.22,23.822695
1427158448.236,28.72613
1427158448.252,32.771885
1427158448.267,36.21577
1427158448.283,39.592335
1427158448.298,43.4792
1427158448.314,48.343304
1427158448.33,54.39396
1427158448.345,61.477314
1427158448.361,68.989334
1427158448.377,75.83324
1427158448.392,80.54218
1427158448.408,81.59425
1427158448.423,77.933754
1427158448.439,69.394646
1427158448.455,56.83007
1427158448.47,41.8807
1427158448.486,26.361332
1427158448.502,11.692084
1427158448.517,-1.4474707
1427158448.533,-13.00324
1427158448.548,-23.201994
1427158448.564,-32.12797
1427158448.58,-39.559433
1427158448.595,-45.10087
1427158448.611,-48.481045
1427158448.627,-49.83902
1427158448.642,-49.766644
1427158448.658,-49.078278
1427158448.673,-48.51381
1427158448.689,-48.418312
1427158448.705,-48.70545
1427158448.72,-48.973854
1427158448.736,-48.841915
1427158448.752,-48.120533
1427158448.767,-46.928555
1427158448.783,-45.55076
1427158448.798,-44.249367
1427158448.814,-43.068047
1427158448.83,-41.820724
1427158448.845,-40.169968
1427158448.861,-37.8147
1427158448.877,-34.612762
1427158448.892,-30.647339
1427158448.908,-26.169527
1427158448.923,-21.532452
1427158448.939,-17.049486
1427158448.955,-12.927525
1427158448.97,-9.207941
1427158448.986,-5.7622375
1427158449.002,-2.3356304
1427158449.017,1.340538
1427158449.033,5.4319687
1427158449.048,9.959225
1427158449.064,14.764042
1427158449.08,19.597118
1427158449.095,24.216873
1427158449.111,28.471712
1427158449.127,32.366432
1427158449.142,36.01315
1427158449.158,39.62197
1427158449.173,43.459984
1427158449.189,47.85286
1427158449.205,53.1419
1427158449.22,59.56269
1427158449.236,66.96433
1427158449.252,74.61947
1427158449.267,81.16698
1427158449.283,84.87709
1427158449.298,84.20963
1427158449.314,78.3896
1427158449.33,67.735535
1427158449.345,53.59755
1427158449.361,37.84626
1427158449.377,22.225996
1427158449.392,7.885227
1427158449.408,-4.726986
1427158449.423,-15.618736
1427158449.439,-24.90277
1427158449.455,-32.53267
1427158449.47,-38.311405
1427158449.486,-42.118866
1427158449.502,-44.0496
1427158449.517,-44.544178
1427158449.533,-44.216167
1427158449.548,-43.659447
1427158449.564,-43.27323
1427158449.58,-43.183155
1427158449.595,-43.280422
1427158449.611,-43.400234
1427158449.627,-43.382507
1427158449.642,-43.155476
1427158449.658,-42.688362
1427158449.673,-41.942078
1427158449.689,-40.81469
1427158449.705,-39.150467
1427158449.72,-36.78203
1427158449.736,-33.661453
1427158449.752,-29.876984
1427158449.767,-25.661919
1427158449.783,-21.296917
1427158449.798,-17.002773
1427158449.814,-12.83363
1427158449.83,-8.697086
1427158449.845,-4.410572
1427158449.861,0.14609146
1427158449.877,4.9872475
1427158449.892,9.963604
1427158449.908,14.854305
1427158449.924,19.453815
1427158449.939,23.683472
1427158449.955,27.659885
1427158449.97,31.689938
1427158449.986,36.215458
1427158450.002,41.667408
1427158450.017,48.264
1427158450.033,55.76369
1427158450.048,63.3098
1427158450.064,69.50513
1427158450.08,72.73088
1427158450.095,71.708275
1427158450.111,65.94638
1427158450.127,56.001286
1427158450.142,43.240017
1427158450.158,29.36631
1427158450.174,15.833351
1427158450.189,3.5083923
1427158450.205,-7.3777275
1427158450.22,-16.930447
1427158450.236,-25.279984
1427158450.252,-32.365623
1427158450.267,-37.943005
1427158450.283,-41.768497
1427158450.299,-43.816162
1427158450.314,-44.367958
1427158450.33,-43.979057
1427158450.345,-43.27115
1427158450.361,-42.743294
1427158450.377,-42.59823
1427158450.392,-42.74106
1427158450.408,-42.830772
1427158450.424,-42.496567
1427158450.439,-41.49124
1427158450.455,-39.826553
1427158450.47,-37.699554
1427158450.486,-35.40593
1427158450.502,-33.140495
1427158450.517,-30.90525
1427158450.533,-28.529228
1427158450.549,-25.699425
1427158450.564,-22.161858
1427158450.58,-17.798141
1427158450.595,-12.671837
1427158450.611,-7.0242386
1427158450.627,-1.1518097
1427158450.642,4.68454
1427158450.658,10.31591
1427158450.674,15.662964
1427158450.689,20.728432
1427158450.705,25.560799
1427158450.72,30.302399
1427158450.736,35.204323
1427158450.752,40.637115
1427158450.767,46.95903
1427158450.783,54.23932
1427158450.799,62.002457
1427158450.814,69.10031
1427158450.83,73.91256
1427158450.845,74.845116
1427158450.861,70.91744
1427158450.877,62.182503
1427158450.892,49.724632
1427158450.908,35.284225
1427158450.924,20.617424
1427158450.939,7.0087967
1427158450.955,-4.9676895
1427158450.97,-15.294205
1427158450.986,-24.188507
1427158451.002,-31.784813
1427158451.017,-38.000725
1427158451.033,-42.64158
1427158451.049,-45.59046
1427158451.064,-46.96804
1427158451.08,-47.166405
1427158451.095,-46.669586
1427158451.111,-45.909164
1427158451.127,-45.105675
1427158451.142,-44.2759
1427158451.158,-43.33612
1427158451.174,-42.224854
1427158451.189,-40.981514
1427158451.205,-39.694664
1427158451.22,-38.404243
1427158451.236,-37.040733
1427158451.252,-35.414238
1427158451.267,-33.31952
1427158451.283,-30.631325
1427158451.299,-27.401787
1427158451.314,-23.758858
1427158451.33,-19.8527
1427158451.345,-15.705666
1427158451.361,-11.24041
1427158451.377,-6.3273926
1427158451.392,-0.91363525
1427158451.408,4.9057846
1427158451.424,10.878525
1427158451.439,16.686058
1427158451.455,22.040459
1427158451.47,26.829826
1427158451.486,31.147919
1427158451.502,35.304897
1427158451.517,39.755913
1427158451.533,44.953804
1427158451.549,51.207134
1427158451.564,58.497375
1427158451.58,66.298355
1427158451.595,73.55411
1427158451.611,78.80147
1427158451.627,80.53404
1427158451.642,77.70706
1427158451.658,70.11183
1427158451.674,58.486225
1427158451.689,44.295452
1427158451.705,29.205345
1427158451.72,14.57262
1427158451.736,1.1981506
1427158451.752,-10.653198
1427158451.767,-20.96917
1427158451.783,-29.69999
1427158451.799,-36.699245
1427158451.814,-41.80883
1427158451.83,-45.05784
1427158451.845,-46.74582
1427158451.861,-47.41394
1427158451.877,-47.59196
1427158451.892,-47.64016
1427158451.908,-47.677246
1427158451.924,-47.60148
1427158451.939,-47.261417
1427158451.955,-46.577065
1427158451.97,-45.59724
1427158451.986,-44.46792
1427158452.002,-43.31179
1427158452.017,-42.131153
1427158452.033,-40.734077
1427158452.049,-38.834064
1427158452.064,-36.134903
1427158452.08,-32.530987
1427158452.095,-28.165222
1427158452.111,-23.39494
1427158452.127,-18.63438
1427158452.142,-14.169334
1427158452.158,-10.0359535
1427158452.174,-6.0052414
1427158452.189,-1.7513657
1427158452.205,3.0094109
1427158452.22,8.330601
1427158452.236,13.981884
1427158452.252,19.584667
1427158452.267,24.733147
1427158452.283,29.179146
1427158452.299,32.915123
1427158452.314,36.196526
1427158452.33,39.43515
1427158452.345,43.124847
1427158452.361,47.669693
1427158452.377,53.305008
1427158452.392,59.892822
1427158452.408,66.784805
1427158452.424,72.8018
1427158452.439,76.42668
1427158452.455,76.21718
1427158452.47,71.3263
1427158452.486,61.891987
1427158452.502,49.05418
1427158452.517,34.565758
1427158452.533,20.203949
1427158452.549,7.2073975
1427158452.564,-3.9239388
1427158452.58,-13.291164
1427158452.595,-21.198719
1427158452.611,-27.85627
1427158452.627,-33.220936
1427158452.642,-37.130314
1427158452.658,-39.492794
1427158452.674,-40.451653
1427158452.689,-40.380077
1427158452.705,-39.769215
1427158452.72,-39.054893
1427158452.736,-38.529648
1427158452.752,-38.277195
1427158452.767,-38.224712
1427158452.783,-38.221195
1427158452.799,-38.131275
1427158452.814,-37.85493
1427158452.83,-37.33907
1427158452.846,-36.51997
1427158452.861,-35.303734
1427158452.877,-33.543037
1427158452.892,-31.103493
1427158452.908,-27.923801
1427158452.924,-24.106144
1427158452.939,-19.853447
1427158452.955,-15.406628
1427158452.971,-10.935692
1427158452.986,-6.469761
1427158453.002,-1.9337807
1427158453.017,2.7495193
1427158453.033,7.572281
1427158453.049,12.37785
1427158453.064,16.955845
1427158453.08,21.131577
1427158453.096,24.89759
1427158453.111,28.455982
1427158453.127,32.186646
1427158453.142,36.516563
1427158453.158,41.769955
1427158453.174,47.913887
1427158453.189,54.453503
1427158453.205,60.363373
1427158453.221,64.2872
1427158453.236,64.87921
1427158453.252,61.26649
1427158453.267,53.39332
1427158453.283,42.080486
1427158453.299,28.764172
1427158453.314,15.036032
1427158453.33,2.1428242
1427158453.346,-9.221514
1427158453.361,-18.936527
1427158453.377,-27.125418
1427158453.392,-33.88014
1427158453.408,-39.103493
1427158453.424,-42.578995
1427158453.439,-44.19226
1427158453.455,-44.137856
1427158453.471,-42.954483
1427158453.486,-41.42138
1427158453.502,-40.23619
1427158453.517,-39.77401
1427158453.533,-39.927547
1427158453.549,-40.23308
1427158453.564,-40.083138
1427158453.58,-39.055458
1427158453.596,-37.078754
1427158453.611,-34.4641
1427158453.627,-31.69323
1427158453.642,-29.176678
1427158453.658,-27.038599
1427158453.674,-25.076801
1427158453.689,-22.869444
1427158453.705,-19.976551
1427158453.721,-16.122408
1427158453.736,-11.311512
1427158453.752,-5.7845325
1427158453.767,0.064920425
1427158453.783,5.8649445
1427158453.799,11.341146
1427158453.814,16.429804
1427158453.83,21.238358
1427158453.846,26.048687
1427158453.861,31.191587
1427158453.877,36.96893
1427158453.892,43.556835
1427158453.908,50.86387
1427158453.924,58.41796
1427158453.939,65.35485
1427158453.955,70.478226
1427158453.971,72.565994
1427158453.986,70.71911
1427158454.002,64.732506
1427158454.017,55.15915
1427158454.033,43.2027
1427158454.049,30.263662
1427158454.064,17.544973
1427158454.08,5.78288
1427158454.096,-4.7403526
1427158454.111,-14.0044365
1427158454.127,-21.971172
1427158454.142,-28.505594
1427158454.158,-33.421303
1427158454.174,-36.670242
1427158454.189,-38.4529
1427158454.205,-39.221428
1427158454.221,-39.496086
1427158454.236,-39.695084
1427158454.252,-39.996773
1427158454.267,-40.35163
1427158454.283,-40.58078
1427158454.299,-40.565945
1427158454.314,-40.24289
1427158454.33,-39.673504
1427158454.346,-38.890938
1427158454.361,-37.851563
1427158454.377,-36.387493
1427158454.392,-34.272472
1427158454.408,-31.32425
1427158454.424,-27.522545
1427158454.439,-23.063145
1427158454.455,-18.292824
1427158454.471,-13.562534
1427158454.486,-9.085102
1427158454.502,-4.810459
1427158454.517,-0.52381516
1427158454.533,4.0570374
1427158454.549,9.087086
1427158454.564,14.508377
1427158454.58,20.053207
1427158454.596,25.36839
1427158454.611,30.165844
1427158454.627,34.363556
1427158454.642,38.107864
1427158454.658,41.749165
1427158454.674,45.72082
1427158454.689,50.46994
1427158454.705,56.244724
1427158454.721,62.93523
1427158454.736,69.87569
1427158454.752,75.85822
1427158454.767,79.34978
1427158454.783,78.99057
1427158454.799,74.05951
1427158454.814,64.828094
1427158454.83,52.456913
1427158454.846,38.58014
1427158454.861,24.74046
1427158454.877,11.959404
1427158454.892,0.62859726
1427158454.908,-9.28434
1427158454.924,-17.887924
1427158454.939,-25.13377
1427158454.955,-30.840546
1427158454.971,-34.83343
1427158454.986,-37.222794
1427158455.002,-38.410595
1427158455.017,-38.997818
1427158455.033,-39.54941
1427158455.049,-40.38201
1427158455.064,-41.466522
1427158455.08,-42.52024
1427158455.096,-43.18596
1427158455.111,-43.260666
1427158455.127,-42.772583
1427158455.142,-41.971123
1427158455.158,-41.153336
1427158455.174,-40.510338
1427158455.189,-39.96666
1427158455.205,-39.180122
1427158455.221,-37.677567
1427158455.236,-35.08706
1427158455.252,-31.299309
1427158455.267,-26.558784
1427158455.283,-21.35566
1427158455.299,-16.224297
1427158455.314,-11.498886
1427158455.33,-7.2045135
1427158455.346,-3.0759125
1427158455.361,1.2510605
1427158455.377,6.0453644
1427158455.392,11.298767
1427158455.408,16.754646
1427158455.424,21.987213
1427158455.439,26.625824
1427158455.455,30.501686
1427158455.471,33.703384
1427158455.486,36.53434
1427158455.502,39.4488
1427158455.518,42.9355
1427158455.533,47.442894
1427158455.549,53.230057
1427158455.564,60.19565
1427158455.58,67.67996
1427158455.596,74.47014
1427158455.611,78.98008
1427158455.627,79.7338
1427158455.643,75.863075
1427158455.658,67.462006
1427158455.674,55.59153
1427158455.689,41.91368
1427158455.705,28.078033
1427158455.721,15.270653
1427158455.736,3.9925003
1427158455.752,-5.7718735
1427158455.768,-14.247742
1427158455.783,-21.5456
1427158455.799,-27.568169
1427158455.814,-32.073944
1427158455.83,-34.93181
1427158455.846,-36.245872
1427158455.861,-36.410225
1427158455.877,-35.991707
1427158455.893,-35.556854
1427158455.908,-35.473923
1427158455.924,-35.842827
1427158455.939,-36.481133
1427158455.955,-37.041756
1427158455.971,-37.19532
1427158455.986,-36.743683
1427158456.002,-35.69777
1427158456.018,-34.233627
1427158456.033,-32.56079
1427158456.049,-30.805557
1427158456.064,-28.91777
1427158456.08,-26.708687
1427158456.096,-23.92366
1427158456.111,-20.382286
1427158456.127,-16.04013
1427158456.143,-11.056839
1427158456.158,-5.6939697
1427158456.174,-0.2847824
1427158456.189,4.9076843
1427158456.205,9.727791
1427158456.221,14.165894
1427158456.236,18.341827
1427158456.252,22.494347
1427158456.268,26.901794
1427158456.283,31.83844
1427158456.299,37.48694
1427158456.314,43.8715
1427158456.33,50.691383
1427158456.346,57.263115
1427158456.361,62.542908
1427158456.377,65.325325
1427158456.393,64.59138
1427158456.408,59.899277
1427158456.424,51.56469
1427158456.439,40.643364
1427158456.455,28.543358
1427158456.471,16.596405
1427158456.486,5.672344
1427158456.502,-3.8683434
1427158456.518,-12.066406
1427158456.533,-19.015858
1427158456.549,-24.701172
1427158456.564,-28.935165
1427158456.58,-31.564735
1427158456.596,-32.59833
1427158456.611,-32.364357
1427158456.627,-31.370865
1427158456.643,-30.14713
1427158456.658,-29.0055
1427158456.674,-27.975067
1427158456.689,-26.867325
1427158456.705,-25.442505
1427158456.721,-23.600288
1427158456.736,-21.458145
1427158456.752,-19.230835
1427158456.768,-17.088322
1427158456.783,-14.993153
1427158456.799,-12.641357
1427158456.814,-9.620533
1427158456.83,-5.626011
1427158456.846,-0.6213875
1427158456.861,5.0783615
1427158456.877,10.954144
1427158456.893,16.47699
1427158456.908,21.333374
1427158456.924,25.517948
1427158456.939,29.32214
1427158456.955,33.213093
1427158456.971,37.69683
1427158456.986,43.15806
1427158457.002,49.742462
1427158457.018,57.156616
1427158457.033,64.618
1427158457.049,70.855095
1427158457.064,74.38158
1427158457.08,73.93594
1427158457.096,68.917114
1427158457.111,59.64337
1427158457.127,47.27695
1427158457.143,33.411987
1427158457.158,19.578188
1427158457.174,6.8020797
1427158457.189,-4.5147552
1427158457.205,-14.413643
1427158457.221,-23.096558
1427158457.236,-30.679173
1427158457.252,-37.11075
1427158457.268,-42.2607
1427158457.283,-46.07018
1427158457.299,-48.60419
1427158457.314,-50.013977
1427158457.33,-50.478344
1427158457.346,-50.12005
1427158457.361,-49.051064
1427158457.377,-47.411118
1427158457.393,-45.443825
1427158457.408,-43.448715
1427158457.424,-41.72168
1427158457.439,-40.382973
1427158457.455,-39.352406
1427158457.471,-38.337334
1427158457.486,-36.965897
1427158457.502,-34.890472
1427158457.518,-31.946
1427158457.533,-28.128078
1427158457.549,-23.61018
1427158457.564,-18.617382
1427158457.58,-13.368443
1427158457.596,-7.9564857
1427158457.611,-2.3047829
1427158457.627,3.838169
1427158457.643,10.793312
1427158457.658,18.741734
1427158457.674,27.454247
1427158457.689,36.17342
1427158457.705,43.60804
1427158457.721,48.256413
1427158457.736,48.89732
1427158457.752,45.027134
1427158457.768,37.060013
1427158457.783,26.208473
1427158457.799,14.021954
1427158457.814,1.9162712
1427158457.83,-9.188698
1427158457.846,-18.937908
1427158457.861,-27.349869
1427158457.877,-34.50297
1427158457.893,-40.34521
1427158457.908,-44.660202
1427158457.924,-47.230732
1427158457.939,-48.014816
1427158457.955,-47.28297
1427158457.971,-45.57852
1427158457.986,-43.56056
1427158458.002,-41.74974
1427158458.018,-40.40641
1427158458.033,-39.455723
1427158458.049,-38.609047
1427158458.064,-37.5084
1427158458.08,-35.939026
1427158458.096,-33.89857
1427158458.111,-31.569946
1427158458.127,-29.195236
1427158458.143,-26.918457
1427158458.158,-24.680157
1427158458.174,-22.226048
1427158458.19,-19.19515
1427158458.205,-15.315247
1427158458.221,-10.504112
1427158458.236,-4.9629498
1427158458.252,0.9453316
1427158458.268,6.7765503
1427158458.283,12.200014
1427158458.299,17.089725
1427158458.315,21.508537
1427158458.33,25.680687
1427158458.346,29.873281
1427158458.361,34.35307
1427158458.377,39.386528
1427158458.393,45.16926
1427158458.408,51.74774
1427158458.424,58.81017
1427158458.44,65.574776
1427158458.455,70.79128
1427158458.471,73.04697
1427158458.486,71.17357
1427158458.502,64.74667
1427158458.518,54.240433
1427158458.533,40.913055
1427158458.549,26.371727
1427158458.565,12.085071
1427158458.58,-0.9459772
1427158458.596,-12.277176
1427158458.611,-21.861393
1427158458.627,-29.78539
1427158458.643,-36.13214
1427158458.658,-40.919617
1427158458.674,-44.189148
1427158458.69,-46.089413
1427158458.705,-46.911762
1427158458.721,-47.039486
1427158458.736,-46.86669
1427158458.752,-46.67476
1427158458.768,-46.57865
1427158458.783,-46.52426
1427158458.799,-46.367485
1427158458.815,-45.95662
1427158458.83,-45.23455
1427158458.846,-44.24729
1427158458.861,-43.12912
1427158458.877,-41.958237
1427158458.893,-40.734272
1427158458.908,-39.317535
1427158458.924,-37.546043
1427158458.94,-35.27604
1427158458.955,-32.496952
1427158458.971,-29.310978
1427158458.986,-25.88887
1427158459.002,-22.374447
1427158459.018,-18.814522
1427158459.033,-15.159
1427158459.049,-11.343044
1427158459.065,-7.3661346
1427158459.08,-3.3574715
1427158459.096,0.4795456
1427158459.111,3.9546738
1427158459.127,7.05484
1427158459.143,9.939903
1427158459.158,12.935371
1427158459.174,16.342056
1427158459.19,20.330078
1427158459.205,24.832031
1427158459.221,29.587997
1427158459.236,34.23813
1427158459.252,38.483192
1427158459.268,42.179977
1427158459.283,45.441513
1427158459.299,48.602936
1427158459.315,52.17946
1427158459.33,56.62799
1427158459.346,62.113243
1427158459.361,68.22813
1427158459.377,73.924904
1427158459.393,77.69735
1427158459.408,78.059105
1427158459.424,74.0604
1427158459.44,65.69987
1427158459.455,53.91919
1427158459.471,40.246147
1427158459.486,26.249557
1427158459.502,13.09343
1427158459.518,1.3256073
1427158459.533,-8.954399
1427158459.549,-17.819305
1427158459.565,-25.238174
1427158459.58,-31.052574
1427158459.596,-35.100075
1427158459.611,-37.42018
1427158459.627,-38.34694
1427158459.643,-38.451553
1427158459.658,-38.348328
1427158459.674,-38.455368
1427158459.69,-38.89821
1427158459.705,-39.528366
1427158459.721,-40.071136
1427158459.736,-40.322296
1427158459.752,-40.212494
1427158459.768,-39.83705
1427158459.783,-39.344864
1427158459.799,-38.85121
1427158459.815,-38.326187
1427158459.83,-37.633545
1427158459.846,-36.535385
1427158459.861,-34.862656
1427158459.877,-32.549088
1427158459.893,-29.713837
1427158459.908,-26.584396
1427158459.924,-23.43544
1427158459.94,-20.44365
1427158459.955,-17.63504
1427158459.971,-14.875763
1427158459.986,-12.005692
1427158460.002,-8.925171
1427158460.018,-5.664383
1427158460.033,-2.364914
1427158460.049,0.81336975
1427158460.065,3.825592
1427158460.08,6.73584
1427158460.096,9.682175
1427158460.111,12.755371
1427158460.127,15.941498
1427158460.143,19.103363
1427158460.158,22.076157
1427158460.174,24.76242
1427158460.19,27.205048
1427158460.205,29.568375
1427158460.221,32.111786
1427158460.236,35.117416
1427158460.252,38.843277
1427158460.268,43.42914
1427158460.283,48.78723
1427158460.299,54.466446
1427158460.315,59.617523
1427158460.33,63.108246
1427158460.346,63.85492
1427158460.361,61.182068
1427158460.377,55.09459
1427158460.393,46.284454
1427158460.408,35.89058
1427158460.424,25.081375
1427158460.44,14.739365
1427158460.455,5.321686
1427158460.471,-3.015213
1427158460.486,-10.272156
1427158460.502,-16.39505
1427158460.518,-21.292877
1427158460.533,-24.894821
1427158460.549,-27.247177
1427158460.565,-28.544006
1427158460.58,-29.067535
1427158460.596,-29.094269
1427158460.611,-28.847137
1427158460.627,-28.446472
1427158460.643,-27.975952
1427158460.658,-27.504578
1427158460.674,-27.118622
1427158460.69,-26.904358
1427158460.705,-26.94629
1427158460.721,-27.251678
1427158460.736,-27.735992
1427158460.752,-28.212402
1427158460.768,-28.434082
1427158460.783,-28.148346
1427158460.799,-27.21228
1427158460.815,-25.618347
1427158460.83,-23.548492
1427158460.846,-21.235138
1427158460.862,-18.894897
1427158460.877,-16.59909
1427158460.893,-14.283264
1427158460.908,-11.785736
1427158460.924,-8.990814
1427158460.94,-5.912903
1427158460.955,-2.7170105
1427158460.971,0.3359375
1427158460.986,3.020935
1427158461.002,5.268036
1427158461.018,7.1745605
1427158461.033,8.96228
1427158461.049,10.869507
1427158461.065,13.04364
1427158461.08,15.47702
1427158461.096,18.03424
1427158461.112,20.494171
1427158461.127,22.695343
1427158461.143,24.576233
1427158461.158,26.228516
1427158461.174,27.833252
1427158461.19,29.650421
1427158461.205,31.91156
1427158461.221,34.74286
1427158461.237,38.097076
1427158461.252,41.674805
1427158461.268,44.884735
1427158461.283,46.950806
1427158461.299,47.080597
1427158461.315,44.779266
1427158461.33,40.004852
1427158461.346,33.21283
1427158461.362,25.218536
1427158461.377,16.903381
1427158461.393,8.9670105
1427158461.408,1.8442383
1427158461.424,-4.279724
1427158461.44,-9.297302
1427158461.455,-13.107483
1427158461.471,-15.617218
1427158461.487,-16.840485
1427158461.502,-16.986603
1427158461.518,-16.442993
1427158461.533,-15.674744
1427158461.549,-15.052246
1427158461.565,-14.77417
1427158461.58,-14.859436
1427158461.596,-15.164429
1427158461.612,-15.547485
1427158461.627,-15.879456
1427158461.643,-16.121368
1427158461.658,-16.296082
1427158461.674,-16.436218
1427158461.69,-16.561249
1427158461.705,-16.635681
1427158461.721,-16.578552
1427158461.737,-16.322845
1427158461.752,-15.831665
1427158461.768,-15.113892
1427158461.783,-14.196381
1427158461.799,-13.107452
1427158461.815,-11.850067
1427158461.83,-10.420898
1427158461.846,-8.845856
1427158461.862,-7.1877747
1427158461.877,-5.515167
1427158461.893,-3.8324585
1427158461.908,-2.044983
1427158461.924,0.014831543
1427158461.94,2.4941406
1427158461.955,5.425049
1427158461.971,8.62146
1427158461.987,11.799377
1427158462.002,14.668884
1427158462.018,17.074066
1427158462.033,19.074127
1427158462.049,20.847382
1427158462.065,22.598816
1427158462.08,24.46225
1427158462.096,26.478546
1427158462.112,28.654602
1427158462.127,30.986969
1427158462.143,33.42456
1427158462.158,35.74637
1427158462.174,37.49649
1427158462.19,38.066223
1427158462.205,36.900665
1427158462.221,33.755585
1427158462.237,28.849945
1427158462.252,22.790497
1427158462.268,16.348999
1427158462.283,10.173431
1427158462.299,4.69162
1427158462.315,0.074279785
1427158462.33,-3.5841675
1427158462.346,-6.214386
1427158462.362,-7.743622
1427158462.377,-8.208527
1427158462.393,-7.8122864
1427158462.408,-6.925873
1427158462.424,-5.970215
1427158462.44,-5.2919006
1427158462.455,-5.0354004
1427158462.471,-5.1753845
1427158462.487,-5.5796204
1427158462.502,-6.1033936
1427158462.518,-6.6452637
1427158462.533,-7.186859
1427158462.549,-7.7213745
1427158462.565,-8.244904
1427158462.58,-8.716309
1427158462.596,-9.058594
1427158462.612,-9.175018
1427158462.627,-8.972748
1427158462.643,-8.402832
1427158462.658,-7.4622803
1427158462.674,-6.2511597
1427158462.69,-4.89563
1427158462.705,-3.5593567
1427158462.721,-2.3577576
1427158462.737,-1.3338623
1427158462.752,-0.4316101
1427158462.768,0.48129272
1427158462.783,1.5533447
1427158462.799,2.875061
1427158462.815,4.4470215
1427158462.83,6.180359
1427158462.846,7.941101
1427158462.862,9.599487
1427158462.877,11.078491
1427158462.893,12.349274
1427158462.908,13.455872
1427158462.924,14.464996
1427158462.94,15.520447
1427158462.955,16.783081
1427158462.971,18.426086
1427158462.987,20.545227
1427158463.002,23.05188
1427158463.018,25.615082
1427158463.033,27.662994
1427158463.049,28.544373
1427158463.065,27.732819
1427158463.08,25.045807
1427158463.096,20.745422
1427158463.112,15.4374695
1427158463.127,9.860443
1427158463.143,4.6292114
1427158463.158,0.09298706
1427158463.174,-3.6827087
1427158463.19,-6.755829
1427158463.205,-9.19046
1427158463.221,-10.939819
1427158463.237,-11.916565
1427158463.252,-12.072784
1427158463.268,-11.562439
1427158463.283,-10.679657
1427158463.299,-9.807648
1427158463.315,-9.233368
1427158463.33,-9.052704
1427158463.346,-9.148773
1427158463.362,-9.273285
1427158463.377,-9.212128
1427158463.393,-8.887299
1427158463.408,-8.415619
1427158463.424,-8.010834
1427158463.44,-7.868622
1427158463.455,-8.023285
1427158463.471,-8.305847
1427158463.487,-8.442963
1427158463.502,-8.148773
1427158463.518,-7.3113403
1427158463.533,-6.002899
1427158463.549,-4.453888
1427158463.565,-2.8896484
1427158463.58,-1.4638977
1427158463.596,-0.1647644
1427158463.612,1.1107483
1427158463.627,2.474762
1427158463.643,4.0177917
1427158463.658,5.7313232
1427158463.674,7.562561
1427158463.69,9.409424
1427158463.705,11.194702
1427158463.721,12.8654785
1427158463.737,14.396332
1427158463.752,15.833832
1427158463.768,17.255646
1427158463.784,18.799744
1427158463.799,20.601105
1427158463.815,22.739716
1427158463.83,25.089813
1427158463.846,27.317627
1427158463.862,28.907135
1427158463.877,29.292358
1427158463.893,28.069977
1427158463.909,25.167084
1427158463.924,20.86087
1427158463.94,15.665985
1427158463.955,10.169678
1427158463.971,4.858734
1427158463.987,0.036834717
1427158464.002,-4.1219177
1427158464.018,-7.4984436
1427158464.034,-9.987732
1427158464.049,-11.52475
1427158464.065,-12.15094
1427158464.08,-12.043488
1427158464.096,-11.465912
1427158464.112,-10.693909
1427158464.127,-9.933624
1427158464.143,-9.302765
1427158464.159,-8.842865
1427158464.174,-8.555939
1427158464.19,-8.43573
1427158464.205,-8.468506
1427158464.221,-8.600861
1427158464.237,-8.731567
1427158464.252,-8.763702
1427158464.268,-8.594574
1427158464.284,-8.219879
1427158464.299,-7.658478
1427158464.315,-6.98114
1427158464.33,-6.2298584
1427158464.346,-5.4222717
1427158464.362,-4.513489
1427158464.377,-3.4501953
1427158464.393,-2.1600952
1427158464.409,-0.60092163
1427158464.424,1.2312317
1427158464.44,3.280487
1427158464.455,5.4604187
1427158464.471,7.633362
1427158464.487,9.699432
1427158464.502,11.57547
1427158464.518,13.261566
1427158464.534,14.771271
1427158464.549,16.199707
1427158464.565,17.67398
1427158464.58,19.394958
1427158464.596,21.570007
1427158464.612,24.307892
1427158464.627,27.483612
1427158464.643,30.64386
1427158464.659,33.038788
1427158464.674,33.864197
1427158464.69,32.539368
1427158464.705,28.979858
1427158464.721,23.627045
1427158464.737,17.289246
1427158464.752,10.830353
1427158464.768,4.910095
1427158464.784,-0.17007446
1427158464.799,-4.351288
1427158464.815,-7.671936
1427158464.83,-10.146973
1427158464.846,-11.742737
1427158464.862,-12.432983
1427158464.877,-12.337341
1427158464.893,-11.6987
1427158464.909,-10.86673
1427158464.924,-10.16333
1427158464.94,-9.809296
1427158464.955,-9.846039
1427158464.971,-10.195374
1427158464.987,-10.686829
1427158465.002,-11.167084
1427158465.018,-11.510925
1427158465.034,-11.678375
1427158465.049,-11.683136
1427158465.065,-11.578461
1427158465.08,-11.403381
1427158465.096,-11.166351
1427158465.112,-10.8168335
1427158465.127,-10.263092
1427158465.143,-9.378082
1427158465.159,-8.055634
1427158465.174,-6.2014465
1427158465.19,-3.7982788
1427158465.205,-0.8847656
1427158465.221,2.37854
1427158465.237,5.7871857
1427158465.252,9.083221
1427158465.268,12.050262
1427158465.284,14.596161
1427158465.299,16.794037
1427158465.315,18.862
1427158465.33,21.117264
1427158465.346,23.850754
1427158465.362,27.233475
1427158465.377,31.148682
1427158465.393,35.20479
1427158465.409,38.68289
1427158465.424,40.75891
1427158465.44,40.677094
1427158465.455,38.02449
1427158465.471,32.874054
1427158465.487,25.802094
1427158465.502,17.667831
1427158465.518,9.401993
1427158465.534,1.717392
1427158465.549,-4.9916534
1427158465.565,-10.570221
1427158465.58,-15.023285
1427158465.596,-18.392319
1427158465.612,-20.708023
1427158465.627,-22.048508
1427158465.643,-22.54596
1427158465.659,-22.434982
1427158465.674,-21.95549
1427158465.69,-21.338196
1427158465.705,-20.733551
1427158465.721,-20.244446
1427158465.737,-19.888184
1427158465.752,-19.687958
1427158465.768,-19.6268
1427158465.784,-19.694336
1427158465.799,-19.858719
1427158465.815,-20.078537
1427158465.83,-20.26886
1427158465.846,-20.31752
1427158465.862,-20.079376
1427158465.877,-19.44326
1427158465.893,-18.341133
1427158465.909,-16.801064
1427158465.924,-14.892593
1427158465.94,-12.694794
1427158465.955,-10.224365
1427158465.971,-7.4503937
1427158465.987,-4.282486
1427158466.002,-0.68668365
1427158466.018,3.302353
1427158466.034,7.554207
1427158466.049,11.870613
1427158466.065,16.046082
1427158466.08,19.924911
1427158466.096,23.443504
1427158466.112,26.655807
1427158466.127,29.757858
1427158466.143,33.069893
1427158466.159,36.928345
1427158466.174,41.59228
1427158466.19,47.05036
1427158466.205,52.910244
1427158466.221,58.31807
1427158466.237,62.12527
1427158466.252,63.151497
1427158466.268,60.586063
1427158466.284,54.24691
1427158466.299,44.703026
1427158466.315,33.081512
1427158466.33,20.752678
1427158466.346,8.900314
1427158466.362,-1.6863117
1427158466.377,-10.708879
1427158466.393,-18.179045
1427158466.409,-24.233318
1427158466.424,-28.938568
1427158466.44,-32.317024
1427158466.456,-34.403915
1427158466.471,-35.375668
1427158466.487,-35.584858
1427158466.502,-35.48371
1427158466.518,-35.48455
1427158466.534,-35.803864
1427158466.549,-36.441517
1427158466.565,-37.192238
1427158466.581,-37.81411
1427158466.596,-38.166706
1427158466.612,-38.223297
1427158466.627,-38.11401
1427158466.643,-37.949505
1427158466.659,-37.771996
1427158466.674,-37.460052
1427158466.69,-36.824276
1427158466.706,-35.646454
1427158466.721,-33.83052
1427158466.737,-31.369179
1427158466.752,-28.376633
1427158466.768,-24.979202
1427158466.784,-21.325165
1427158466.799,-17.541496
1427158466.815,-13.750565
1427158466.831,-10.0692215
1427158466.846,-6.6112213
1427158466.862,-3.3998032
1427158466.877,-0.33660126
1427158466.893,2.7956238
1427158466.909,6.230873
1427158466.924,10.140686
1427158466.94,14.498367
1427158466.956,19.091133
1427158466.971,23.58133
1427158466.987,27.705727
1427158467.002,31.363907
1427158467.018,34.761063
1427158467.034,38.28499
1427158467.049,42.45685
1427158467.065,47.71556
1427158467.081,54.292725
1427158467.096,61.98381
1427158467.112,70.1125
1427158467.127,77.474106
1427158467.143,82.56062
1427158467.159,83.901886
1427158467.174,80.4922
1427158467.19,72.1396
1427158467.206,59.551636
1427158467.221,44.12178
1427158467.237,27.509567
1427158467.252,11.228439
1427158467.268,-3.6276093
1427158467.284,-16.486206
1427158467.299,-27.110703
1427158467.315,-35.514877
1427158467.331,-41.796585
1427158467.346,-46.13922
1427158467.362,-48.79135
1427158467.377,-50.125748
1427158467.393,-50.532227
1427158467.409,-50.451797
1427158467.424,-50.27362
1427158467.44,-50.271973
1427158467.456,-50.580994
1427158467.471,-51.18553
1427158467.487,-51.949265
1427158467.502,-52.695297
1427158467.518,-53.262863
1427158467.534,-53.563126
1427158467.549,-53.54651
1427158467.565,-53.1933
1427158467.581,-52.4386
1427158467.596,-51.222687
1427158467.612,-49.46884
1427158467.627,-47.17746
1427158467.643,-44.398285
1427158467.659,-41.252167
1427158467.674,-37.821777
1427158467.69,-34.154053
1427158467.706,-30.23108
1427158467.721,-26.01651
1427158467.737,-21.532227
1427158467.752,-16.893127
1427158467.768,-12.275482
1427158467.784,-7.8673706
1427158467.799,-3.7631836
1427158467.815,0.10891724
1427158467.831,3.963501
1427158467.846,8.061096
1427158467.862,12.585541
1427158467.877,17.529419
1427158467.893,22.682983
1427158467.909,27.670837
1427158467.924,32.164093
1427158467.94,36.025116
1427158467.956,39.4093
1427158467.971,42.77292
1427158467.987,46.735474
1427158468.002,51.918793
1427158468.018,58.680573
1427158468.034,66.865234
1427158468.049,75.66394
1427158468.065,83.63599
1427158468.081,88.960236
1427158468.096,89.92093
1427158468.112,85.42926
1427158468.127,75.372345
1427158468.143,60.68927
1427158468.159,43.055878
1427158468.174,24.399231
1427158468.19,6.3964233
1427158468.206,-9.7778015
1427158468.221,-23.496124
1427158468.237,-34.52408
1427158468.252,-42.83374
1427158468.268,-48.49478
1427158468.284,-51.699738
1427158468.299,-52.818512
1427158468.315,-52.40573
1427158468.331,-51.128754
1427158468.346,-49.692963
1427158468.362,-48.639954
1427158468.377,-48.284668
1427158468.393,-48.60327
1427158468.409,-49.345154
1427158468.424,-50.121582
1427158468.44,-50.63321
1427158468.456,-50.769012
1427158468.471,-50.658966
1427158468.487,-50.527954
1427158468.502,-50.51999
1427158468.518,-50.52884
1427158468.534,-50.164032
1427158468.549,-48.899963
1427158468.565,-46.317383
1427158468.581,-42.325806
1427158468.596,-37.240692
1427158468.612,-31.65567
1427158468.627,-26.21466
1427158468.643,-21.314331
1427158468.659,-17.007355
1427158468.674,-13.006683
1427158468.69,-8.892273
1427158468.706,-4.291443
1427158468.721,0.92596436
1427158468.737,6.6057434
1427158468.752,12.386658
1427158468.768,17.828918
1427158468.784,22.60669
1427158468.799,26.600159
1427158468.815,29.955566
1427158468.831,33.06662
1427158468.846,36.474396
1427158468.862,40.777405
1427158468.877,46.44052
1427158468.893,53.612427
1427158468.909,61.915894
1427158468.924,70.35257
1427158468.94,77.36557
1427158468.956,81.15216
1427158468.971,80.14969
1427158468.987,73.54312
1427158469.002,61.578064
1427158469.018,45.532166
1427158469.034,27.31015
1427158469.049,8.911865
1427158469.065,-8.084961
1427158469.081,-22.737152
1427158469.096,-34.70392
1427158469.112,-43.971466
1427158469.128,-50.668793
1427158469.143,-54.924866
1427158469.159,-56.930267
1427158469.174,-57.02838
1427158469.19,-55.806976
1427158469.206,-53.995758
1427158469.221,-52.303772
1427158469.237,-51.226105
1427158469.253,-50.915924
1427158469.268,-51.195587
1427158469.284,-51.688385
1427158469.299,-52.01181
1427158469.315,-51.95395
1427158469.331,-51.505035
1427158469.346,-50.80768
1427158469.362,-49.97061
1427158469.378,-48.956635
1427158469.393,-47.526093
1427158469.409,-45.340973
1427158469.424,-42.125
1427158469.44,-37.852905
1427158469.456,-32.766693
1427158469.471,-27.335236
1427158469.487,-22.040161
1427158469.503,-17.220184
1427158469.518,-12.895294
1427158469.534,-8.81012
1427158469.549,-4.5300293
1427158469.565,0.34262085
1427158469.581,5.970154
1427158469.596,12.187775
1427158469.612,18.564423
1427158469.628,24.567963
1427158469.643,29.788208
1427158469.659,34.098938
1427158469.674,37.73706
1427158469.69,41.221405
1427158469.706,45.229492
1427158469.721,50.375366
1427158469.737,57.00769
1427158469.753,65.014984
1427158469.768,73.671234
1427158469.784,81.66867
1427158469.799,87.29324
1427158469.815,88.84836
1427158469.831,85.15381
1427158469.846,75.973724
1427158469.862,62.089417
1427158469.878,45.105286
1427158469.893,26.941254
1427158469.909,9.298492
1427158469.924,-6.6849365
1427158469.94,-20.499939
1427158469.956,-32.04532
1427158469.971,-41.40262
1427158469.987,-48.58377
1427158470.003,-53.59488
1427158470.018,-56.470306
1427158470.034,-57.469543
1427158470.049,-57.062836
1427158470.065,-55.879425
1427158470.081,-54.501495
1427158470.096,-53.364532
1427158470.112,-52.61969
1427158470.128,-52.20703
1427158470.143,-51.92624
1427158470.159,-51.563507
1427158470.174,-51.0058
1427158470.19,-50.25302
1427158470.206,-49.388
1427158470.221,-48.473755
1427158470.237,-47.459137
1427158470.253,-46.127594
1427158470.268,-44.15985
1427158470.284,-41.263702
1427158470.299,-37.31183
1427158470.315,-32.43741
1427158470.331,-27.001495
1427158470.346,-21.486511
1427158470.362,-16.324493
1427158470.378,-11.760498
1427158470.393,-7.810272
1427158470.409,-4.276581
1427158470.424,-0.8406067
1427158470.44,2.8486633
1427158470.456,7.0952454
1427158470.471,12.040436
1427158470.487,17.602417
1427158470.503,23.5018
1427158470.518,29.287842
1427158470.534,34.568817
1427158470.549,39.138733
1427158470.565,43.083862
1427158470.581,46.780945
1427158470.596,50.77112
1427158470.612,55.625946
1427158470.628,61.747894
1427158470.643,69.21835
1427158470.659,77.56793
1427158470.674,85.68399
1427158470.69,91.905975
1427158470.706,94.35916
1427158470.721,91.5155
1427158470.737,82.77298
1427158470.753,68.76938
1427158470.768,51.21283
1427158470.784,32.334473
1427158470.799,14.156677
1427158470.815,-2.02182
1427158470.831,-15.772644
1427158470.846,-27.23294
1427158470.862,-36.704926
1427158470.878,-44.302917
1427158470.893,-49.935394
1427158470.909,-53.490143
1427158470.924,-55.09787
1427158470.94,-55.22168
1427158470.956,-54.571777
1427158470.971,-53.838623
1427158470.987,-53.456573
1427158471.003,-53.494263
1427158471.018,-53.73532
1427158471.034,-53.88031
1427158471.049,-53.75836
1427158471.065,-53.357727
1427158471.081,-52.803864
1427158471.096,-52.177338
1427158471.112,-51.43576
1427158471.128,-50.379395
1427158471.143,-48.744324
1427158471.159,-46.32538
1427158471.174,-43.07556
1427158471.19,-39.084717
1427158471.206,-34.534393
1427158471.221,-29.625183
1427158471.237,-24.563232
1427158471.253,-19.501709
1427158471.268,-14.625
1427158471.284,-10.069153
1427158471.299,-5.909424
1427158471.315,-2.1006165
1427158471.331,1.497406
1427158471.346,5.1227417
1427158471.362,8.967346
1427158471.378,13.133606
1427158471.393,17.576721
1427158471.409,22.131378
1427158471.424,26.58731
1427158471.44,30.788391
1427158471.456,34.68927
1427158471.471,38.357117
1427158471.487,41.951416
1427158471.503,45.739502
1427158471.518,50.048035
1427158471.534,55.256927
1427158471.549,61.63626
1427158471.565,69.0741
1427158471.581,76.79196
1427158471.596,83.325195
1427158471.612,86.74948
1427158471.628,85.35913
1427158471.643,78.324524
1427158471.659,66.100555
1427158471.674,50.28235
1427158471.69,33.050476
1427158471.706,16.382996
1427158471.721,1.541565
1427158471.737,-11.0448
1427158471.753,-21.476807
1427158471.768,-29.98291
1427158471.784,-36.628906
1427158471.8,-41.38492
1427158471.815,-44.237946
1427158471.831,-45.455475
1427158471.846,-45.523865
1427158471.862,-45.045105
1427158471.878,-44.500763
1427158471.893,-44.166992
1427158471.909,-44.062073
1427158471.924,-44.08893
1427158471.94,-44.117096
1427158471.956,-44.060547
1427158471.971,-43.87973
1427158471.987,-43.557373
1427158472.003,-43.046356
1427158472.018,-42.26645
1427158472.034,-41.157623
1427158472.05,-39.690826
1427158472.065,-37.838654
1427158472.081,-35.61508
1427158472.096,-32.99388
1427158472.112,-29.940277
1427158472.128,-26.40158
1427158472.143,-22.39029
1427158472.159,-17.992966
1427158472.175,-13.414398
1427158472.19,-8.889877
1427158472.206,-4.6497345
1427158472.221,-0.8132324
1427158472.237,2.63385
1427158472.253,5.830124
1427158472.268,8.984009
1427158472.284,12.301361
1427158472.3,15.918533
1427158472.315,19.85559
1427158472.331,24.011963
1427158472.346,28.18718
1427158472.362,32.13463
1427158472.378,35.675705
1427158472.393,38.752594
1427158472.409,41.500946
1427158472.425,44.21997
1427158472.44,47.338135
1427158472.456,51.313034
1427158472.471,56.487946
1427158472.487,62.911057
1427158472.503,70.10086
1427158472.518,76.99255
1427158472.534,82.01817
1427158472.55,83.524
1427158472.565,80.308136
1427158472.581,72.07864
1427158472.596,59.608902
1427158472.612,44.483383
1427158472.628,28.571396
1427158472.643,13.412521
1427158472.659,-0.04727173
1427158472.675,-11.4496765
1427158472.69,-20.73793
1427158472.706,-27.89856
1427158472.721,-32.847137
1427158472.737,-35.57509
1427158472.753,-36.320404
1427158472.768,-35.634567
1427158472.784,-34.274185
1427158472.8,-32.963272
1427158472.815,-32.152237
1427158472.831,-31.935135
1427158472.846,-32.12259
1427158472.862,-32.443024
1427158472.878,-32.701828
1427158472.893,-32.89119
1427158472.909,-33.10829
1427158472.925,-33.46396
1427158472.94,-33.90718
1427158472.956,-34.19635
1427158472.971,-33.9554
1427158472.987,-32.828506
1427158473.003,-30.623291
1427158473.018,-27.4431
1427158473.034,-23.629517
1427158473.05,-19.639923
1427158473.065,-15.820465
1427158473.081,-12.267731
1427158473.096,-8.768784
1427158473.112,-4.941742
1427158473.128,-0.4329834
1427158473.143,4.8447876
1427158473.159,10.619644
1427158473.175,16.368011
1427158473.19,21.544418
1427158473.206,25.812698
1427158473.221,29.213104
1427158473.237,32.11075
1427158473.253,35.07196
1427158473.268,38.65526
1427158473.284,43.301186
1427158473.3,49.19938
1427158473.315,56.15992
1427158473.331,63.47489
1427158473.346,69.91205
1427158473.362,73.870224
1427158473.378,73.8826
1427158473.393,69.08691
1427158473.409,59.658165
1427158473.425,46.74427
1427158473.44,32.111427
1427158473.456,17.477394
1427158473.471,4.067772
1427158473.487,-7.571533
1427158473.503,-17.375412
1427158473.518,-25.445358
1427158473.534,-31.806633
1427158473.55,-36.410683
1427158473.565,-39.248695
1427158473.581,-40.52202
1427158473.596,-40.637535
1427158473.612,-40.124367
1427158473.628,-39.454758
1427158473.643,-38.929848
1427158473.659,-38.646996
1427158473.675,-38.552856
1427158473.69,-38.48256
1427158473.706,-38.29242
1427158473.721,-37.890663
1427158473.737,-37.29152
1427158473.753,-36.601593
1427158473.768,-35.943604
1427158473.784,-35.33825
1427158473.8,-34.598114
1427158473.815,-33.35324
1427158473.831,-31.193298
1427158473.846,-27.833466
1427158473.862,-23.33419
1427158473.878,-18.103615
1427158473.893,-12.780289
1427158473.909,-7.9251404
1427158473.925,-3.7986145
1427158473.94,-0.23646545
1427158473.956,3.1981964
1427158473.971,6.998657
1427158473.987,11.403549
1427158474.003,16.341736
1427158474.018,21.4365
1427158474.034,26.243431
1427158474.05,30.42807
1427158474.065,33.901855
1427158474.081,36.86138
1427158474.096,39.678246
1427158474.112,42.829838
1427158474.128,46.798275
1427158474.143,51.966125
1427158474.159,58.465965
1427158474.175,65.95599
1427158474.19,73.52133
1427158474.206,79.6629
1427158474.221,82.6712
1427158474.237,81.10469
1427158474.253,74.36311
1427158474.268,62.911995
1427158474.284,48.202164
1427158474.3,32.149857
1427158474.315,16.534386
1427158474.331,2.547264
1427158474.346,-9.317802
1427158474.362,-19.076439
1427158474.378,-26.932568
1427158474.393,-33.03065
1427158474.409,-37.454403
1427158474.425,-40.292423
1427158474.44,-41.806007
1427158474.456,-42.443798
1427158474.472,-42.718147
1427158474.487,-43.039715
1427158474.503,-43.579426
1427158474.518,-44.26236
1427158474.534,-44.847878
1427158474.55,-45.115513
1427158474.565,-44.950333
1427158474.581,-44.429882
1427158474.596,-43.725388
1427158474.612,-42.98661
1427158474.628,-42.20943
1427158474.643,-41.23285
1427158474.659,-39.792187
1427158474.675,-37.70931
1427158474.69,-34.93276
1427158474.706,-31.60741
1427158474.722,-27.939388
1427158474.737,-24.100628
1427158474.753,-20.158611
1427158474.768,-16.110693
1427158474.784,-11.971226
1427158474.8,-7.8147163
1427158474.815,-3.8109684
1427158474.831,-0.10856438
1427158474.847,3.2896118
1427158474.862,6.5130367
1427158474.878,9.83824
1427158474.893,13.512571
1427158474.909,17.637604
1427158474.925,22.114618
1427158474.94,26.672842
1427158474.956,31.010231
1427158474.972,34.91063
1427158474.987,38.343933
1427158475.003,41.49066
1427158475.018,44.640446
1427158475.034,48.186806
1427158475.05,52.479572
1427158475.065,57.790653
1427158475.081,64.17243
1427158475.097,71.28079
1427158475.112,78.2449
1427158475.128,83.69866
1427158475.143,86.06038
1427158475.159,84.01544
1427158475.175,76.98806
1427158475.19,65.449234
1427158475.206,50.74963
1427158475.222,34.737526
1427158475.237,19.111963
1427158475.253,5.0283966
1427158475.268,-7.0267262
1427158475.284,-17.080032
1427158475.3,-25.34491
1427158475.315,-31.981926
1427158475.331,-37.049194
1427158475.347,-40.550438
1427158475.362,-42.625202
1427158475.378,-43.569927
1427158475.393,-43.824875
1427158475.409,-43.849155
1427158475.425,-43.9717
1427158475.44,-44.34404
1427158475.456,-44.940353
1427158475.472,-45.579487
1427158475.487,-46.10174
1427158475.503,-46.41143
1427158475.518,-46.48439
1427158475.534,-46.32609
1427158475.55,-45.896694
1427158475.565,-45.070885
1427158475.581,-43.683144
1427158475.597,-41.609463
1427158475.612,-38.813847
1427158475.628,-35.36273
1427158475.643,-31.375214
1427158475.659,-26.954304
1427158475.675,-22.207758
1427158475.69,-17.2417
1427158475.706,-12.263945
1427158475.722,-7.520422
1427158475.737,-3.2699246
1427158475.753,0.3764906
1427158475.768,3.487546
1427158475.784,6.3221607
1427158475.8,9.239979
1427158475.815,12.532107
1427158475.831,16.303871
1427158475.847,20.4677
1427158475.862,24.774313
1427158475.878,28.93283
1427158475.893,32.71182
1427158475.909,36.047916
1427158475.925,39.035397
1427158475.94,41.98645
1427158475.956,45.31806
1427158475.972,49.486588
1427158475.987,54.851807
1427158476.003,61.45584
1427158476.018,68.85572
1427158476.034,76.028015
1427158476.05,81.4964
1427158476.065,83.64329
1427158476.081,81.23552
1427158476.097,73.860916
1427158476.112,62.100586
1427158476.128,47.38656
1427158476.143,31.516474
1427158476.159,16.128773
1427158476.175,2.3058472
1427158476.19,-9.4596615
1427158476.206,-19.13493
1427158476.222,-26.836134
1427158476.237,-32.668762
1427158476.253,-36.67849
1427158476.268,-38.950153
1427158476.284,-39.72098
1427158476.3,-39.389072
1427158476.315,-38.470764
1427158476.331,-37.460075
1427158476.347,-36.724335
1427158476.362,-36.40914
1427158476.378,-36.46147
1427158476.393,-36.701706
1427158476.409,-36.904655
1427158476.425,-36.953106
1427158476.44,-36.807693
1427158476.456,-36.55596
1427158476.472,-36.25453
1427158476.487,-35.869835
1427158476.503,-35.17705
1427158476.518,-33.87545
1427158476.534,-31.670166
1427158476.55,-28.442387
1427158476.565,-24.323544
1427158476.581,-19.674004
1427158476.597,-14.96346
1427158476.612,-10.553387
1427158476.628,-6.5715685
1427158476.643,-2.8694983
1427158476.659,0.89029026
1427158476.675,5.0381174
1427158476.69,9.705246
1427158476.706,14.718038
1427158476.722,19.67958
1427158476.737,24.144043
1427158476.753,27.834644
1427158476.768,30.759712
1427158476.784,33.219757
1427158476.8,35.685623
1427158476.815,38.679924
1427158476.831,42.667053
1427158476.847,47.930305
1427158476.862,54.426937
1427158476.878,61.640865
1427158476.893,68.44628
1427158476.909,73.27642
1427158476.925,74.48047
1427158476.94,70.87959
1427158476.956,62.220654
1427158476.972,49.353542
1427158476.987,33.948544
1427158477.003,17.94253
1427158477.018,2.9643874
1427158477.034,-10.021839
1427158477.05,-20.718134
1427158477.065,-29.213762
1427158477.081,-35.705273
1427158477.097,-40.33308
1427158477.112,-43.20169
1427158477.128,-44.4868
1427158477.143,-44.56126
1427158477.159,-43.949596
1427158477.175,-43.208805
1427158477.19,-42.766487
1427158477.206,-42.810715
1427158477.222,-43.279324
1427158477.237,-43.94507
1427158477.253,-44.548115
1427158477.268,-44.903114
1427158477.284,-44.946518
1427158477.3,-44.715225
1427158477.315,-44.237114
1427158477.331,-43.475964
1427158477.347,-42.277634
1427158477.362,-40.4958
1427158477.378,-38.02617
1427158477.394,-34.946617
1427158477.409,-31.458473
1427158477.425,-27.840889
1427158477.44,-24.253826
1427158477.456,-20.699362
1427158477.472,-17.024178
1427158477.487,-13.051595
1427158477.503,-8.734286
1427158477.519,-4.229539
1427158477.534,0.1629448
1427158477.55,4.1446714
1427158477.565,7.5932674
1427158477.581,10.638209
1427158477.597,13.591394
1427158477.612,16.782484
1427158477.628,20.435621
1427158477.644,24.546227
1427158477.659,28.911703
1427158477.675,33.225296
1427158477.69,37.20269
1427158477.706,40.693977
1427158477.722,43.80274
1427158477.737,46.842148
1427158477.753,50.280807
1427158477.769,54.62475
1427158477.784,60.242653
1427158477.8,67.178185
1427158477.815,74.97266
1427158477.831,82.59139
1427158477.847,88.525276
1427158477.862,91.08627
1427158477.878,88.8947
1427158477.894,81.364655
1427158477.909,68.95459
1427158477.925,53.07475
1427158477.94,35.69951
1427158477.956,18.74371
1427158477.972,3.5679579
1427158477.987,-9.224645
1427158478.003,-19.664558
1427158478.019,-28.105488
1427158478.034,-34.852592
1427158478.05,-40.04918
1427158478.065,-43.69845
1427158478.081,-45.837833
1427158478.097,-46.660667
1427158478.112,-46.59
1427158478.128,-46.1492
1427158478.144,-45.82668
1427158478.159,-45.899563
1427158478.175,-46.394173
1427158478.19,-47.11253
1427158478.206,-47.812714
1427158478.222,-48.320145
1427158478.237,-48.627556
1427158478.253,-48.82731
1427158478.269,-48.981728
1427158478.284,-48.982426
1427158478.3,-48.531574
1427158478.315,-47.24904
1427158478.331,-44.906837
1427158478.347,-41.512188
1427158478.362,-37.408966
1427158478.378,-33.051315
1427158478.394,-28.823183
1427158478.409,-24.833797
1427158478.425,-20.951292
1427158478.44,-16.9274
1427158478.456,-12.611417
1427158478.472,-8.052907
1427158478.487,-3.5043263
1427158478.503,0.7700033
1427158478.519,4.6506968
1427158478.534,8.2538805
1427158478.55,11.864253
1427158478.565,15.770042
1427158478.581,20.131409
1427158478.597,24.868563
1427158478.612,29.737461
1427158478.628,34.433598
1427158478.644,38.720116
1427158478.659,42.52768
1427158478.675,45.965584
1427158478.69,49.377964
1427158478.706,53.214317
1427158478.722,57.982674
1427158478.737,63.99399
1427158478.753,71.13063
1427158478.769,78.61052
1427158478.784,85.0053
1427158478.8,88.54184
1427158478.815,87.623215
1427158478.831,81.41271
1427158478.847,70.17234
1427158478.862,55.20348
1427158478.878,38.407307
1427158478.894,21.691046
1427158478.909,6.422443
1427158478.925,-6.7484064
1427158478.94,-17.748026
1427158478.956,-26.788168
1427158478.972,-34.006546
1427158478.987,-39.433453
1427158479.003,-43.020405
1427158479.019,-44.86156
1427158479.034,-45.281406
1427158479.05,-44.83368
1427158479.065,-44.149364
1427158479.081,-43.75413
1427158479.097,-43.919632
1427158479.112,-44.623398
1427158479.128,-45.615295
1427158479.144,-46.546986
1427158479.159,-47.12741
1427158479.175,-47.23035
1427158479.19,-46.878098
1427158479.206,-46.184258
1427158479.222,-45.259598
1427158479.237,-44.139404
1427158479.253,-42.74426
1427158479.269,-40.94318
1427158479.284,-38.591095
1427158479.3,-35.610992
1427158479.315,-32.019413
1427158479.331,-27.93591
1427158479.347,-23.558498
1427158479.362,-19.126617
1427158479.378,-14.862085
1427158479.394,-10.894442
1427158479.409,-7.1853385
1427158479.425,-3.5607417
1427158479.44,0.24414873
1427158479.456,4.4273796
1427158479.472,9.062154
1427158479.487,13.981857
1427158479.503,18.945637
1427158479.519,23.65895
1427158479.534,27.948673
1427158479.55,31.805828
1427158479.565,35.371956
1427158479.581,38.88548
1427158479.597,42.689503
1427158479.612,47.169456
1427158479.628,52.680317
1427158479.644,59.384083
1427158479.659,67.007576
1427158479.675,74.65123
1427158479.69,80.84065
1427158479.706,83.83445
1427158479.722,82.17386
1427158479.737,75.234184
1427158479.753,63.524258
1427158479.769,48.52842
1427158479.784,32.251747
1427158479.8,16.542227
1427158479.815,2.6553578
1427158479.831,-8.914794
1427158479.847,-18.207323
1427158479.862,-25.495317
1427158479.878,-30.991203
1427158479.894,-34.77377
1427158479.909,-36.91631
1427158479.925,-37.640526
1427158479.94,-37.38374
1427158479.956,-36.735058
1427158479.972,-36.20053
1427158479.987,-36.085785
1427158480.003,-36.378975
1427158480.019,-36.881657
1427158480.034,-37.345512
1427158480.05,-37.647938
1427158480.066,-37.7881
1427158480.081,-37.897285
1427158480.097,-38.03712
1427158480.112,-38.16201
1427158480.128,-38.020695
1427158480.144,-37.300003
1427158480.159,-35.710655
1427158480.175,-33.14627
1427158480.191,-29.731667
1427158480.206,-25.760098
1427158480.222,-21.580883
1427158480.237,-17.436567
1427158480.253,-13.377499
1427158480.269,-9.234173
1427158480.284,-4.7237396
1427158480.3,0.36770058
1427158480.316,6.035282
1427158480.331,11.971054
1427158480.347,17.665009
1427158480.362,22.636053
1427158480.378,26.661617
1427158480.394,29.90084
1427158480.409,32.87055
1427158480.425,36.257896
1427158480.441,40.674637
1427158480.456,46.46422
1427158480.472,53.4988
1427158480.487,61.1156
1427158480.503,68.12614
1427158480.519,72.982506
1427158480.534,74.13942
1427158480.55,70.531235
1427158480.566,61.998444
1427158480.581,49.401024
1427158480.597,34.420002
1427158480.612,18.958103
1427158480.628,4.5812187
1427158480.644,-7.853855
1427158480.659,-18.168636
1427158480.675,-26.58104
1427158480.691,-33.30594
1427158480.706,-38.392353
1427158480.722,-41.7827
1427158480.737,-43.479874
1427158480.753,-43.730965
1427158480.769,-43.03363
1427158480.784,-41.988136
1427158480.8,-41.11245
1427158480.816,-40.69921
1427158480.831,-40.77124
1427158480.847,-41.152157
1427158480.862,-41.59449
1427158480.878,-41.878925
1427158480.894,-41.909298
1427158480.909,-41.720757
1427158480.925,-41.417137
1427158480.941,-41.063103
1427158480.956,-40.59477
1427158480.972,-39.798317
1427158480.987,-38.35907
1427158481.003,-36.006348
1427158481.019,-32.612953
1427158481.034,-28.281855
1427158481.05,-23.334122
1427158481.066,-18.19243
1427158481.081,-13.286364
1427158481.097,-8.873768
1427158481.112,-4.974367
1427158481.128,-1.359127
1427158481.144,2.3166924
1427158481.159,6.4094925
1427158481.175,11.080616
1427158481.191,16.226997
1427158481.206,21.5106
1427158481.222,26.490002
1427158481.237,30.83051
1427158481.253,34.450554
1427158481.269,37.566113
1427158481.284,40.630363
1427158481.3,44.20604
1427158481.316,48.822823
1427158481.331,54.788467
1427158481.347,62.042175
1427158481.362,69.98164
1427158481.378,77.43048
1427158481.394,82.80569
1427158481.409,84.48903
1427158481.425,81.301476
1427158481.441,72.96728
1427158481.456,60.242687
1427158481.472,44.707573
1427158481.487,28.284946
1427158481.503,12.68647
1427158481.519,-0.9893627
1427158481.534,-12.340142
1427158481.55,-21.485214
1427158481.566,-28.74425
1427158481.581,-34.394295
1427158481.597,-38.57833
1427158481.612,-41.366657
1427158481.628,-42.89607
1427158481.644,-43.464558
1427158481.659,-43.479828
1427158481.675,-43.36875
1427158481.691,-43.407627
1427158481.706,-43.657833
1427158481.722,-43.9982
1427158481.737,-44.262703
1427158481.753,-44.368305
1427158481.769,-44.35712
1427158481.784,-44.32733
1427158481.8,-44.33153
1427158481.816,-44.26792
1427158481.831,-43.90962
1427158481.847,-42.960426
1427158481.862,-41.193314
1427158481.878,-38.51768
1427158481.894,-34.988464
1427158481.909,-30.76588
1427158481.925,-26.098724
1427158481.941,-21.230326
1427158481.956,-16.414564
1427158481.972,-11.835357
1427158481.987,-7.5889797
1427158482.003,-3.6518807
1427158482.019,0.098278046
1427158482.034,3.8422062
1427158482.05,7.7184916
1427158482.066,11.840335
1427158482.081,16.202501
1427158482.097,20.736471
1427158482.112,25.255672
1427158482.128,29.560572
1427158482.144,33.47745
1427158482.159,36.939835
1427158482.175,40.03265
1427158482.191,43.00343
1427158482.206,46.249256
1427158482.222,50.218334
1427158482.237,55.25378
1427158482.253,61.347504
1427158482.269,67.94312
1427158482.284,73.83556
1427158482.3,77.40671
1427158482.316,77.07332
1427158482.331,71.87728
1427158482.347,61.926212
1427158482.362,48.380173
1427158482.378,33.07663
1427158482.394,17.876492
1427158482.409,4.1354017
1427158482.425,-7.5764847
1427158482.441,-17.277632
1427158482.456,-25.258175
1427158482.472,-31.726252
1427158482.487,-36.73039
1427158482.503,-40.237385
1427158482.519,-42.309208
1427158482.534,-43.211018
1427158482.55,-43.359825
1427158482.566,-43.214638
1427158482.581,-43.132313
1427158482.597,-43.279526
1427158482.612,-43.643265
1427158482.628,-44.062523
1427158482.644,-44.32274
1427158482.659,-44.231213
1427158482.675,-43.706543
1427158482.691,-42.779957
1427158482.706,-41.575424
1427158482.722,-40.208336
1427158482.738,-38.731384
1427158482.753,-37.07447
1427158482.769,-35.10427
1427158482.784,-32.699112
1427158482.8,-29.765236
1427158482.816,-26.309078
1427158482.831,-22.416454
1427158482.847,-18.265154
1427158482.862,-14.05065
1427158482.878,-9.978775
1427158482.894,-6.1776676
1427158482.909,-2.651556
1427158482.925,0.73745155
1427158482.941,4.2241554
1427158482.956,8.019724
1427158482.972,12.19194
1427158482.988,16.601942
1427158483.003,20.962938
1427158483.019,24.952307
1427158483.034,28.395693
1427158483.05,31.318647
1427158483.066,33.939762
1427158483.081,36.54718
1427158483.097,39.44269
1427158483.113,42.885498
1427158483.128,47.151928
1427158483.144,52.454792
1427158483.159,58.782444
1427158483.175,65.67208
1427158483.191,72.06976
1427158483.206,76.4218
1427158483.222,77.13131
1427158483.238,73.11477
1427158483.253,64.2709
1427158483.269,51.571484
1427158483.284,36.76252
1427158483.3,21.756416
1427158483.316,8.083996
1427158483.331,-3.432125
1427158483.347,-12.637138
1427158483.363,-19.79472
1427158483.378,-25.24459
1427158483.394,-29.219723
1427158483.409,-31.81142
1427158483.425,-33.100765
1427158483.441,-33.272972
1427158483.456,-32.662483
1427158483.472,-31.756859
1427158483.488,-31.048595
1427158483.503,-30.85952
1427158483.519,-31.252445
1427158483.534,-32.020565
1427158483.55,-32.841072
1427158483.566,-33.434467
1427158483.581,-33.70882
1427158483.597,-33.75261
1427158483.613,-33.71953
1427158483.628,-33.638123
1427158483.644,-33.337452
1427158483.659,-32.517292
1427158483.675,-30.900055
1427158483.691,-28.400257
1427158483.706,-25.201283
1427158483.722,-21.613049
1427158483.738,-17.902794
1427158483.753,-14.112301
1427158483.769,-10.083691
1427158483.784,-5.5461464
1427158483.8,-0.4071083
1427158483.816,5.1956215
1427158483.831,10.831284
1427158483.847,16.013256
1427158483.863,20.376236
1427158483.878,23.902023
1427158483.894,26.900162
1427158483.909,29.917656
1427158483.925,33.540127
1427158483.941,38.240417
1427158483.956,44.216618
1427158483.972,51.294746
1427158483.988,58.768074
1427158484.003,65.447975
1427158484.019,69.7932
1427158484.034,70.34444
1427158484.05,66.195946
1427158484.066,57.407906
1427158484.081,45.027145
1427158484.097,30.803196
1427158484.113,16.552017
1427158484.128,3.6779594
1427158484.144,-7.183567
1427158484.159,-16.033836
1427158484.175,-23.20345
1427158484.191,-28.966278
1427158484.206,-33.379642
1427158484.222,-36.358395
1427158484.238,-37.866894
1427158484.253,-38.114647
1427158484.269,-37.56367
1427158484.284,-36.804962
1427158484.3,-36.338375
1427158484.316,-36.378155
1427158484.331,-36.809505
1427158484.347,-37.301983
1427158484.363,-37.558197
1427158484.378,-37.410023
1427158484.394,-36.96731
1427158484.409,-36.435154
1427158484.425,-35.99719
1427158484.441,-35.618294
1427158484.456,-35.013866
1427158484.472,-33.755505
1427158484.488,-31.513477
1427158484.503,-28.204773
1427158484.519,-24.078865
1427158484.534,-19.622757
1427158484.55,-15.311924
1427158484.566,-11.377487
1427158484.581,-7.6969643
1427158484.597,-3.9013405
1427158484.613,0.40750504
1427158484.628,5.4099884
1427158484.644,10.948254
1427158484.659,16.600376
1427158484.675,21.857727
1427158484.691,26.37352
1427158484.706,30.085346
1427158484.722,33.232147
1427158484.738,36.245033
1427158484.753,39.609356
1427158484.769,43.749737
1427158484.784,48.97213
1427158484.8,55.272972
1427158484.816,62.25745
1427158484.831,68.97333
1427158484.847,74.01561
1427158484.863,75.81705
1427158484.878,73.19771
1427158484.894,65.79726
1427158484.909,54.34655
1427158484.925,40.420933
1427158484.941,25.90924
1427158484.956,12.409641
1427158484.972,0.78964615
1427158484.988,-8.820961
1427158485.003,-16.750927
1427158485.019,-23.355911
1427158485.034,-28.760773
1427158485.05,-32.85843
1427158485.066,-35.489037
1427158485.081,-36.718204
1427158485.097,-36.908405
1427158485.113,-36.65499
1427158485.128,-36.51266
1427158485.144,-36.794037
1427158485.159,-37.43002
1427158485.175,-38.095528
1427158485.191,-38.404034
1427158485.206,-38.161285
1427158485.222,-37.45271
1427158485.238,-36.59151
1427158485.253,-35.877274
1427158485.269,-35.425823
1427158485.284,-35.043488
1427158485.3,-34.335564
1427158485.316,-32.874516
1427158485.331,-30.440895
1427158485.347,-27.087978
1427158485.363,-23.14117
1427158485.378,-19.024448
1427158485.394,-15.104839
1427158485.41,-11.5631485
1427158485.425,-8.344391
1427158485.441,-5.174179
1427158485.456,-1.6962166
1427158485.472,2.3813324
1427158485.488,7.1594734
1427158485.503,12.452145
1427158485.519,17.830898
1427158485.534,22.812977
1427158485.55,27.02444
1427158485.566,30.388714
1427158485.581,33.147263
1427158485.597,35.78488
1427158485.613,38.877876
1427158485.628,42.95865
1427158485.644,48.364365
1427158485.66,55.075294
1427158485.675,62.52358
1427158485.691,69.5871
1427158485.706,74.65314
1427158485.722,76.08705
1427158485.738,72.72323
1427158485.753,64.36953
1427158485.769,51.907085
1427158485.785,37.056717
1427158485.8,21.775028
1427158485.816,7.678425
1427158485.831,-4.3723907
1427158485.847,-14.26963
1427158485.863,-22.405651
1427158485.878,-29.250965
1427158485.894,-35.116554
1427158485.91,-40.072426
1427158485.925,-44.099934
1427158485.941,-47.279488
1427158485.956,-49.895836
1427158485.972,-52.369976
1427158485.988,-55.087646
1427158486.003,-58.15489
1427158486.019,-61.322247
1427158486.035,-64.025955
1427158486.05,-65.604675
1427158486.066,-65.50015
1427158486.081,-63.469418
1427158486.097,-59.54734
1427158486.113,-54.011047
1427158486.128,-47.264427
1427158486.144,-39.791725
1427158486.16,-32.132534
1427158486.175,-24.907963
1427158486.191,-18.715107
1427158486.206,-14.098061
1427158486.222,-11.387344
1427158486.238,-10.638203
1427158486.253,-11.533466
1427158486.269,-13.422646
1427158486.285,-15.3847885
1427158486.3,-16.40194
1427158486.316,-15.586906
1427158486.331,-12.499458
1427158486.347,-7.2048416
1427158486.363,-0.3362198
1427158486.378,7.1973724
1427158486.394,14.507896
1427158486.41,20.983986
1427158486.425,26.413559
1427158486.441,30.977875
1427158486.456,35.06353
1427158486.472,39.158806
1427158486.488,43.7592
1427158486.503,49.29595
1427158486.519,56.00863
1427158486.535,63.74836
1427158486.55,71.78953
1427158486.566,78.82465
1427158486.581,83.24808
1427158486.597,83.62636
1427158486.613,79.22387
1427158486.628,70.35796
1427158486.644,58.31333
1427158486.66,44.92646
1427158486.675,32.000404
1427158486.691,20.769386
1427158486.706,11.673981
1427158486.722,4.5030823
1427158486.738,-1.254219
1427158486.753,-5.986206
1427158486.769,-9.801277
1427158486.785,-12.549423
1427158486.8,-14.117653
1427158486.816,-14.619003
1427158486.831,-14.525841
1427158486.847,-14.452545
1427158486.863,-14.917778
1427158486.878,-16.082909
1427158486.894,-17.715218
1427158486.91,-19.37915
1427158486.925,-20.738724
1427158486.941,-21.744408
1427158486.956,-22.684143
1427158486.972,-23.988808
1427158486.988,-25.976273
1427158487.003,-28.608994
1427158487.019,-31.493256
1427158487.035,-33.928375
1427158487.05,-35.208702
1427158487.066,-34.793076
1427158487.081,-32.491158
1427158487.097,-28.46434
1427158487.113,-23.181465
1427158487.128,-17.245674
1427158487.144,-11.27047
1427158487.16,-5.726883
1427158487.175,-0.85713196
1427158487.191,3.3528976
1427158487.206,7.1692505
1427158487.222,11.017586
1427158487.238,15.449951
1427158487.253,20.980774
1427158487.269,27.893272
1427158487.285,36.026344
1427158487.3,44.569145
1427158487.316,52.131348
1427158487.331,57.005188
1427158487.347,57.710716
1427158487.363,53.52616
1427158487.378,44.82679
1427158487.394,32.97416
1427158487.41,19.903633
1427158487.425,7.416855
1427158487.441,-3.3074875
1427158487.456,-11.914001
1427158487.472,-18.654976
1427158487.488,-23.986572
1427158487.503,-28.13829
1427158487.519,-31.045494
1427158487.535,-32.51348
1427158487.55,-32.528923
1427158487.566,-31.466362
1427158487.581,-30.034729
1427158487.597,-29.003868
1427158487.613,-28.875198
1427158487.628,-29.633118
1427158487.644,-30.806396
1427158487.66,-31.685402
1427158487.675,-31.67543
1427158487.691,-30.526283
1427158487.706,-28.402435
1427158487.722,-25.706894
1427158487.738,-22.894066
1427158487.753,-20.18937
1427158487.769,-17.510544
1427158487.785,-14.507179
1427158487.8,-10.738167
1427158487.816,-5.9180984
1427158487.831,-0.07426453
1427158487.847,6.411209
1427158487.863,12.983826
1427158487.878,19.136642
1427158487.894,24.653664
1427158487.91,29.676193
1427158487.925,34.546097
1427158487.941,39.630173
1427158487.956,45.127327
1427158487.972,51.08101
1427158487.988,57.448196
1427158488.003,64.178604
1427158488.019,71.09088
1427158488.035,77.70178
1427158488.05,83.03851
1427158488.066,85.77264
1427158488.081,84.61294
1427158488.097,78.856705
1427158488.113,68.73768
1427158488.128,55.49621
1427158488.144,40.87538
1427158488.16,26.549515
1427158488.175,13.597984
1427158488.191,2.3544617
1427158488.206,-7.3760605
1427158488.222,-15.880287
1427158488.238,-23.246407
1427158488.253,-29.263794
1427158488.269,-33.659214
1427158488.285,-36.377556
1427158488.3,-37.747597
1427158488.316,-38.386707
1427158488.332,-38.971912
1427158488.347,-39.910034
1427158488.363,-41.209015
1427158488.378,-42.5544
1427158488.394,-43.562317
1427158488.41,-43.98464
1427158488.425,-43.85994
1427158488.441,-43.33895
1427158488.457,-42.574688
1427158488.472,-41.5479
1427158488.488,-40.10223
1427158488.503,-38.047478
1427158488.519,-35.354607
1427158488.535,-32.15932
1427158488.55,-28.719257
1427158488.566,-25.231503
1427158488.582,-21.724117
1427158488.597,-18.033016
1427158488.613,-13.908535
1427158488.628,-9.138557
1427158488.644,-3.7053356
1427158488.66,2.201229
1427158488.675,8.2083435
1427158488.691,13.940298
1427158488.707,19.106838
1427158488.722,23.677647
1427158488.738,27.843283
1427158488.753,31.979597
1427158488.769,36.55153
1427158488.785,41.97999
1427158488.8,48.50859
1427158488.816,56.032814
1427158488.832,63.88395
1427158488.847,70.77957
1427158488.863,75.018875
1427158488.878,74.96196
1427158488.894,69.675476
1427158488.91,59.39937
1427158488.925,45.556335
1427158488.941,30.277943
1427158488.957,15.588613
1427158488.972,2.7329812
1427158488.988,-8.072975
1427158489.003,-17.285776
1427158489.019,-25.499855
1427158489.035,-32.91355
1427158489.05,-39.23359
1427158489.066,-43.96655
1427158489.082,-46.839973
1427158489.097,-48.095467
1427158489.113,-48.415424
1427158489.128,-48.595474
1427158489.144,-49.18472
1427158489.16,-50.217304
1427158489.175,-51.333275
1427158489.191,-52.017303
1427158489.207,-51.96102
1427158489.222,-51.20098
1427158489.238,-50.072945
1427158489.253,-48.96823
1427158489.269,-48.06923
1427158489.285,-47.18569
1427158489.3,-45.86381
1427158489.316,-43.62719
1427158489.332,-40.20695
1427158489.347,-35.69412
1427158489.363,-30.537258
1427158489.378,-25.29558
1427158489.394,-20.454086
1427158489.41,-16.226028
1427158489.425,-12.519498
1427158489.441,-8.977663
1427158489.457,-5.1455555
1427158489.472,-0.63611126
1427158489.488,4.7283325
1427158489.503,10.781568
1427158489.519,17.095707
1427158489.535,23.093678
1427158489.55,28.290104
1427158489.566,32.51864
1427158489.582,35.995056
1427158489.597,39.245834
1427158489.613,42.93023
1427158489.628,47.6424
1427158489.644,53.716072
1427158489.66,61.130424
1427158489.675,69.335434
1427158489.691,77.24494
1427158489.707,83.31272
1427158489.722,85.89816
1427158489.738,83.73639
1427158489.753,76.45793
1427158489.769,64.72398
1427158489.785,50.098213
1427158489.8,34.524666
1427158489.816,19.693787
1427158489.832,6.6454983
1427158489.847,-4.2287025
1427158489.863,-13.025499
1427158489.878,-19.95352
1427158489.894,-25.189095
1427158489.91,-28.826748
1427158489.925,-31.056158
1427158489.941,-32.186016
1427158489.957,-32.67836
1427158489.972,-33.002045
1427158489.988,-33.512577
1427158490.003,-34.37814
1427158490.019,-35.59134
1427158490.035,-37.00161
1427158490.05,-38.446045
1427158490.066,-39.76718
1427158490.082,-40.87323
1427158490.097,-41.690918
1427158490.113,-42.12881
1427158490.128,-42.013435
1427158490.144,-41.13871
1427158490.16,-39.280838
1427158490.175,-36.404987
1427158490.191,-32.644497
1427158490.207,-28.366074
1427158490.222,-23.965302
1427158490.238,-19.7645
1427158490.253,-15.826672
1427158490.269,-11.992847
1427158490.285,-7.9986534
1427158490.3,-3.655857
1427158490.316,1.0394592
1427158490.332,5.8964767
1427158490.347,10.636459
1427158490.363,15.040607
1427158490.378,19.07153
1427158490.394,22.876457
1427158490.41,26.816833
1427158490.425,31.334568
1427158490.441,36.85467
1427158490.457,43.5594
1427158490.472,51.171894
1427158490.488,58.80734
1427158490.503,65.07787
1427158490.519,68.35902
1427158490.535,67.32645
1427158490.55,61.42153
1427158490.566,51.11344
1427158490.582,37.7654
1427158490.597,23.219952
1427158490.613,9.192104
1427158490.628,-3.1360168
1427158490.644,-13.344883
1427158490.66,-21.538578
1427158490.675,-28.071384
1427158490.691,-33.210392
1427158490.707,-37.03543
1427158490.722,-39.537777
1427158490.738,-40.80948
1427158490.753,-41.177326
1427158490.769,-41.152016
1427158490.785,-41.23319
1427158490.8,-41.71139
1427158490.816,-42.527596
1427158490.832,-43.368477
1427158490.847,-43.8806
1427158490.863,-43.907585
1427158490.878,-43.530003
1427158490.894,-43.011154
1427158490.91,-42.555054
1427158490.925,-42.131924
1427158490.941,-41.461494
1427158490.957,-40.104233
1427158490.972,-37.680935
1427158490.988,-34.105347
1427158491.004,-29.582123
1427158491.019,-24.591743
1427158491.035,-19.644024
1427158491.05,-15.093861
1427158491.066,-10.948353
1427158491.082,-6.922821
1427158491.097,-2.5674362
1427158491.113,2.462906
1427158491.129,8.231625
1427158491.144,14.445309
1427158491.16,20.592407
1427158491.175,26.146645
1427158491.191,30.832417
1427158491.207,34.72171
1427158491.222,38.23214
1427158491.238,41.991287
1427158491.254,46.65224
1427158491.269,52.67783
1427158491.285,60.144966
1427158491.3,68.5568
1427158491.316,76.78519
1427158491.332,83.201645
1427158491.347,86.060715
1427158491.363,84.054535
1427158491.379,76.82786
1427158491.394,65.138176
1427158491.41,50.640522
1427158491.425,35.32849
1427158491.441,20.919811
1427158491.457,8.414118
1427158491.472,-1.9101467
1427158491.488,-10.279032
1427158491.504,-17.00395
1427158491.519,-22.280138
1427158491.535,-26.1252
1427158491.55,-28.58918
1427158491.566,-29.883694
1427158491.582,-30.476158
1427158491.597,-30.943924
1427158491.613,-31.765797
1427158491.629,-33.11984
1427158491.644,-34.84103
1427158491.66,-36.510406
1427158491.675,-37.726
1427158491.691,-38.263935
1427158491.707,-38.21404
1427158491.722,-37.87565
1427158491.738,-37.56324
1427158491.754,-37.37279
1427158491.769,-37.125923
1427158491.785,-36.435318
1427158491.8,-34.93169
1427158491.816,-32.43055
1427158491.832,-29.087242
1427158491.847,-25.288456
1427158491.863,-21.52602
1427158491.879,-18.171947
1427158491.894,-15.3813095
1427158491.91,-13.033646
1427158491.925,-10.821861
1427158491.941,-8.36709
1427158491.957,-5.3504086
1427158491.972,-1.6040363
1427158491.988,2.8138123
1427158492.004,7.687908
1427158492.019,12.697735
1427158492.035,17.541416
1427158492.05,22.033535
1427158492.066,26.19384
1427158492.082,30.265173
1427158492.097,34.699806
1427158492.113,40.018456
1427158492.129,46.61499
1427158492.144,54.44695
1427158492.16,62.820263
1427158492.175,70.321976
1427158492.191,75.14326
1427158492.207,75.60321
1427158492.222,70.821724
1427158492.238,61.04291
1427158492.254,47.656334
1427158492.269,32.65253
1427158492.285,17.967648
1427158492.3,4.874153
1427158492.316,-6.1294823
1427158492.332,-15.190868
1427158492.347,-22.629623
1427158492.363,-28.640179
1427158492.379,-33.155003
1427158492.394,-36.014156
1427158492.41,-37.18291
1427158492.425,-36.903408
1427158492.441,-35.66446
1427158492.457,-34.078835
1427158492.472,-32.649998
1427158492.488,-31.67873
1427158492.504,-31.192368
1427158492.519,-31.042103
1427158492.535,-30.984581
1427158492.55,-30.795486
1427158492.566,-30.309223
1427158492.582,-29.463223
1427158492.597,-28.293083
1427158492.613,-26.916386
1427158492.629,-25.451729
1427158492.644,-23.97173
1427158492.66,-22.422222
1427158492.675,-20.639576
1427158492.691,-18.396915
1427158492.707,-15.495789
1427158492.722,-11.816074
1427158492.738,-7.402096
1427158492.754,-2.393673
1427158492.769,2.9578476
1427158492.785,8.377258
1427158492.8,13.597584
1427158492.816,18.428452
1427158492.832,22.786053
1427158492.847,26.771938
1427158492.863,30.665855
1427158492.879,34.940334
1427158492.894,40.069534
1427158492.91,46.318336
1427158492.925,53.439117
1427158492.941,60.52026
1427158492.957,66.05518
1427158492.972,68.34444
1427158492.988,66.05023
1427158493.004,58.706184
1427158493.019,46.949963
1427158493.035,32.344887
1427158493.05,16.833855
1427158493.066,2.1713295
1427158493.082,-10.555775
1427158493.097,-20.937092
1427158493.113,-29.093418
1427158493.129,-35.282387
1427158493.144,-39.72285
1427158493.16,-42.486164
1427158493.175,-43.680176
1427158493.191,-43.54958
1427158493.207,-42.49776
1427158493.222,-41.034187
1427158493.238,-39.62509
1427158493.254,-38.54823
1427158493.269,-37.887505
1427158493.285,-37.59156
1427158493.3,-37.537678
1427158493.316,-37.593216
1427158493.332,-37.647724
1427158493.347,-37.533497
1427158493.363,-37.06251
1427158493.379,-36.010624
1427158493.394,-34.20669
1427158493.41,-31.577206
1427158493.425,-28.207806
1427158493.441,-24.308475
1427158493.457,-20.160309
1427158493.472,-15.965534
1427158493.488,-11.773819
1427158493.504,-7.452141
1427158493.519,-2.7784882
1427158493.535,2.4238853
1427158493.55,8.110527
1427158493.566,14.016811
1427158493.582,19.701546
1427158493.597,24.771408
1427158493.613,29.047718
1427158493.629,32.698624
1427158493.644,36.178547
1427158493.66,40.141544
1427158493.676,45.197323
1427158493.691,51.731293
1427158493.707,59.658337
1427158493.722,68.2493
1427158493.738,76.102585
1427158493.754,81.387085
1427158493.769,82.32862
1427158493.785,77.82239
1427158493.801,67.87657
1427158493.816,53.671467
1427158493.832,37.17775
1427158493.847,20.522087
1427158493.863,5.3071136
1427158493.879,-7.645294
1427158493.894,-18.28439
1427158493.91,-26.940952
1427158493.926,-33.967262
1427158493.941,-39.521057
1427158493.957,-43.58655
1427158493.972,-46.113594
1427158493.988,-47.240547
1427158494.004,-47.330147
1427158494.019,-46.92641
1427158494.035,-46.547962
1427158494.051,-46.528908
1427158494.066,-46.891182
1427158494.082,-47.377552
1427158494.097,-47.657528
1427158494.113,-47.485558
1427158494.129,-46.83702
1427158494.144,-45.92729
1427158494.16,-45.00198
1427158494.176,-44.216255
1427158494.191,-43.479477
1427158494.207,-42.510822
1427158494.222,-40.934982
1427158494.238,-38.488068
1427158494.254,-35.07661
1427158494.269,-30.818197
1427158494.285,-25.990698
1427158494.301,-20.910114
1427158494.316,-15.875505
1427158494.332,-11.098689
1427158494.347,-6.6809254
1427158494.363,-2.5799322
1427158494.379,1.3898373
1427158494.394,5.475745
1427158494.41,9.922711
1427158494.426,14.822601
1427158494.441,20.121521
1427158494.457,25.543583
1427158494.472,30.773485
1427158494.488,35.549488
1427158494.504,39.773438
1427158494.519,43.561188
1427158494.535,47.20164
1427158494.551,51.08139
1427158494.566,55.609013
1427158494.582,61.1593
1427158494.597,67.92536
1427158494.613,75.72105
1427158494.629,83.79797
1427158494.644,90.70156
1427158494.66,94.54944
1427158494.676,93.51779
1427158494.691,86.56453
1427158494.707,73.87995
1427158494.722,56.976215
1427158494.738,38.189224
1427158494.754,19.894365
1427158494.769,3.7990952
1427158494.785,-9.406001
1427158494.801,-19.883085
1427158494.816,-28.164791
1427158494.832,-34.6794
1427158494.847,-39.553986
1427158494.863,-42.731667
1427158494.879,-44.23233
1427158494.894,-44.390274
1427158494.91,-43.837788
1427158494.926,-43.314995
1427158494.941,-43.370895
1427158494.957,-44.181366
1427158494.972,-45.48938
1427158494.988,-46.808968
1427158495.004,-47.642017
1427158495.019,-47.7415
1427158495.035,-47.174583
1427158495.051,-46.27134
1427158495.066,-45.379105
1427158495.082,-44.640728
1427158495.097,-43.86654
1427158495.113,-42.5946
1427158495.129,-40.287632
1427158495.144,-36.639507
1427158495.16,-31.718582
1427158495.176,-26.019917
1427158495.191,-20.247213
1427158495.207,-15.046509
1427158495.222,-10.719172
1427158495.238,-7.160489
1427158495.254,-3.8715534
1427158495.269,-0.2559433
1427158495.285,4.1338654
1427158495.301,9.39229
1427158495.316,15.226475
1427158495.332,21.09656
1427158495.347,26.471073
1427158495.363,31.041111
1427158495.379,34.84237
1427158495.394,38.18718
1427158495.41,41.578674
1427158495.426,45.542217
1427158495.441,50.496197
1427158495.457,56.7019
1427158495.472,64.072334
1427158495.488,72.038345
1427158495.504,79.436264
1427158495.519,84.6088
1427158495.535,85.82035
1427158495.551,81.83845
1427158495.566,72.466225
1427158495.582,58.69473
1427158495.597,42.441597
1427158495.613,25.862444
1427158495.629,10.726046
1427158495.644,-2.0348835
1427158495.66,-12.254396
1427158495.676,-20.221735
1427158495.691,-26.298193
1427158495.707,-30.681028
1427158495.722,-33.443573
1427158495.738,-34.688522
1427158495.754,-34.69169
1427158495.769,-33.94728
1427158495.785,-33.021885
1427158495.801,-32.40978
1427158495.816,-32.398945
1427158495.832,-33.00634
1427158495.847,-34.043854
1427158495.863,-35.21614
1427158495.879,-36.209515
1427158495.894,-36.81806
1427158495.91,-36.92234
1427158495.926,-36.50228
1427158495.941,-35.57047
1427158495.957,-34.117165
1427158495.972,-32.12239
1427158495.988,-29.603573
1427158496.004,-26.610893
1427158496.019,-23.256456
1427158496.035,-19.606335
1427158496.051,-15.683184
1427158496.066,-11.3902645
1427158496.082,-6.629244
1427158496.097,-1.3332653
1427158496.113,4.416891
1427158496.129,10.421141
1427158496.144,16.388462
1427158496.16,22.066889
1427158496.176,27.299038
1427158496.191,32.10383
1427158496.207,36.69317
1427158496.222,41.478264
1427158496.238,46.98228
1427158496.254,53.627247
1427158496.269,61.403217
1427158496.285,69.598495
1427158496.301,76.72699
1427158496.316,80.864426
1427158496.332,80.271385
1427158496.348,74.1012
1427158496.363,62.754124
1427158496.379,47.81807
1427158496.394,31.438923
1427158496.41,15.636053
1427158496.426,1.7094867
1427158496.441,-9.90387
1427158496.457,-19.37548
1427158496.472,-27.059254
1427158496.488,-33.192585
1427158496.504,-37.80027
1427158496.519,-40.865696
1427158496.535,-42.501907
1427158496.551,-43.06057
1427158496.566,-42.985153
1427158496.582,-42.717163
1427158496.598,-42.497177
1427158496.613,-42.380505
1427158496.629,-42.315933
1427158496.644,-42.26659
1427158496.66,-42.278717
1427158496.676,-42.42212
1427158496.691,-42.6692
1427158496.707,-42.83871
1427158496.723,-42.589886
1427158496.738,-41.56988
1427158496.754,-39.528664
1427158496.769,-36.455383
1427158496.785,-32.54531
1427158496.801,-28.112959
1427158496.816,-23.442896
1427158496.832,-18.710878
1427158496.848,-13.927937
1427158496.863,-9.00555
1427158496.879,-3.798811
1427158496.894,1.7762213
1427158496.91,7.688821
1427158496.926,13.788237
1427158496.941,19.802544
1427158496.957,25.45695
1427158496.973,30.544666
1427158496.988,35.03305
1427158497.004,39.12026
1427158497.019,43.21688
1427158497.035,47.90769
1427158497.051,53.746586
1427158497.066,61.052616
1427158497.082,69.547935
1427158497.098,78.172806
1427158497.113,85.13384
1427158497.129,88.34686
1427158497.144,86.14107
1427158497.16,77.933975
1427158497.176,64.50394
1427158497.191,47.77011
1427158497.207,30.060932
1427158497.223,13.328867
1427158497.238,-1.3431244
1427158497.254,-13.7562275
1427158497.269,-24.195646
1427158497.285,-32.955482
1427158497.301,-40.073273
1427158497.316,-45.356636
1427158497.332,-48.692505
1427158497.348,-50.258007
1427158497.363,-50.5729
1427158497.379,-50.305244
1427158497.394,-50.01809
1427158497.41,-49.951874
1427158497.426,-50.045097
1427158497.441,-50.075676
1427158497.457,-49.81366
1427158497.473,-49.191788
1427158497.488,-48.308197
1427158497.504,-47.35765
1427158497.519,-46.517586
1427158497.535,-45.806267
1427158497.551,-45.047806
1427158497.566,-43.878075
1427158497.582,-41.90531
1427158497.598,-38.82157
1427158497.613,-34.576294
1427158497.629,-29.43452
1427158497.644,-23.923056
1427158497.66,-18.619743
1427158497.676,-13.96468
1427158497.691,-10.022812
1427158497.707,-6.465664
1427158497.723,-2.7161999
1427158497.738,1.7968788
1427158497.754,7.3201733
1427158497.769,13.673878
1427158497.785,20.306177
1427158497.801,26.54147
1427158497.816,31.913399
1427158497.832,36.328026
1427158497.848,40.103104
1427158497.863,43.795513
1427158497.879,48.031876
1427158497.894,53.30513
1427158497.91,59.88903
1427158497.926,67.685776
1427158497.941,76.11011
1427158497.957,83.94868
1427158497.973,89.515686
1427158497.988,90.98717
1427158498.004,87.03561
1427158498.019,77.361534
1427158498.035,62.908943
1427158498.051,45.625973
1427158498.066,27.802948
1427158498.082,11.366379
1427158498.098,-2.5976963
1427158498.113,-13.870949
1427158498.129,-22.798212
1427158498.144,-29.864182
1427158498.16,-35.359993
1427158498.176,-39.338905
1427158498.191,-41.75396
1427158498.207,-42.67767
1427158498.223,-42.44478
1427158498.238,-41.635193
1427158498.254,-40.882416
1427158498.269,-40.66269
1427158498.285,-41.128532
1427158498.301,-42.0662
1427158498.316,-43.048134
1427158498.332,-43.654564
1427158498.348,-43.629234
1427158498.363,-42.940086
1427158498.379,-41.647404
1427158498.394,-39.82431
1427158498.41,-37.470325
1427158498.426,-34.567513
1427158498.441,-31.128332
1427158498.457,-27.290388
1427158498.473,-23.232716
1427158498.488,-19.08617
1427158498.504,-14.851986
1427158498.519,-10.387356
1427158498.535,-5.5073624
1427158498.551,-0.14362144
1427158498.566,5.607828
1427158498.582,11.471905
1427158498.598,17.11628
1427158498.613,22.270725
1427158498.629,26.860779
1427158498.644,31.031494
1427158498.66,35.145584
1427158498.676,39.676804
1427158498.691,45.112263
1427158498.707,51.735386
1427158498.723,59.398003
1427158498.738,67.28633
1427158498.754,73.98646
1427158498.769,77.68766
1427158498.785,76.74893
1427158498.801,70.2886
1427158498.816,58.6074
1427158498.832,43.166126
1427158498.848,26.149818
1427158498.863,9.744614
1427158498.879,-4.4762077
1427158498.894,-15.873596
1427158498.91,-24.590088
1427158498.926,-31.183685
1427158498.941,-36.11881
1427158498.957,-39.649963
1427158498.973,-41.817924
1427158498.988,-42.71207
1427158499.004,-42.599724
1427158499.019,-41.984646
1427158499.035,-41.387253
1427158499.051,-41.189377
1427158499.066,-41.482086
1427158499.082,-42.11001
1427158499.098,-42.787758
1427158499.113,-43.301567
1427158499.129,-43.533085
1427158499.144,-43.480534
1427158499.16,-43.125664
1427158499.176,-42.399815
1427158499.191,-41.141037
1427158499.207,-39.182133
1427158499.223,-36.409016
1427158499.238,-32.85888
1427158499.254,-28.681206
1427158499.27,-24.102577
1427158499.285,-19.292377
1427158499.301,-14.299644
1427158499.316,-9.0518
1427158499.332,-3.420063
1427158499.348,2.6590042
1427158499.363,9.075348
1427158499.379,15.578503
1427158499.395,21.808365
1427158499.41,27.475483
1427158499.426,32.473003
1427158499.441,36.951958
1427158499.457,41.296867
1427158499.473,46.07839
1427158499.488,51.852654
1427158499.504,58.966248
1427158499.52,67.233734
1427158499.535,75.7281
1427158499.551,82.80316
1427158499.566,86.461555
1427158499.582,84.96815
1427158499.598,77.571075
1427158499.613,64.82703
1427158499.629,48.483673
1427158499.645,30.859447
1427158499.66,14.064827
1427158499.676,-0.58190536
1427158499.691,-12.694183
1427158499.707,-22.54982
1427158499.723,-30.603989
1427158499.738,-37.12326
1427158499.754,-42.090137
1427158499.77,-45.387547
1427158499.785,-47.056526
1427158499.801,-47.477802
1427158499.816,-47.333794
1427158499.832,-47.364784
1427158499.848,-48.059814
1427158499.863,-49.458553
1427158499.879,-51.152153
1427158499.895,-52.55716
1427158499.91,-53.195297
1427158499.926,-52.97702
1427158499.941,-52.165
1427158499.957,-51.195267
1427158499.973,-50.329765
1427158499.988,-49.522034
1427158500.004,-48.383892
1427158500.02,-46.40744
1427158500.035,-43.21999
1427158500.051,-38.756874
1427158500.066,-33.261795
1427158500.082,-27.176676
1427158500.098,-20.964409
1427158500.113,-14.976507
1427158500.129,-9.38014
1427158500.145,-4.1505394
1427158500.16,0.92313194
1427158500.176,6.119852
1427158500.191,11.687828
1427158500.207,17.721714
1427158500.223,24.066832
1427158500.238,30.35299
1427158500.254,36.15586
1427158500.27,41.17211
1427158500.285,45.372726
1427158500.301,49.022873
1427158500.316,52.625164
1427158500.332,56.741497
1427158500.348,61.885128
1427158500.363,68.34897
1427158500.379,76.04212
1427158500.395,84.29702
1427158500.41,91.844406
1427158500.426,96.9493
1427158500.441,97.862785
1427158500.457,93.37774
1427158500.473,83.32691
1427158500.488,68.71207
1427158500.504,51.384323
1427158500.52,33.46197
1427158500.535,16.664854
1427158500.551,1.9746118
1427158500.566,-10.361881
1427158500.582,-20.50596
1427158500.598,-28.693684
1427158500.613,-35.02929
1427158500.629,-39.51721
1427158500.645,-42.24653
1427158500.66,-43.513668
1427158500.676,-43.88027
1427158500.691,-43.938473
1427158500.707,-44.179474
1427158500.723,-44.78631
1427158500.738,-45.647083
1427158500.754,-46.466534
1427158500.77,-46.97268
1427158500.785,-47.063553
1427158500.801,-46.81198
1427158500.816,-46.3251
1427158500.832,-45.62967
1427158500.848,-44.597588
1427158500.863,-42.971764
1427158500.879,-40.518044
1427158500.895,-37.181767
1427158500.91,-33.12004
1427158500.926,-28.68151
1427158500.941,-24.226265
1427158500.957,-19.979633
1427158500.973,-15.921376
1427158500.988,-11.840422
1427158501.004,-7.3790007
1427158501.02,-2.2831116
1427158501.035,3.5152683
1427158501.051,9.79662
1427158501.066,16.152029
1427158501.082,22.115356
1427158501.098,27.352879
1427158501.113,31.781641
1427158501.129,35.622234
1427158501.145,39.363914
1427158501.16,43.65267
1427158501.176,49.078407
1427158501.191,55.93264
1427158501.207,63.90029
1427158501.223,71.84936
1427158501.238,77.9859
1427158501.254,80.28833
1427158501.27,77.27358
1427158501.285,68.63547
1427158501.301,55.408016
1427158501.316,39.673683
1427158501.332,23.733334
1427158501.348,9.380226
1427158501.363,-2.6032448
1427158501.379,-12.259823
1427158501.395,-20.071632
1427158501.41,-26.439575
1427158501.426,-31.442566
1427158501.441,-34.940582
1427158501.457,-36.83108
1427158501.473,-37.292336
1427158501.488,-36.824154
1427158501.504,-36.085037
1427158501.52,-35.6587
1427158501.535,-35.83795
1427158501.551,-36.61063
1427158501.566,-37.628136
1427158501.582,-38.490673
1427158501.598,-38.810104
1427158501.613,-38.438766
1427158501.629,-37.441376
1427158501.645,-36.072445
1427158501.66,-34.570675
1427158501.676,-33.05172
1427158501.691,-31.405937
1427158501.707,-29.34499
1427158501.723,-26.491335
1427158501.738,-22.552202
1427158501.754,-17.45877
1427158501.77,-11.446579
1427158501.785,-4.996643
1427158501.801,1.2875557
1427158501.816,6.926321
1427158501.832,11.709602
1427158501.848,15.817951
1427158501.863,19.679543
1427158501.879,23.855927
1427158501.895,28.81764
1427158501.91,34.857697
1427158501.926,42.024178
1427158501.942,50.051178
1427158501.957,58.31044
1427158501.973,65.71106
1427158501.988,70.80087
1427158502.004,72.097916
1427158502.02,68.54997
1427158502.035,60.03332
1427158502.051,47.480156
1427158502.067,32.653038
1427158502.082,17.518967
1427158502.098,3.6607857
1427158502.113,-8.108948
1427158502.129,-17.67015
1427158502.145,-25.315342
1427158502.16,-31.361372
1427158502.176,-35.978256
1427158502.192,-39.213615
1427158502.207,-41.152668
1427158502.223,-42.012848
1427158502.238,-42.167297
1427158502.254,-41.98697
1427158502.27,-41.751945
1427158502.285,-41.575478
1427158502.301,-41.44713
1427158502.317,-41.274162
1427158502.332,-40.980236
1427158502.348,-40.53402
1427158502.363,-39.940548
1427158502.379,-39.204758
1427158502.395,-38.27646
1427158502.41,-37.041866
1427158502.426,-35.36918
1427158502.442,-33.140324
1427158502.457,-30.3186
1427158502.473,-26.960543
1427158502.488,-23.19304
1427158502.504,-19.076221
1427158502.52,-14.601558
1427158502.535,-9.670582
1427158502.551,-4.20455
1427158502.567,1.7750206
1427158502.582,8.090018
1427158502.598,14.4106655
1427158502.613,20.378525
1427158502.629,25.723106
1427158502.645,30.373016
1427158502.66,34.49348
1427158502.676,38.467373
1427158502.692,42.834435
1427158502.707,48.140217
1427158502.723,54.7535
1427158502.738,62.585495
1427158502.754,70.92206
1427158502.77,78.39222
1427158502.785,83.21933
1427158502.801,83.747116
1427158502.817,79.00219
1427158502.832,69.08766
1427158502.848,55.229523
1427158502.863,39.352417
1427158502.879,23.480957
1427158502.895,9.0949745
1427158502.91,-3.119952
1427158502.926,-13.257061
1427158502.942,-21.732037
1427158502.957,-28.937866
1427158502.973,-34.96418
1427158502.988,-39.68284
1427158503.004,-42.91648
1427158503.02,-44.72895
1427158503.035,-45.45527
1427158503.051,-45.635525
1427158503.067,-45.775677
1427158503.082,-46.1623
1427158503.098,-46.79788
1427158503.113,-47.442284
1427158503.129,-47.80315
1427158503.145,-47.693336
1427158503.16,-47.118256
1427158503.176,-46.249596
1427158503.192,-45.294525
1427158503.207,-44.359505
1427158503.223,-43.365936
1427158503.238,-42.059563
1427158503.254,-40.07824
1427158503.27,-37.14716
1427158503.285,-33.175217
1427158503.301,-28.341564
1427158503.317,-23.04868
1427158503.332,-17.78339
1427158503.348,-12.936432
1427158503.363,-8.688335
1427158503.379,-4.922142
1427158503.395,-1.2955322
1427158503.41,2.6152306
1427158503.426,7.1145134
1427158503.442,12.29818
1427158503.457,17.956434
1427158503.473,23.691027
1427158503.488,29.05364
1427158503.504,33.724
1427158503.52,37.63069
1427158503.535,40.954277
1427158503.551,44.084885
1427158503.567,47.499756
1427158503.582,51.698612
1427158503.598,57.08268
1427158503.613,63.837425
1427158503.629,71.77721
1427158503.645,80.108475
1427158503.66,87.41416
1427158503.676,91.84784
1427158503.692,91.72014
1427158503.707,86.072716
1427158503.723,75.15564
1427158503.738,60.3885
1427158503.754,43.889828
1427158503.77,27.699818
1427158503.785,13.179131
1427158503.801,0.7927151
1427158503.817,-9.626717
1427158503.832,-18.46243
1427158503.848,-25.891354
1427158503.863,-31.808472
1427158503.879,-36.00483
1427158503.895,-38.429634
1427158503.91,-39.363487
1427158503.926,-39.407475
1427158503.942,-39.240204
1427158503.957,-39.406357
1427158503.973,-40.099327
1427158503.988,-41.132347
1427158504.004,-42.082752
1427158504.02,-42.531464
1427158504.035,-42.28978
1427158504.051,-41.497326
1427158504.067,-40.536423
1427158504.082,-39.751167
1427158504.098,-39.201744
1427158504.113,-38.562843
1427158504.129,-37.256847
1427158504.145,-34.779526
1427158504.16,-30.998955
1427158504.176,-26.271736
1427158504.192,-21.273819
1427158504.207,-16.654705
1427158504.223,-12.753313
1427158504.238,-9.436747
1427158504.254,-6.2319756
1427158504.27,-2.5944538
1427158504.285,1.8118763
1427158504.301,6.924305
1427158504.317,12.345673
1427158504.332,17.48042
1427158504.348,21.87107
1427158504.363,25.342125
1427158504.379,28.123024
1427158504.395,30.721909
1427158504.41,33.794243
1427158504.426,37.881924
1427158504.442,43.325756
1427158504.457,50.129253
1427158504.473,57.865166
1427158504.488,65.61394
1427158504.504,71.985756
1427158504.52,75.32588
1427158504.535,74.19188
1427158504.551,67.87771
1427158504.567,56.78818
1427158504.582,42.386253
1427158504.598,26.740274
1427158504.614,11.753731
1427158504.629,-1.3432617
1427158504.645,-12.238834
1427158504.66,-21.185785
1427158504.676,-28.599283
1427158504.692,-34.620674
1427158504.707,-39.13288
1427158504.723,-41.960205
1427158504.739,-43.179043
1427158504.754,-43.222607
1427158504.77,-42.78655
1427158504.785,-42.49463
1427158504.801,-42.6858
1427158504.817,-43.300655
1427158504.832,-44.015488
1427158504.848,-44.42861
1427158504.864,-44.338997
1427158504.879,-43.79329
1427158504.895,-43.068245
1427158504.91,-42.44155
1427158504.926,-41.994606
1427158504.942,-41.47166
1427158504.957,-40.368256
1427158504.973,-38.148872
1427158504.989,-34.55909
1427158505.004,-29.768303
1427158505.02,-24.362059
1427158505.035,-19.05556
1427158505.051,-14.371132
1427158505.067,-10.38846
1427158505.082,-6.710253
1427158505.098,-2.704937
1427158505.114,2.1607132
1427158505.129,8.060028
1427158505.145,14.688232
1427158505.16,21.431969
1427158505.176,27.580605
1427158505.192,32.676403
1427158505.207,36.659874
1427158505.223,39.886086
1427158505.239,42.992085
1427158505.254,46.699474
1427158505.27,51.595196
1427158505.285,57.95033
1427158505.301,65.54426
1427158505.317,73.55675
1427158505.332,80.57032
1427158505.348,84.84393
1427158505.364,84.74864
1427158505.379,79.383026
1427158505.395,68.90485
1427158505.41,54.595814
1427158505.426,38.41212
1427158505.442,22.358112
1427158505.457,7.8594055
1427158505.473,-4.4690704
1427158505.489,-14.721012
1427158505.504,-23.273228
1427158505.52,-30.420254
1427158505.535,-36.205624
1427158505.551,-40.49436
1427158505.567,-43.19776
1427158505.582,-44.449398
1427158505.598,-44.65248
1427158505.614,-44.379498
1427158505.629,-44.156273
1427158505.645,-44.319336
1427158505.66,-44.86596
1427158505.676,-45.570263
1427158505.692,-46.051125
1427158505.707,-46.062523
1427158505.723,-45.552807
1427158505.739,-44.7213
1427158505.754,-43.839798
1427158505.77,-43.07215
1427158505.785,-42.320858
1427158505.801,-41.21714
1427158505.817,-39.300053
1427158505.832,-36.221523
1427158505.848,-31.90625
1427158505.864,-26.652428
1427158505.879,-21.003162
1427158505.895,-15.565056
1427158505.91,-10.761074
1427158505.926,-6.7072945
1427158505.942,-3.1318436
1427158505.957,0.4384346
1427158505.973,4.527092
1427158505.989,9.414852
1427158506.004,15.029621
1427158506.02,20.954113
1427158506.035,26.610962
1427158506.051,31.513721
1427158506.067,35.472565
1427158506.082,38.674004
1427158506.098,41.554005
1427158506.114,44.638763
1427158506.129,48.40994
1427158506.145,53.23029
1427158506.16,59.319794
1427158506.176,66.648476
1427158506.192,74.786255
1427158506.207,82.67072
1427158506.223,88.6987
1427158506.239,90.99463
1427158506.254,88.071915
1427158506.27,79.44378
1427158506.285,65.92087
1427158506.301,49.385883
1427158506.317,32.11021
1427158506.332,16.011105
1427158506.348,2.1110916
1427158506.364,-9.445354
1427158506.379,-19.029713
1427158506.395,-27.027325
1427158506.41,-33.526325
1427158506.426,-38.376602
1427158506.442,-41.42699
1427158506.457,-42.833767
1427158506.473,-43.099094
1427158506.489,-42.946983
1427158506.504,-42.98883
1427158506.52,-43.53453
1427158506.535,-44.452503
1427158506.551,-45.352325
1427158506.567,-45.81376
1427158506.582,-45.642666
1427158506.598,-44.96905
1427158506.614,-44.13395
1427158506.629,-43.472717
1427158506.645,-43.07496
1427158506.66,-42.697433
1427158506.676,-41.89816
1427158506.692,-40.21389
1427158506.707,-37.422874
1427158506.723,-33.59707
1427158506.739,-29.06755
1427158506.754,-24.257458
1427158506.77,-19.573069
1427158506.785,-15.24379
1427158506.801,-11.338732
1427158506.817,-7.7254047
1427158506.832,-4.1449013
1427158506.848,-0.24712372
1427158506.864,4.23555
1427158506.879,9.418465
1427158506.895,15.136896
1427158506.91,21.021294
1427158506.926,26.58749
1427158506.942,31.46111
1427158506.957,35.495636
1427158506.973,38.86815
1427158506.989,42.01774
1427158507.004,45.56751
1427158507.02,50.148903
1427158507.035,56.208786
1427158507.051,63.72717
1427158507.067,72.07381
1427158507.082,79.89757
1427158507.098,85.38278
1427158507.114,86.7455
1427158507.129,82.82668
1427158507.145,73.52368
1427158507.16,59.897644
1427158507.176,43.78731
1427158507.192,27.22045
1427158507.207,11.803131
1427158507.223,-1.58634
1427158507.239,-12.770603
1427158507.254,-21.94024
1427158507.27,-29.332064
1427158507.286,-35.016903
1427158507.301,-38.946445
1427158507.317,-41.12912
1427158507.332,-41.81194
1427158507.348,-41.471714
1427158507.364,-40.74499
1427158507.379,-40.162
1427158507.395,-40.054028
1427158507.41,-40.426804
1427158507.426,-41.12458
1427158507.442,-41.908234
1427158507.457,-42.60362
1427158507.473,-43.1237
1427158507.489,-43.421467
1427158507.504,-43.410355
1427158507.52,-42.9243
1427158507.536,-41.760586
1427158507.551,-39.746838
1427158507.567,-36.836708
1427158507.582,-33.134064
1427158507.598,-28.87327
1427158507.614,-24.321106
1427158507.629,-19.652287
1427158507.645,-14.910244
1427158507.661,-9.94865
1427158507.676,-4.5805035
1427158507.692,1.3458886
1427158507.707,7.7587237
1427158507.723,14.399923
1427158507.739,20.855558
1427158507.754,26.75929
1427158507.77,31.945227
1427158507.786,36.539444
1427158507.801,40.935093
1427158507.817,45.68637
1427158507.832,51.31629
1427158507.848,58.111908
1427158507.864,65.86299
1427158507.879,73.68311
1427158507.895,80.0346
1427158507.911,83.095245
1427158507.926,81.30047
1427158507.942,73.974976
1427158507.957,61.67697
1427158507.973,46.059708
1427158507.989,29.25408
1427158508.004,13.17535
1427158508.02,-1.030469
1427158508.036,-13.054464
1427158508.051,-23.1245
1427158508.067,-31.528938
1427158508.082,-38.354218
1427158508.098,-43.461246
1427158508.114,-46.753143
1427158508.129,-48.345005
1427158508.145,-48.66518
1427158508.161,-48.3015
1427158508.176,-47.79821
1427158508.192,-47.449375
1427158508.207,-47.297215
1427158508.223,-47.19951
1427158508.239,-46.980476
1427158508.254,-46.578606
1427158508.27,-46.07822
1427158508.286,-45.619396
1427158508.301,-45.283966
1427158508.317,-44.977196
1427158508.332,-44.389122
1427158508.348,-43.08331
1427158508.364,-40.71006
1427158508.379,-37.119675
1427158508.395,-32.48201
1427158508.411,-27.194279
1427158508.426,-21.709057
1427158508.442,-16.349808
1427158508.457,-11.188093
1427158508.473,-6.0622272
1427158508.489,-0.72293663
1427158508.504,5.0119534
1427158508.52,11.115044
1427158508.536,17.346258
1427158508.551,23.338617
1427158508.567,28.776237
1427158508.582,33.555607
1427158508.598,37.858513
1427158508.614,42.08622
1427158508.629,46.80745
1427158508.645,52.533646
1427158508.661,59.58023
1427158508.676,67.80792
1427158508.692,76.48353
1427158508.707,84.225044
1427158508.723,89.246994
1427158508.739,89.81995
1427158508.754,84.850815
1427158508.77,74.35926
1427158508.786,59.55139
1427158508.801,42.44889
1427158508.817,25.227701
1427158508.832,9.53031
1427158508.848,-3.8420792
1427158508.864,-14.885836
1427158508.879,-23.963575
1427158508.895,-31.415173
1427158508.911,-37.29071
1427158508.926,-41.471893
1427158508.942,-43.904907
1427158508.957,-44.83426
1427158508.973,-44.831093
1427158508.989,-44.60355
1427158509.004,-44.713776
1427158509.02,-45.33813
1427158509.036,-46.255478
1427158509.051,-47.011677
1427158509.067,-47.206783
1427158509.082,-46.775215
1427158509.098,-45.93854
1427158509.114,-45.13205
1427158509.129,-44.63268
1427158509.145,-44.395298
1427158509.161,-43.995434
1427158509.176,-42.832817
1427158509.192,-40.407124
1427158509.207,-36.59144
1427158509.223,-31.70723
1427158509.239,-26.392128
1427158509.254,-21.30833
1427158509.27,-16.882565
1427158509.286,-13.109089
1427158509.301,-9.589214
1427158509.317,-5.723625
1427158509.332,-1.0254288
1427158509.348,4.673313
1427158509.364,11.098412
1427158509.379,17.684437
1427158509.395,23.76464
1427158509.411,28.908012
1427158509.426,33.0512
1427158509.442,36.557903
1427158509.457,40.027813
1427158509.473,44.143497
1427158509.489,49.451096
1427158509.504,56.211414
1427158509.52,64.25488
1427158509.536,72.85624
1427158509.551,80.689316
1427158509.567,86.00455
1427158509.582,87.0224
1427158509.598,82.56035
1427158509.614,72.50163
1427158509.629,57.977066
1427158509.645,41.038864
1427158509.661,23.98972
1427158509.676,8.642918
1427158509.692,-4.0987816
1427158509.707,-14.234318
1427158509.723,-22.24405
1427158509.739,-28.614994
1427158509.754,-33.56191
1427158509.77,-37.03988
1427158509.786,-38.968117
1427158509.801,-39.50193
1427158509.817,-39.07573
1427158509.832,-38.277435
1427158509.848,-37.652485
1427158509.864,-37.49483
1427158509.879,-37.807247
1427158509.895,-38.36493
1427158509.911,-38.863834
1427158509.926,-39.094578
1427158509.942,-38.93488
1427158509.957,-38.411663
1427158509.973,-37.592205
1427158509.989,-36.514503
1427158510.004,-35.126568
1427158510.02,-33.31256
1427158510.036,-30.916908
1427158510.051,-27.84631
1427158510.067,-24.097511
1427158510.082,-19.73655
1427158510.098,-14.890503
1427158510.114,-9.674648
1427158510.129,-4.1831245
1427158510.145,1.465435
1427158510.161,7.1343
1427158510.176,12.635712
1427158510.192,17.825672
1427158510.208,22.64466
1427158510.223,27.188946
1427158510.239,31.704575
1427158510.254,36.53971
1427158510.27,42.068024
1427158510.286,48.569073
1427158510.301,55.96991
1427158510.317,63.674862
1427158510.333,70.471985
1427158510.348,74.70252
1427158510.364,74.71077
1427158510.379,69.48453
1427158510.395,59.10527
1427158510.411,44.833572
1427158510.426,28.682053
1427158510.442,12.741756
1427158510.458,-1.4904289
1427158510.473,-13.364948
1427158510.489,-22.979607
1427158510.504,-30.696514
1427158510.52,-36.799152
1427158510.536,-41.30571
1427158510.551,-44.131615
1427158510.567,-45.289932
1427158510.583,-45.119865
1427158510.598,-44.223698
1427158510.614,-43.26314
1427158510.629,-42.71722
1427158510.645,-42.735176
1427158510.661,-43.12665
1427158510.676,-43.57048
1427158510.692,-43.78381
1427158510.708,-43.627735
1427158510.723,-43.077915
1427158510.739,-42.15194
1427158510.754,-40.77386
1427158510.77,-38.84903
1427158510.786,-36.267662
1427158510.801,-33.031933
1427158510.817,-29.254532
1427158510.833,-25.091732
1427158510.848,-20.629799
1427158510.864,-15.853489
1427158510.879,-10.67207
1427158510.895,-5.054035
1427158510.911,0.8913765
1427158510.926,6.9040947
1427158510.942,12.692696
1427158510.958,18.030739
1427158510.973,22.87952
1427158510.989,27.345734
1427158511.004,31.685066
1427158511.02,36.19886
1427158511.036,41.25159
1427158511.051,47.17969
1427158511.067,54.218853
1427158511.083,62.20097
1427158511.098,70.387314
1427158511.114,77.370834
1427158511.129,81.38855
1427158511.145,80.8499
1427158511.161,74.97472
1427158511.176,64.11238
1427158511.192,49.682713
1427158511.208,33.63272
1427158511.223,17.816235
1427158511.239,3.4656296
1427158511.254,-8.910416
1427158511.27,-19.350346
1427158511.286,-28.086193
1427158511.301,-35.276897
1427158511.317,-40.937523
1427158511.333,-45.03239
1427158511.348,-47.60297
1427158511.364,-48.853
1427158511.379,-49.140556
1427158511.395,-48.912266
1427158511.411,-48.582516
1427158511.426,-48.445885
1427158511.442,-48.583225
1427158511.458,-48.889015
1427158511.473,-49.12633
1427158511.489,-49.0915
1427158511.504,-48.682327
1427158511.52,-47.9565
1427158511.536,-47.020233
1427158511.551,-45.93126
1427158511.567,-44.603306
1427158511.583,-42.841003
1427158511.598,-40.447956
1427158511.614,-37.34417
1427158511.629,-33.605858
1427158511.645,-29.435951
1427158511.661,-25.046463
1427158511.676,-20.581985
1427158511.692,-16.11315
1427158511.708,-11.67375
1427158511.723,-7.2989044
1427158511.739,-3.015789
1427158511.754,1.2094193
1427158511.77,5.5022717
1427158511.786,10.055092
1427158511.801,15.020439
1427158511.817,20.386288
1427158511.833,25.943237
1427158511.848,31.326235
1427158511.864,36.173634
1427158511.879,40.321663
1427158511.895,43.871563
1427158511.911,47.177116
1427158511.926,50.75288
1427158511.942,55.129467
1427158511.958,60.74096
1427158511.973,67.75066
1427158511.989,75.841286
1427158512.004,84.06302
1427158512.02,90.85
1427158512.036,94.33735
1427158512.051,92.92442
1427158512.067,85.89515
1427158512.083,73.72345
1427158512.098,57.977547
1427158512.114,40.764584
1427158512.129,24.017366
1427158512.145,8.971532
1427158512.161,-3.9541788
1427158512.176,-14.902521
1427158512.192,-24.147865
1427158512.208,-31.798113
1427158512.223,-37.75446
1427158512.239,-41.88093
1427158512.254,-44.21888
1427158512.27,-45.12792
1427158512.286,-45.212997
1427158512.301,-45.111164
1427158512.317,-45.281036
1427158512.333,-45.846634
1427158512.348,-46.62093
1427158512.364,-47.25441
1427158512.379,-47.432297
1427158512.395,-47.037254
1427158512.411,-46.16767
1427158512.426,-45.032936
1427158512.442,-43.80939
1427158512.458,-42.544125
